0.0020822
0.0062488
0.010416
0.014582
0.018749
0.022916
0.027082
0.031249
0.035416
0.039582
0.043749
0.047916
0.052082
0.056249
0.060416
0.064582
0.068749
0.072916
0.077082
0.081249
0.085416
0.089582
0.093749
0.097916
0.10208
0.10625
0.11042
0.11458
0.11875
0.12292
0.12708
0.13125
0.13542
0.13958
0.14375
0.14792
0.15208
0.15625
0.16042
0.16458
0.16875
0.17292
0.17708
0.18125
0.18542
0.18958
0.19375
0.19792
0.20208
0.20625
0.21042
0.21458
0.21875
0.22292
0.22708
0.23125
0.23542
0.23958
0.24375
0.24792
0.25208
0.25625
0.26042
0.26458
0.26875
0.27292
0.27708
0.28125
0.28542
0.28958
0.29375
0.29792
0.30208
0.30625
0.31042
0.31458
0.31875
0.32292
0.32708
0.33125
0.33542
0.33958
0.34375
0.34792
0.35208
0.35625
0.36042
0.36458
0.36875
0.37292
0.37708
0.38125
0.38542
0.38958
0.39375
0.39792
0.40208
0.40625
0.41042
0.41458
0.41875
0.42292
0.42708
0.43125
0.43542
0.43958
0.44375
0.44792
0.45208
0.45625
0.46042
0.46458
0.46875
0.47292
0.47708
0.48125
0.48542
0.48958
0.49375
0.49792
0.50208
0.50625
0.51042
0.51458
0.51875
0.52292
0.52708
0.53125
0.53542
0.53958
0.54375
0.54792
0.55208
0.55625
0.56042
0.56458
0.56875
0.57292
0.57708
0.58125
0.58542
0.58958
0.59375
0.59792
0.60208
0.60625
0.61042
0.61458
0.61875
0.62292
0.62708
0.63125
0.63542
0.63958
0.64375
0.64792
0.65208
0.65625
0.66042
0.66458
0.66875
0.67292
0.67708
0.68125
0.68542
0.68958
0.69375
0.69792
0.70208
0.70625
0.71042
0.71458
0.71875
0.72292
0.72708
0.73125
0.73542
0.73958
0.74375
0.74792
0.75208
0.75625
0.76042
0.76458
0.76875
0.77292
0.77708
0.78125
0.78542
0.78958
0.79375
0.79792
0.80208
0.80625
0.81042
0.81458
0.81875
0.82292
0.82708
0.83125
0.83542
0.83958
0.84375
0.84792
0.85208
0.85625
0.86042
0.86458
0.86875
0.87292
0.87708
0.88125
0.88542
0.88958
0.89375
0.89792
0.90208
0.90625
0.91042
0.91458
0.91875
0.92292
0.92708
0.93125
0.93542
0.93958
0.94375
0.94792
0.95208
0.95625
0.96042
0.96458
0.96875
0.97292
0.97708
0.98125
0.98542
0.98958
0.99375
0.99792
1
