# x
1.680000000000000000e+02
3.360000000000000000e+02
6.720000000000000000e+02
7.440000000000000000e+02
8.400000000000000000e+02
1.008000000000000000e+03
1.344000000000000000e+03
1.680000000000000000e+02
3.360000000000000000e+02
6.720000000000000000e+02
7.440000000000000000e+02
8.400000000000000000e+02
1.008000000000000000e+03
1.344000000000000000e+03
1.680000000000000000e+02
3.360000000000000000e+02
6.720000000000000000e+02
7.440000000000000000e+02
8.400000000000000000e+02
1.008000000000000000e+03
1.344000000000000000e+03
1.680000000000000000e+02
3.360000000000000000e+02
6.720000000000000000e+02
7.440000000000000000e+02
8.400000000000000000e+02
1.008000000000000000e+03
1.344000000000000000e+03
1.680000000000000000e+02
3.360000000000000000e+02
6.720000000000000000e+02
7.440000000000000000e+02
8.400000000000000000e+02
1.008000000000000000e+03
1.344000000000000000e+03
1.680000000000000000e+02
3.360000000000000000e+02
6.720000000000000000e+02
7.440000000000000000e+02
8.400000000000000000e+02
1.008000000000000000e+03
1.344000000000000000e+03
1.680000000000000000e+02
3.360000000000000000e+02
6.720000000000000000e+02
7.440000000000000000e+02
8.400000000000000000e+02
1.008000000000000000e+03
1.344000000000000000e+03
1.680000000000000000e+02
3.360000000000000000e+02
6.720000000000000000e+02
7.440000000000000000e+02
8.400000000000000000e+02
1.008000000000000000e+03
1.344000000000000000e+03
1.344000000000000000e+03
1.344000000000000000e+03
0.000000000000000000e+00
0.000000000000000000e+00
1.344000000000000000e+03
1.344000000000000000e+03
0.000000000000000000e+00
6.720000000000000000e+02
3.360000000000000000e+02
1.008000000000000000e+03
1.680000000000000000e+02
8.400000000000000000e+02
5.040000000000000000e+02
1.176000000000000000e+03
8.400000000000000000e+01
7.560000000000000000e+02
4.200000000000000000e+02
1.092000000000000000e+03
2.520000000000000000e+02
9.240000000000000000e+02
5.880000000000000000e+02
1.260000000000000000e+03
4.200000000000000000e+01
7.140000000000000000e+02
3.780000000000000000e+02
1.050000000000000000e+03
2.100000000000000000e+02
8.820000000000000000e+02
5.460000000000000000e+02
1.218000000000000000e+03
1.260000000000000000e+02
7.980000000000000000e+02
4.620000000000000000e+02
1.134000000000000000e+03
2.940000000000000000e+02
9.660000000000000000e+02
6.300000000000000000e+02
1.302000000000000000e+03
2.100000000000000000e+01
6.930000000000000000e+02
3.570000000000000000e+02
1.029000000000000000e+03
1.890000000000000000e+02
8.610000000000000000e+02
5.250000000000000000e+02
1.197000000000000000e+03
1.050000000000000000e+02
7.770000000000000000e+02
4.410000000000000000e+02
1.113000000000000000e+03
2.730000000000000000e+02
9.450000000000000000e+02
6.090000000000000000e+02
1.281000000000000000e+03
6.300000000000000000e+01
7.350000000000000000e+02
3.990000000000000000e+02
1.071000000000000000e+03
2.310000000000000000e+02
9.030000000000000000e+02
5.670000000000000000e+02
1.239000000000000000e+03
1.470000000000000000e+02
8.190000000000000000e+02
4.830000000000000000e+02
1.155000000000000000e+03
3.150000000000000000e+02
9.870000000000000000e+02
6.510000000000000000e+02
1.323000000000000000e+03
1.050000000000000000e+01
6.825000000000000000e+02
3.465000000000000000e+02
1.018500000000000000e+03
1.785000000000000000e+02
8.505000000000000000e+02
5.145000000000000000e+02
1.186500000000000000e+03
9.450000000000000000e+01
7.665000000000000000e+02
4.305000000000000000e+02
1.102500000000000000e+03
2.625000000000000000e+02
9.345000000000000000e+02
5.985000000000000000e+02
1.270500000000000000e+03
5.250000000000000000e+01
7.245000000000000000e+02
3.885000000000000000e+02
1.060500000000000000e+03
2.205000000000000000e+02
8.925000000000000000e+02
5.565000000000000000e+02
1.228500000000000000e+03
1.365000000000000000e+02
8.085000000000000000e+02
4.725000000000000000e+02
1.144500000000000000e+03
3.045000000000000000e+02
9.765000000000000000e+02
6.405000000000000000e+02
1.312500000000000000e+03
3.150000000000000000e+01
7.035000000000000000e+02
3.675000000000000000e+02
1.039500000000000000e+03
1.995000000000000000e+02
8.715000000000000000e+02
5.355000000000000000e+02
1.207500000000000000e+03
1.155000000000000000e+02
7.875000000000000000e+02
4.515000000000000000e+02
1.123500000000000000e+03
2.835000000000000000e+02
9.555000000000000000e+02
6.195000000000000000e+02
1.291500000000000000e+03
7.350000000000000000e+01
7.455000000000000000e+02
4.095000000000000000e+02
1.081500000000000000e+03
2.415000000000000000e+02
9.135000000000000000e+02
5.775000000000000000e+02
1.249500000000000000e+03
1.575000000000000000e+02
8.295000000000000000e+02
4.935000000000000000e+02
1.165500000000000000e+03
3.255000000000000000e+02
9.975000000000000000e+02
6.615000000000000000e+02
1.333500000000000000e+03
5.250000000000000000e+00
6.772500000000000000e+02
3.412500000000000000e+02
1.013250000000000000e+03
1.732500000000000000e+02
8.452500000000000000e+02
5.092500000000000000e+02
1.181250000000000000e+03
8.925000000000000000e+01
7.612500000000000000e+02
4.252500000000000000e+02
1.097250000000000000e+03
2.572500000000000000e+02
9.292500000000000000e+02
5.932500000000000000e+02
1.265250000000000000e+03
4.725000000000000000e+01
7.192500000000000000e+02
3.832500000000000000e+02
1.055250000000000000e+03
2.152500000000000000e+02
8.872500000000000000e+02
5.512500000000000000e+02
1.223250000000000000e+03
1.312500000000000000e+02
8.032500000000000000e+02
4.672500000000000000e+02
1.139250000000000000e+03
2.992500000000000000e+02
9.712500000000000000e+02
6.352500000000000000e+02
1.307250000000000000e+03
2.625000000000000000e+01
6.982500000000000000e+02
3.622500000000000000e+02
1.034250000000000000e+03
1.942500000000000000e+02
8.662500000000000000e+02
5.302500000000000000e+02
1.202250000000000000e+03
1.102500000000000000e+02
7.822500000000000000e+02
4.462500000000000000e+02
1.118250000000000000e+03
2.782500000000000000e+02
9.502500000000000000e+02
6.142500000000000000e+02
1.286250000000000000e+03
6.825000000000000000e+01
7.402500000000000000e+02
4.042500000000000000e+02
1.076250000000000000e+03
2.362500000000000000e+02
9.082500000000000000e+02
5.722500000000000000e+02
1.244250000000000000e+03
1.522500000000000000e+02
8.242500000000000000e+02
4.882500000000000000e+02
1.160250000000000000e+03
3.202500000000000000e+02
9.922500000000000000e+02
6.562500000000000000e+02
1.328250000000000000e+03
1.575000000000000000e+01
6.877500000000000000e+02
3.517500000000000000e+02
1.023750000000000000e+03
1.837500000000000000e+02
8.557500000000000000e+02
5.197500000000000000e+02
1.191750000000000000e+03
9.975000000000000000e+01
7.717500000000000000e+02
4.357500000000000000e+02
1.107750000000000000e+03
2.677500000000000000e+02
9.397500000000000000e+02
6.037500000000000000e+02
1.275750000000000000e+03
5.775000000000000000e+01
7.297500000000000000e+02
3.937500000000000000e+02
1.065750000000000000e+03
2.257500000000000000e+02
8.977500000000000000e+02
5.617500000000000000e+02
1.233750000000000000e+03
1.417500000000000000e+02
8.137500000000000000e+02
4.777500000000000000e+02
1.149750000000000000e+03
3.097500000000000000e+02
9.817500000000000000e+02
6.457500000000000000e+02
1.317750000000000000e+03
3.675000000000000000e+01
7.087500000000000000e+02
3.727500000000000000e+02
1.044750000000000000e+03
2.047500000000000000e+02
8.767500000000000000e+02
5.407500000000000000e+02
1.212750000000000000e+03
1.207500000000000000e+02
7.927500000000000000e+02
4.567500000000000000e+02
1.128750000000000000e+03
2.887500000000000000e+02
9.607500000000000000e+02
6.247500000000000000e+02
1.296750000000000000e+03
7.875000000000000000e+01
7.507500000000000000e+02
4.147500000000000000e+02
1.086750000000000000e+03
2.467500000000000000e+02
9.187500000000000000e+02
5.827500000000000000e+02
1.254750000000000000e+03
1.627500000000000000e+02
8.347500000000000000e+02
4.987500000000000000e+02
1.170750000000000000e+03
3.307500000000000000e+02
1.002750000000000000e+03
6.667500000000000000e+02
1.338750000000000000e+03
2.625000000000000000e+00
6.746250000000000000e+02
3.386250000000000000e+02
1.010625000000000000e+03
1.706250000000000000e+02
8.426250000000000000e+02
5.066250000000000000e+02
1.178625000000000000e+03
8.662500000000000000e+01
7.586250000000000000e+02
4.226250000000000000e+02
1.094625000000000000e+03
2.546250000000000000e+02
9.266250000000000000e+02
5.906250000000000000e+02
1.262625000000000000e+03
4.462500000000000000e+01
7.166250000000000000e+02
3.806250000000000000e+02
1.052625000000000000e+03
2.126250000000000000e+02
8.846250000000000000e+02
5.486250000000000000e+02
1.220625000000000000e+03
1.286250000000000000e+02
8.006250000000000000e+02
4.646250000000000000e+02
1.136625000000000000e+03
2.966250000000000000e+02
9.686250000000000000e+02
6.326250000000000000e+02
1.304625000000000000e+03
2.362500000000000000e+01
6.956250000000000000e+02
3.596250000000000000e+02
1.031625000000000000e+03
1.916250000000000000e+02
8.636250000000000000e+02
5.276250000000000000e+02
1.199625000000000000e+03
1.076250000000000000e+02
7.796250000000000000e+02
4.436250000000000000e+02
1.115625000000000000e+03
2.756250000000000000e+02
9.476250000000000000e+02
6.116250000000000000e+02
1.283625000000000000e+03
6.562500000000000000e+01
7.376250000000000000e+02
4.016250000000000000e+02
1.073625000000000000e+03
2.336250000000000000e+02
9.056250000000000000e+02
5.696250000000000000e+02
1.241625000000000000e+03
1.496250000000000000e+02
8.216250000000000000e+02
4.856250000000000000e+02
1.157625000000000000e+03
3.176250000000000000e+02
9.896250000000000000e+02
6.536250000000000000e+02
1.325625000000000000e+03
1.312500000000000000e+01
6.851250000000000000e+02
3.491250000000000000e+02
1.021125000000000000e+03
1.811250000000000000e+02
8.531250000000000000e+02
5.171250000000000000e+02
1.189125000000000000e+03
9.712500000000000000e+01
7.691250000000000000e+02
4.331250000000000000e+02
1.105125000000000000e+03
2.651250000000000000e+02
9.371250000000000000e+02
6.011250000000000000e+02
1.273125000000000000e+03
5.512500000000000000e+01
7.271250000000000000e+02
3.911250000000000000e+02
1.063125000000000000e+03
2.231250000000000000e+02
8.951250000000000000e+02
5.591250000000000000e+02
1.231125000000000000e+03
1.391250000000000000e+02
8.111250000000000000e+02
4.751250000000000000e+02
1.147125000000000000e+03
3.071250000000000000e+02
9.791250000000000000e+02
6.431250000000000000e+02
1.315125000000000000e+03
3.412500000000000000e+01
7.061250000000000000e+02
3.701250000000000000e+02
1.042125000000000000e+03
2.021250000000000000e+02
8.741250000000000000e+02
5.381250000000000000e+02
1.210125000000000000e+03
1.181250000000000000e+02
7.901250000000000000e+02
4.541250000000000000e+02
1.126125000000000000e+03
2.861250000000000000e+02
9.581250000000000000e+02
6.221250000000000000e+02
1.294125000000000000e+03
7.612500000000000000e+01
7.481250000000000000e+02
4.121250000000000000e+02
1.084125000000000000e+03
2.441250000000000000e+02
9.161250000000000000e+02
5.801250000000000000e+02
1.252125000000000000e+03
1.601250000000000000e+02
8.321250000000000000e+02
4.961250000000000000e+02
1.168125000000000000e+03
3.281250000000000000e+02
1.000125000000000000e+03
6.641250000000000000e+02
1.336125000000000000e+03
7.875000000000000000e+00
6.798750000000000000e+02
3.438750000000000000e+02
1.015875000000000000e+03
1.758750000000000000e+02
8.478750000000000000e+02
5.118750000000000000e+02
1.183875000000000000e+03
9.187500000000000000e+01
7.638750000000000000e+02
4.278750000000000000e+02
1.099875000000000000e+03
2.598750000000000000e+02
9.318750000000000000e+02
5.958750000000000000e+02
1.267875000000000000e+03
4.987500000000000000e+01
7.218750000000000000e+02
3.858750000000000000e+02
1.057875000000000000e+03
2.178750000000000000e+02
8.898750000000000000e+02
5.538750000000000000e+02
1.225875000000000000e+03
1.338750000000000000e+02
8.058750000000000000e+02
4.698750000000000000e+02
1.141875000000000000e+03
3.018750000000000000e+02
9.738750000000000000e+02
6.378750000000000000e+02
1.309875000000000000e+03
2.887500000000000000e+01
7.008750000000000000e+02
3.648750000000000000e+02
1.036875000000000000e+03
1.968750000000000000e+02
8.688750000000000000e+02
5.328750000000000000e+02
1.204875000000000000e+03
1.128750000000000000e+02
7.848750000000000000e+02
4.488750000000000000e+02
1.120875000000000000e+03
2.808750000000000000e+02
9.528750000000000000e+02
6.168750000000000000e+02
1.288875000000000000e+03
7.087500000000000000e+01
7.428750000000000000e+02
4.068750000000000000e+02
1.078875000000000000e+03
2.388750000000000000e+02
9.108750000000000000e+02
5.748750000000000000e+02
1.246875000000000000e+03
1.548750000000000000e+02
8.268750000000000000e+02
4.908750000000000000e+02
1.162875000000000000e+03
3.228750000000000000e+02
9.948750000000000000e+02
6.588750000000000000e+02
1.330875000000000000e+03
1.837500000000000000e+01
6.903750000000000000e+02
3.543750000000000000e+02
1.026375000000000000e+03
1.863750000000000000e+02
8.583750000000000000e+02
5.223750000000000000e+02
1.194375000000000000e+03
1.023750000000000000e+02
7.743750000000000000e+02
4.383750000000000000e+02
1.110375000000000000e+03
2.703750000000000000e+02
9.423750000000000000e+02
6.063750000000000000e+02
1.278375000000000000e+03
6.037500000000000000e+01
7.323750000000000000e+02
3.963750000000000000e+02
1.068375000000000000e+03
2.283750000000000000e+02
9.003750000000000000e+02
5.643750000000000000e+02
1.236375000000000000e+03
1.443750000000000000e+02
8.163750000000000000e+02
4.803750000000000000e+02
1.152375000000000000e+03
3.123750000000000000e+02
9.843750000000000000e+02
6.483750000000000000e+02
1.320375000000000000e+03
3.937500000000000000e+01
7.113750000000000000e+02
3.753750000000000000e+02
1.047375000000000000e+03
2.073750000000000000e+02
8.793750000000000000e+02
5.433750000000000000e+02
1.215375000000000000e+03
1.233750000000000000e+02
7.953750000000000000e+02
4.593750000000000000e+02
1.131375000000000000e+03
2.913750000000000000e+02
9.633750000000000000e+02
6.273750000000000000e+02
1.299375000000000000e+03
8.137500000000000000e+01
7.533750000000000000e+02
4.173750000000000000e+02
1.089375000000000000e+03
2.493750000000000000e+02
