# x
0.000000000000000000e+00
0.000000000000000000e+00
0.000000000000000000e+00
0.000000000000000000e+00
0.000000000000000000e+00
0.000000000000000000e+00
0.000000000000000000e+00
0.000000000000000000e+00
0.000000000000000000e+00
0.000000000000000000e+00
0.000000000000000000e+00
0.000000000000000000e+00
0.000000000000000000e+00
0.000000000000000000e+00
0.000000000000000000e+00
0.000000000000000000e+00
0.000000000000000000e+00
0.000000000000000000e+00
0.000000000000000000e+00
0.000000000000000000e+00
0.000000000000000000e+00
0.000000000000000000e+00
0.000000000000000000e+00
0.000000000000000000e+00
0.000000000000000000e+00
0.000000000000000000e+00
1.680000000000000000e+02
3.360000000000000000e+02
6.720000000000000000e+02
7.440000000000000000e+02
8.400000000000000000e+02
1.008000000000000000e+03
1.344000000000000000e+03
1.680000000000000000e+02
3.360000000000000000e+02
6.720000000000000000e+02
7.440000000000000000e+02
8.400000000000000000e+02
1.008000000000000000e+03
1.344000000000000000e+03
1.680000000000000000e+02
3.360000000000000000e+02
6.720000000000000000e+02
7.440000000000000000e+02
8.400000000000000000e+02
1.008000000000000000e+03
1.344000000000000000e+03
1.680000000000000000e+02
3.360000000000000000e+02
6.720000000000000000e+02
7.440000000000000000e+02
8.400000000000000000e+02
1.008000000000000000e+03
1.344000000000000000e+03
1.680000000000000000e+02
3.360000000000000000e+02
6.720000000000000000e+02
7.440000000000000000e+02
8.400000000000000000e+02
1.008000000000000000e+03
1.344000000000000000e+03
1.680000000000000000e+02
3.360000000000000000e+02
6.720000000000000000e+02
7.440000000000000000e+02
8.400000000000000000e+02
1.008000000000000000e+03
1.344000000000000000e+03
1.680000000000000000e+02
3.360000000000000000e+02
6.720000000000000000e+02
7.440000000000000000e+02
8.400000000000000000e+02
1.008000000000000000e+03
1.344000000000000000e+03
2.400000000000000000e+01
4.800000000000000000e+01
7.200000000000000000e+01
9.600000000000000000e+01
1.200000000000000000e+02
1.440000000000000000e+02
1.680000000000000000e+02
1.920000000000000000e+02
2.160000000000000000e+02
2.400000000000000000e+02
2.640000000000000000e+02
2.880000000000000000e+02
3.120000000000000000e+02
3.360000000000000000e+02
3.600000000000000000e+02
3.840000000000000000e+02
4.080000000000000000e+02
4.320000000000000000e+02
4.560000000000000000e+02
4.800000000000000000e+02
5.040000000000000000e+02
5.280000000000000000e+02
5.520000000000000000e+02
5.760000000000000000e+02
6.000000000000000000e+02
6.240000000000000000e+02
6.480000000000000000e+02
6.720000000000000000e+02
7.440000000000000000e+02
8.400000000000000000e+02
1.008000000000000000e+03
1.344000000000000000e+03
0.000000000000000000e+00
1.344000000000000000e+03
1.330693054199218750e+01
2.661386108398437500e+01
3.992079162597656250e+01
5.322772216796875000e+01
6.653465270996093750e+01
7.984158325195312500e+01
9.314851379394531250e+01
1.064554443359375000e+02
1.197623748779296875e+02
1.330693054199218750e+02
1.463762359619140625e+02
1.596831665039062500e+02
1.729900970458984375e+02
1.862970275878906250e+02
1.996039581298828125e+02
2.129108886718750000e+02
2.262178192138671875e+02
2.395247497558593750e+02
2.528316802978515625e+02
2.661386108398437500e+02
2.794455566406250000e+02
2.927524719238281250e+02
3.060594177246093750e+02
3.193663330078125000e+02
3.326732788085937500e+02
3.459801940917968750e+02
3.592871398925781250e+02
3.725940551757812500e+02
3.859010009765625000e+02
3.992079162597656250e+02
4.125148620605468750e+02
4.258217773437500000e+02
4.391287231445312500e+02
4.524356384277343750e+02
4.657425842285156250e+02
4.790494995117187500e+02
4.923564453125000000e+02
5.056633605957031250e+02
5.189702758789062500e+02
5.322772216796875000e+02
5.455841674804687500e+02
5.588911132812500000e+02
5.721979980468750000e+02
5.855049438476562500e+02
5.988118896484375000e+02
6.121188354492187500e+02
6.254257202148437500e+02
6.387326660156250000e+02
6.520396118164062500e+02
6.653465576171875000e+02
6.786534423828125000e+02
6.919603881835937500e+02
7.052673339843750000e+02
7.185742797851562500e+02
7.318811645507812500e+02
7.451881103515625000e+02
7.584950561523437500e+02
7.718020019531250000e+02
7.851088867187500000e+02
7.984158325195312500e+02
8.117227783203125000e+02
8.250297241210937500e+02
8.383366088867187500e+02
8.516435546875000000e+02
8.649505004882812500e+02
8.782574462890625000e+02
8.915643310546875000e+02
9.048712768554687500e+02
9.181782226562500000e+02
9.314851684570312500e+02
9.447920532226562500e+02
9.580989990234375000e+02
9.714059448242187500e+02
9.847128906250000000e+02
9.980197753906250000e+02
1.011326721191406250e+03
1.024633666992187500e+03
1.037940551757812500e+03
1.051247558593750000e+03
1.064554443359375000e+03
1.077861328125000000e+03
1.091168334960937500e+03
1.104475219726562500e+03
1.117782226562500000e+03
1.131089111328125000e+03
1.144395996093750000e+03
1.157703002929687500e+03
1.171009887695312500e+03
1.184316772460937500e+03
1.197623779296875000e+03
1.210930664062500000e+03
1.224237670898437500e+03
1.237544555664062500e+03
1.250851440429687500e+03
1.264158447265625000e+03
1.277465332031250000e+03
1.290772216796875000e+03
1.304079223632812500e+03
1.317386108398437500e+03
1.330693115234375000e+03
