0 [2.52000e+00, 2.16000e-01, 7.74000e-01, 4.87000e-01, 3.62000e-01, 1.90000e-01, 5.70000e-01]
500 [2.50914e+00, 2.17902e-01, 7.75268e-01, 4.73381e-01, 3.62417e-01, 1.88615e-01, 5.73379e-01]
1000 [2.51034e+00, 2.18228e-01, 7.77266e-01, 4.81990e-01, 3.62248e-01, 1.91079e-01, 5.73966e-01]
1500 [2.54649e+00, 2.18217e-01, 7.79586e-01, 4.99097e-01, 3.61941e-01, 1.96185e-01, 5.74695e-01]
2000 [2.57439e+00, 2.19461e-01, 7.83840e-01, 4.98008e-01, 3.62113e-01, 1.96481e-01, 5.72034e-01]
2500 [2.61032e+00, 2.19909e-01, 7.87149e-01, 5.03925e-01, 3.61997e-01, 1.97659e-01, 5.70501e-01]
3000 [2.68953e+00, 2.18269e-01, 7.89875e-01, 5.30170e-01, 3.62121e-01, 2.05592e-01, 5.74455e-01]
3500 [2.68034e+00, 2.19702e-01, 7.91972e-01, 4.99221e-01, 3.66412e-01, 1.92278e-01, 5.90459e-01]
4000 [2.64470e+00, 2.23011e-01, 7.92216e-01, 4.87197e-01, 3.66161e-01, 1.94924e-01, 5.84001e-01]
4500 [2.59857e+00, 2.23001e-01, 7.93028e-01, 4.87921e-01, 3.65942e-01, 1.94270e-01, 5.80869e-01]
5000 [2.55673e+00, 2.23081e-01, 7.94099e-01, 4.84754e-01, 3.65680e-01, 1.93697e-01, 5.78150e-01]
5500 [2.51289e+00, 2.24754e-01, 7.95810e-01, 4.74772e-01, 3.65571e-01, 1.91457e-01, 5.74698e-01]
6000 [2.51020e+00, 2.25065e-01, 7.97367e-01, 4.83520e-01, 3.65516e-01, 1.93974e-01, 5.74778e-01]
6500 [2.52708e+00, 2.24571e-01, 7.99259e-01, 4.89738e-01, 3.65290e-01, 1.95597e-01, 5.77070e-01]
7000 [2.55366e+00, 2.24605e-01, 8.01877e-01, 4.92661e-01, 3.65160e-01, 1.96705e-01, 5.78835e-01]
7500 [2.57470e+00, 2.25918e-01, 8.05179e-01, 4.92745e-01, 3.65383e-01, 1.96832e-01, 5.78760e-01]
8000 [2.58215e+00, 2.27276e-01, 8.08785e-01, 4.93552e-01, 3.65767e-01, 1.97359e-01, 5.79953e-01]
8500 [2.60562e+00, 2.27609e-01, 8.12108e-01, 4.95919e-01, 3.65948e-01, 1.98256e-01, 5.80401e-01]
9000 [2.66217e+00, 2.25167e-01, 8.14873e-01, 5.19524e-01, 3.66182e-01, 2.05545e-01, 5.79453e-01]
9500 [2.67888e+00, 2.27730e-01, 8.17870e-01, 5.04167e-01, 3.66648e-01, 2.00113e-01, 5.81510e-01]
10000 [2.62887e+00, 2.31105e-01, 8.22455e-01, 5.04635e-01, 3.67239e-01, 2.01670e-01, 5.76805e-01]
10500 [2.64659e+00, 2.31540e-01, 8.26401e-01, 4.90272e-01, 3.68119e-01, 1.96462e-01, 5.76372e-01]
11000 [2.69141e+00, 2.28094e-01, 8.27007e-01, 5.13016e-01, 3.67419e-01, 2.03605e-01, 5.79012e-01]
11500 [2.68811e+00, 2.30258e-01, 8.28947e-01, 5.12908e-01, 3.67485e-01, 2.04353e-01, 5.75168e-01]
12000 [2.71436e+00, 2.32855e-01, 8.32078e-01, 5.17399e-01, 3.68027e-01, 2.06758e-01, 5.72711e-01]
12500 [2.74971e+00, 2.33297e-01, 8.36216e-01, 5.27610e-01, 3.68938e-01, 2.08961e-01, 5.74965e-01]
13000 [2.76454e+00, 2.36566e-01, 8.40876e-01, 5.18311e-01, 3.69697e-01, 2.08152e-01, 5.76670e-01]
13500 [2.78731e+00, 2.36619e-01, 8.44759e-01, 5.29460e-01, 3.70443e-01, 2.11600e-01, 5.77916e-01]
14000 [2.80751e+00, 2.38632e-01, 8.48831e-01, 5.22682e-01, 3.70908e-01, 2.09882e-01, 5.78294e-01]
14500 [2.83953e+00, 2.39435e-01, 8.53176e-01, 5.31591e-01, 3.71706e-01, 2.12684e-01, 5.80231e-01]
15000 [2.86373e+00, 2.40804e-01, 8.57732e-01, 5.33547e-01, 3.72615e-01, 2.13490e-01, 5.81316e-01]
15500 [2.85576e+00, 2.41775e-01, 8.62788e-01, 5.33503e-01, 3.74100e-01, 2.12827e-01, 5.82736e-01]
16000 [2.88063e+00, 2.42175e-01, 8.66140e-01, 5.41208e-01, 3.74784e-01, 2.15675e-01, 5.86437e-01]
16500 [2.89816e+00, 2.42164e-01, 8.69452e-01, 5.49107e-01, 3.75393e-01, 2.18384e-01, 5.87147e-01]
17000 [2.92354e+00, 2.42824e-01, 8.72560e-01, 5.53994e-01, 3.76083e-01, 2.19876e-01, 5.89766e-01]
17500 [2.93683e+00, 2.42212e-01, 8.75071e-01, 5.55563e-01, 3.76532e-01, 2.20031e-01, 5.89806e-01]
18000 [2.95788e+00, 2.45035e-01, 8.78470e-01, 5.52661e-01, 3.77332e-01, 2.19934e-01, 5.87922e-01]
18500 [2.97532e+00, 2.45726e-01, 8.81177e-01, 5.39494e-01, 3.78504e-01, 2.13958e-01, 5.97646e-01]
19000 [2.94399e+00, 2.43125e-01, 8.82689e-01, 5.39344e-01, 3.78502e-01, 2.13736e-01, 5.94626e-01]
19500 [2.92670e+00, 2.38638e-01, 8.82589e-01, 5.52456e-01, 3.78592e-01, 2.17236e-01, 5.96919e-01]
20000 [2.83519e+00, 2.41033e-01, 8.85971e-01, 5.39331e-01, 3.80372e-01, 2.13568e-01, 5.89515e-01]
20500 [2.80157e+00, 2.40394e-01, 8.86071e-01, 5.37458e-01, 3.80189e-01, 2.12272e-01, 5.89808e-01]
21000 [2.80446e+00, 2.37916e-01, 8.85446e-01, 5.36773e-01, 3.80598e-01, 2.11996e-01, 5.90245e-01]
21500 [2.79982e+00, 2.37083e-01, 8.85158e-01, 5.36773e-01, 3.80777e-01, 2.11941e-01, 5.90708e-01]
22000 [2.79973e+00, 2.39941e-01, 8.84826e-01, 5.29704e-01, 3.81161e-01, 2.09094e-01, 5.93953e-01]
22500 [2.77796e+00, 2.40731e-01, 8.84987e-01, 5.18429e-01, 3.81326e-01, 2.05703e-01, 5.94122e-01]
23000 [2.78105e+00, 2.41045e-01, 8.85027e-01, 5.20311e-01, 3.81585e-01, 2.06457e-01, 5.94947e-01]
23500 [2.84179e+00, 2.29906e-01, 8.85237e-01, 5.70555e-01, 3.82876e-01, 2.22985e-01, 5.91874e-01]
24000 [2.90787e+00, 2.13686e-01, 8.82325e-01, 5.38770e-01, 3.81788e-01, 2.12868e-01, 5.94435e-01]
24500 [2.86507e+00, 2.07404e-01, 8.78000e-01, 5.03928e-01, 3.81114e-01, 2.00285e-01, 5.97004e-01]
25000 [2.76409e+00, 2.00802e-01, 8.71751e-01, 4.82396e-01, 3.80784e-01, 1.91679e-01, 5.92943e-01]
25500 [2.68620e+00, 1.93753e-01, 8.63544e-01, 4.79096e-01, 3.80535e-01, 1.89269e-01, 5.90914e-01]
26000 [2.63394e+00, 1.89740e-01, 8.54525e-01, 4.73000e-01, 3.80211e-01, 1.86720e-01, 5.89656e-01]
26500 [2.59718e+00, 1.87113e-01, 8.45444e-01, 4.70162e-01, 3.79986e-01, 1.85402e-01, 5.89119e-01]
27000 [2.56255e+00, 1.84812e-01, 8.36009e-01, 4.65112e-01, 3.79581e-01, 1.83572e-01, 5.91824e-01]
27500 [2.51989e+00, 1.85391e-01, 8.27837e-01, 4.54342e-01, 3.79158e-01, 1.79535e-01, 5.93202e-01]
28000 [2.48816e+00, 1.83560e-01, 8.19649e-01, 4.51242e-01, 3.78736e-01, 1.78280e-01, 5.91207e-01]
28500 [2.46579e+00, 1.82107e-01, 8.11736e-01, 4.49479e-01, 3.78337e-01, 1.76945e-01, 5.87737e-01]
29000 [2.45592e+00, 1.80626e-01, 8.03989e-01, 4.48161e-01, 3.77934e-01, 1.76470e-01, 5.89386e-01]
29500 [2.43563e+00, 1.85936e-01, 8.01922e-01, 4.40276e-01, 3.80706e-01, 1.74849e-01, 5.97915e-01]
30000 [2.42440e+00, 1.82785e-01, 7.98864e-01, 4.44268e-01, 3.80070e-01, 1.74451e-01, 5.96125e-01]
30500 [2.42654e+00, 1.81774e-01, 7.95036e-01, 4.43280e-01, 3.78893e-01, 1.74490e-01, 5.93997e-01]
31000 [2.43103e+00, 1.83674e-01, 7.90890e-01, 4.55393e-01, 3.77282e-01, 1.78782e-01, 5.93285e-01]
31500 [2.44587e+00, 1.79435e-01, 7.84637e-01, 4.51275e-01, 3.76206e-01, 1.77438e-01, 5.93837e-01]
32000 [2.43852e+00, 1.77529e-01, 7.78291e-01, 4.47355e-01, 3.75593e-01, 1.76361e-01, 5.95077e-01]
32500 [2.42764e+00, 1.76593e-01, 7.71983e-01, 4.44882e-01, 3.74964e-01, 1.75736e-01, 5.96654e-01]
33000 [2.41846e+00, 1.76054e-01, 7.66264e-01, 4.43550e-01, 3.74461e-01, 1.75322e-01, 5.97616e-01]
33500 [2.41218e+00, 1.75416e-01, 7.60607e-01, 4.41686e-01, 3.73624e-01, 1.74649e-01, 5.98731e-01]
34000 [2.40538e+00, 1.74875e-01, 7.55301e-01, 4.40709e-01, 3.72863e-01, 1.74167e-01, 5.99097e-01]
34500 [2.39833e+00, 1.74760e-01, 7.50845e-01, 4.40364e-01, 3.72261e-01, 1.74034e-01, 5.98725e-01]
35000 [2.39186e+00, 1.74719e-01, 7.46410e-01, 4.39542e-01, 3.71451e-01, 1.73780e-01, 5.99168e-01]
35500 [2.38735e+00, 1.74098e-01, 7.42200e-01, 4.38474e-01, 3.70408e-01, 1.73488e-01, 5.99622e-01]
36000 [2.38136e+00, 1.73694e-01, 7.38078e-01, 4.37466e-01, 3.69455e-01, 1.72933e-01, 6.00039e-01]
36500 [2.37588e+00, 1.73270e-01, 7.34069e-01, 4.35840e-01, 3.68492e-01, 1.72303e-01, 6.00994e-01]
37000 [2.37047e+00, 1.73090e-01, 7.30457e-01, 4.35676e-01, 3.67597e-01, 1.72181e-01, 6.01190e-01]
37500 [2.32346e+00, 1.88397e-01, 7.30301e-01, 4.20354e-01, 3.67858e-01, 1.64677e-01, 6.03601e-01]
38000 [2.27573e+00, 1.94598e-01, 7.30420e-01, 4.18586e-01, 3.66951e-01, 1.64917e-01, 6.00834e-01]
38500 [2.29595e+00, 1.95379e-01, 7.29630e-01, 4.35612e-01, 3.65800e-01, 1.70621e-01, 6.05595e-01]
39000 [2.35148e+00, 1.85953e-01, 7.30776e-01, 4.54350e-01, 3.67019e-01, 1.79645e-01, 6.06414e-01]
39500 [2.38319e+00, 1.95133e-01, 7.33222e-01, 4.51917e-01, 3.65952e-01, 1.77449e-01, 6.12360e-01]
40000 [2.38725e+00, 1.97208e-01, 7.33743e-01, 4.53808e-01, 3.64738e-01, 1.79999e-01, 6.15518e-01]
40500 [2.40528e+00, 1.96548e-01, 7.33887e-01, 4.64496e-01, 3.63678e-01, 1.82705e-01, 6.17304e-01]
41000 [2.42506e+00, 1.98605e-01, 7.34864e-01, 4.52336e-01, 3.63316e-01, 1.80005e-01, 6.19625e-01]
41500 [2.44306e+00, 1.98020e-01, 7.35295e-01, 4.69881e-01, 3.62130e-01, 1.82156e-01, 6.12902e-01]
42000 [2.48082e+00, 1.98826e-01, 7.36192e-01, 4.77810e-01, 3.61625e-01, 1.84680e-01, 6.09526e-01]
42500 [2.52099e+00, 2.00588e-01, 7.37755e-01, 4.83415e-01, 3.61223e-01, 1.86531e-01, 6.09296e-01]
43000 [2.55213e+00, 2.03245e-01, 7.40240e-01, 4.84589e-01, 3.61245e-01, 1.88055e-01, 6.10280e-01]
43500 [2.60041e+00, 2.05088e-01, 7.42569e-01, 4.98256e-01, 3.60552e-01, 1.93564e-01, 6.13181e-01]
44000 [2.61328e+00, 2.08144e-01, 7.46391e-01, 4.97536e-01, 3.60691e-01, 1.92340e-01, 6.15928e-01]
44500 [2.56458e+00, 2.14108e-01, 7.52115e-01, 4.71259e-01, 3.61222e-01, 1.87764e-01, 6.18215e-01]
45000 [2.51653e+00, 2.17152e-01, 7.57443e-01, 4.88519e-01, 3.61632e-01, 1.93475e-01, 6.15078e-01]
45500 [2.52341e+00, 2.19377e-01, 7.61048e-01, 4.80539e-01, 3.62561e-01, 1.90318e-01, 6.26005e-01]
46000 [2.52052e+00, 2.18640e-01, 7.64425e-01, 4.81306e-01, 3.62000e-01, 1.90851e-01, 6.22340e-01]
46500 [2.52698e+00, 2.13844e-01, 7.69830e-01, 4.79033e-01, 3.64852e-01, 1.90082e-01, 6.20785e-01]
47000 [2.55338e+00, 2.11589e-01, 7.70977e-01, 4.93162e-01, 3.64237e-01, 1.92963e-01, 6.17186e-01]
47500 [2.60408e+00, 2.07629e-01, 7.70052e-01, 5.01195e-01, 3.63211e-01, 1.94485e-01, 6.19386e-01]
48000 [2.61416e+00, 2.07735e-01, 7.70138e-01, 4.90072e-01, 3.62656e-01, 1.90679e-01, 6.19683e-01]
48500 [2.62353e+00, 2.08318e-01, 7.69871e-01, 4.73605e-01, 3.62349e-01, 1.87063e-01, 6.22100e-01]
49000 [2.64327e+00, 2.07042e-01, 7.69452e-01, 4.99771e-01, 3.62023e-01, 1.93464e-01, 6.21955e-01]
49500 [2.56561e+00, 2.11863e-01, 7.72040e-01, 4.84816e-01, 3.61831e-01, 1.87974e-01, 6.15620e-01]
50000 [2.56432e+00, 2.10576e-01, 7.73225e-01, 4.88073e-01, 3.61805e-01, 1.89225e-01, 6.11849e-01]
50500 [2.55349e+00, 2.11136e-01, 7.74679e-01, 4.85814e-01, 3.61571e-01, 1.89708e-01, 6.08331e-01]
51000 [2.56471e+00, 2.12753e-01, 7.76512e-01, 4.89493e-01, 3.61762e-01, 1.91857e-01, 6.05964e-01]
51500 [2.58438e+00, 2.14897e-01, 7.78991e-01, 4.91707e-01, 3.62008e-01, 1.93356e-01, 6.04271e-01]
52000 [2.64948e+00, 2.15095e-01, 7.80805e-01, 5.04017e-01, 3.61802e-01, 1.96396e-01, 6.06952e-01]
52500 [2.64809e+00, 2.17366e-01, 7.83838e-01, 5.01040e-01, 3.61907e-01, 1.95864e-01, 6.13521e-01]
53000 [2.66542e+00, 2.19754e-01, 7.87641e-01, 5.07937e-01, 3.62334e-01, 1.98631e-01, 6.20073e-01]
53500 [2.68888e+00, 2.17192e-01, 7.92353e-01, 5.26429e-01, 3.65823e-01, 2.01638e-01, 6.33730e-01]
54000 [2.67051e+00, 2.16277e-01, 7.93826e-01, 5.01280e-01, 3.65588e-01, 1.95049e-01, 6.33145e-01]
54500 [2.65207e+00, 2.17550e-01, 7.94836e-01, 4.92186e-01, 3.65521e-01, 1.93550e-01, 6.33755e-01]
55000 [2.64472e+00, 2.18831e-01, 7.96133e-01, 4.97067e-01, 3.65577e-01, 1.95419e-01, 6.37068e-01]
55500 [2.65981e+00, 2.19474e-01, 7.97350e-01, 5.02691e-01, 3.65487e-01, 1.98824e-01, 6.39035e-01]
56000 [2.68443e+00, 2.16423e-01, 7.97575e-01, 5.07301e-01, 3.65151e-01, 1.98818e-01, 6.36453e-01]
56500 [2.68977e+00, 2.17770e-01, 7.98860e-01, 5.07763e-01, 3.65351e-01, 1.98783e-01, 6.41007e-01]
57000 [2.67318e+00, 2.20628e-01, 8.01149e-01, 5.00521e-01, 3.65759e-01, 1.96743e-01, 6.45805e-01]
57500 [2.69190e+00, 2.22019e-01, 8.03670e-01, 5.06548e-01, 3.66122e-01, 1.99011e-01, 6.51640e-01]
58000 [2.68769e+00, 2.24225e-01, 8.07154e-01, 5.07102e-01, 3.66773e-01, 1.99585e-01, 6.51923e-01]
58500 [2.73081e+00, 2.21902e-01, 8.08975e-01, 5.18869e-01, 3.66602e-01, 2.01952e-01, 6.49255e-01]
59000 [2.75905e+00, 2.22281e-01, 8.11052e-01, 5.19634e-01, 3.67010e-01, 2.02882e-01, 6.53370e-01]
59500 [2.73984e+00, 2.23554e-01, 8.12811e-01, 5.18636e-01, 3.67429e-01, 2.02231e-01, 6.46483e-01]
60000 [2.76020e+00, 2.19554e-01, 8.13989e-01, 5.21103e-01, 3.68760e-01, 2.01535e-01, 6.52482e-01]
60500 [2.79076e+00, 2.32508e-01, 8.14250e-01, 5.34153e-01, 3.67446e-01, 2.08407e-01, 6.49236e-01]
61000 [2.85225e+00, 2.25755e-01, 8.14179e-01, 5.43756e-01, 3.66549e-01, 2.11090e-01, 6.57219e-01]
61500 [2.86567e+00, 2.11466e-01, 8.16399e-01, 5.15926e-01, 3.68342e-01, 2.03200e-01, 6.65243e-01]
62000 [2.78619e+00, 2.01517e-01, 8.15824e-01, 4.90885e-01, 3.67701e-01, 1.93473e-01, 6.56305e-01]
62500 [2.68510e+00, 1.94188e-01, 8.13699e-01, 4.70045e-01, 3.67655e-01, 1.85532e-01, 6.53821e-01]
63000 [2.59407e+00, 1.88652e-01, 8.09745e-01, 4.58691e-01, 3.67638e-01, 1.81015e-01, 6.52105e-01]
63500 [2.52403e+00, 1.85097e-01, 8.04644e-01, 4.50095e-01, 3.67572e-01, 1.77573e-01, 6.50049e-01]
64000 [2.47372e+00, 1.82585e-01, 7.98889e-01, 4.44148e-01, 3.67415e-01, 1.75168e-01, 6.48319e-01]
64500 [2.43716e+00, 1.80923e-01, 7.92944e-01, 4.40224e-01, 3.67351e-01, 1.73571e-01, 6.46629e-01]
65000 [2.39925e+00, 1.81365e-01, 7.87182e-01, 4.29498e-01, 3.67222e-01, 1.69884e-01, 6.45303e-01]
65500 [2.38521e+00, 1.78452e-01, 7.81455e-01, 4.34477e-01, 3.66916e-01, 1.71239e-01, 6.44152e-01]
66000 [2.37312e+00, 1.77282e-01, 7.75479e-01, 4.31832e-01, 3.66415e-01, 1.70047e-01, 6.42676e-01]
66500 [2.36291e+00, 1.76953e-01, 7.70319e-01, 4.30701e-01, 3.66391e-01, 1.69700e-01, 6.41326e-01]
67000 [2.35627e+00, 1.76482e-01, 7.65351e-01, 4.29635e-01, 3.66145e-01, 1.69255e-01, 6.40003e-01]
67500 [2.35645e+00, 1.84886e-01, 7.61503e-01, 4.49519e-01, 3.71434e-01, 1.73926e-01, 6.56187e-01]
68000 [2.37840e+00, 1.80088e-01, 7.59936e-01, 4.38781e-01, 3.70794e-01, 1.73115e-01, 6.55297e-01]
68500 [2.37845e+00, 1.77931e-01, 7.57580e-01, 4.33371e-01, 3.70129e-01, 1.70756e-01, 6.54477e-01]
69000 [2.36775e+00, 1.76680e-01, 7.54362e-01, 4.30243e-01, 3.69339e-01, 1.69445e-01, 6.53704e-01]
69500 [2.35551e+00, 1.76269e-01, 7.50698e-01, 4.31795e-01, 3.68803e-01, 1.69672e-01, 6.52313e-01]
70000 [2.36743e+00, 1.77300e-01, 7.50765e-01, 4.34058e-01, 3.68468e-01, 1.72058e-01, 6.56547e-01]
70500 [2.38612e+00, 1.79320e-01, 7.49842e-01, 4.39540e-01, 3.66891e-01, 1.73963e-01, 6.55724e-01]
71000 [2.36916e+00, 1.78318e-01, 7.47682e-01, 4.27658e-01, 3.66158e-01, 1.69054e-01, 6.53552e-01]
71500 [2.34011e+00, 1.77479e-01, 7.45385e-01, 4.30683e-01, 3.65706e-01, 1.69354e-01, 6.52528e-01]
72000 [2.34895e+00, 1.74514e-01, 7.42202e-01, 4.31218e-01, 3.65395e-01, 1.69331e-01, 6.51111e-01]
72500 [2.34862e+00, 1.73712e-01, 7.38999e-01, 4.31903e-01, 3.65012e-01, 1.69516e-01, 6.50073e-01]
73000 [2.34819e+00, 1.73323e-01, 7.36042e-01, 4.31516e-01, 3.64396e-01, 1.69485e-01, 6.50478e-01]
73500 [2.35187e+00, 1.74860e-01, 7.34604e-01, 4.35440e-01, 3.63937e-01, 1.70812e-01, 6.51935e-01]
74000 [2.34591e+00, 1.74963e-01, 7.32527e-01, 4.26142e-01, 3.63586e-01, 1.67764e-01, 6.52797e-01]
74500 [2.33397e+00, 1.74473e-01, 7.30231e-01, 4.29157e-01, 3.62983e-01, 1.68965e-01, 6.52349e-01]
75000 [2.34678e+00, 1.72569e-01, 7.27380e-01, 4.31052e-01, 3.62498e-01, 1.69568e-01, 6.53620e-01]
75500 [2.35372e+00, 1.72475e-01, 7.24975e-01, 4.31679e-01, 3.61941e-01, 1.70125e-01, 6.56415e-01]
76000 [2.35324e+00, 1.72340e-01, 7.22587e-01, 4.32411e-01, 3.61408e-01, 1.70335e-01, 6.58837e-01]
76500 [2.35563e+00, 1.71814e-01, 7.20296e-01, 4.32145e-01, 3.60887e-01, 1.70334e-01, 6.61470e-01]
77000 [2.33038e+00, 1.74327e-01, 7.19249e-01, 4.26157e-01, 3.60668e-01, 1.68047e-01, 6.63987e-01]
77500 [2.34018e+00, 1.72220e-01, 7.17384e-01, 4.31048e-01, 3.60072e-01, 1.69943e-01, 6.66620e-01]
78000 [2.33634e+00, 1.84227e-01, 7.20859e-01, 4.27327e-01, 3.62338e-01, 1.71054e-01, 6.64653e-01]
78500 [2.34150e+00, 1.82413e-01, 7.20862e-01, 4.32599e-01, 3.61798e-01, 1.71952e-01, 6.53781e-01]
79000 [2.34671e+00, 1.78729e-01, 7.20544e-01, 4.27514e-01, 3.61395e-01, 1.68571e-01, 6.56052e-01]
79500 [2.34057e+00, 1.76165e-01, 7.19740e-01, 4.23416e-01, 3.60903e-01, 1.66856e-01, 6.59578e-01]
80000 [2.32646e+00, 1.74596e-01, 7.18474e-01, 4.21416e-01, 3.60308e-01, 1.65912e-01, 6.64329e-01]
80500 [2.31446e+00, 1.73854e-01, 7.16792e-01, 4.21460e-01, 3.59667e-01, 1.65758e-01, 6.69634e-01]
81000 [2.30931e+00, 1.73254e-01, 7.15145e-01, 4.21290e-01, 3.59242e-01, 1.65731e-01, 6.74411e-01]
81500 [2.30582e+00, 1.72917e-01, 7.13501e-01, 4.20712e-01, 3.58725e-01, 1.65569e-01, 6.79203e-01]
82000 [2.30330e+00, 1.72763e-01, 7.11979e-01, 4.20349e-01, 3.58235e-01, 1.65504e-01, 6.83456e-01]
82500 [2.30086e+00, 1.72608e-01, 7.10698e-01, 4.20040e-01, 3.57722e-01, 1.65411e-01, 6.87399e-01]
83000 [2.28429e+00, 1.74859e-01, 7.10461e-01, 4.18844e-01, 3.57254e-01, 1.65343e-01, 6.82779e-01]
83500 [2.27515e+00, 1.75155e-01, 7.10096e-01, 4.17752e-01, 3.56771e-01, 1.65026e-01, 6.81308e-01]
84000 [2.27114e+00, 1.74407e-01, 7.09836e-01, 4.16303e-01, 3.56567e-01, 1.64347e-01, 6.79362e-01]
84500 [2.28130e+00, 1.75643e-01, 7.11534e-01, 4.23711e-01, 3.56812e-01, 1.66649e-01, 6.80859e-01]
85000 [2.27922e+00, 1.73562e-01, 7.10336e-01, 4.18670e-01, 3.56139e-01, 1.65087e-01, 6.80381e-01]
85500 [2.27490e+00, 1.76242e-01, 7.11423e-01, 4.12697e-01, 3.58110e-01, 1.63382e-01, 6.81709e-01]
86000 [2.27379e+00, 1.76076e-01, 7.11790e-01, 4.19195e-01, 3.57441e-01, 1.65605e-01, 6.77109e-01]
86500 [2.27593e+00, 1.75560e-01, 7.11467e-01, 4.17975e-01, 3.56809e-01, 1.65263e-01, 6.76095e-01]
87000 [2.27651e+00, 1.74816e-01, 7.10877e-01, 4.16576e-01, 3.56101e-01, 1.64685e-01, 6.75883e-01]
87500 [2.23800e+00, 1.90343e-01, 7.17720e-01, 4.18874e-01, 3.59514e-01, 1.61750e-01, 6.70347e-01]
88000 [2.21731e+00, 1.93681e-01, 7.19789e-01, 4.22681e-01, 3.59622e-01, 1.67270e-01, 6.69864e-01]
88500 [2.20685e+00, 1.94373e-01, 7.20067e-01, 4.27206e-01, 3.59409e-01, 1.68977e-01, 6.65565e-01]
89000 [2.20965e+00, 1.94329e-01, 7.19799e-01, 4.29510e-01, 3.58695e-01, 1.69810e-01, 6.64670e-01]
89500 [2.21587e+00, 1.94440e-01, 7.20016e-01, 4.31195e-01, 3.58380e-01, 1.70417e-01, 6.64294e-01]
90000 [2.20597e+00, 1.93995e-01, 7.20429e-01, 4.25195e-01, 3.58569e-01, 1.68601e-01, 6.67863e-01]
90500 [2.22642e+00, 1.94872e-01, 7.20966e-01, 4.34619e-01, 3.58052e-01, 1.71482e-01, 6.68363e-01]
91000 [2.23906e+00, 1.95660e-01, 7.21802e-01, 4.36166e-01, 3.57851e-01, 1.72100e-01, 6.70073e-01]
91500 [2.23804e+00, 1.96187e-01, 7.22811e-01, 4.34319e-01, 3.57737e-01, 1.71375e-01, 6.75305e-01]
92000 [2.25365e+00, 1.96556e-01, 7.23476e-01, 4.38350e-01, 3.57384e-01, 1.72769e-01, 6.76795e-01]
92500 [2.26312e+00, 1.97328e-01, 7.24574e-01, 4.39888e-01, 3.57244e-01, 1.73366e-01, 6.78351e-01]
93000 [2.27112e+00, 1.98230e-01, 7.25913e-01, 4.41842e-01, 3.57003e-01, 1.74025e-01, 6.80364e-01]
93500 [2.28414e+00, 1.99356e-01, 7.27809e-01, 4.44556e-01, 3.56964e-01, 1.75198e-01, 6.83670e-01]
94000 [2.30414e+00, 2.00675e-01, 7.29862e-01, 4.46894e-01, 3.56919e-01, 1.75967e-01, 6.85530e-01]
94500 [2.31618e+00, 2.02347e-01, 7.32250e-01, 4.48759e-01, 3.56697e-01, 1.76633e-01, 6.82661e-01]
95000 [2.32545e+00, 2.04165e-01, 7.34588e-01, 4.51098e-01, 3.56358e-01, 1.77537e-01, 6.78997e-01]
95500 [2.37597e+00, 2.06591e-01, 7.35622e-01, 4.95688e-01, 3.59365e-01, 1.86194e-01, 6.87437e-01]
96000 [2.38586e+00, 2.06059e-01, 7.35513e-01, 4.59467e-01, 3.58920e-01, 1.80250e-01, 6.90854e-01]
96500 [2.39387e+00, 2.06761e-01, 7.37026e-01, 4.61685e-01, 3.58500e-01, 1.81142e-01, 6.92117e-01]
97000 [2.40598e+00, 2.07065e-01, 7.38721e-01, 4.63886e-01, 3.58119e-01, 1.81693e-01, 6.95562e-01]
97500 [2.42154e+00, 2.07478e-01, 7.40687e-01, 4.66372e-01, 3.57679e-01, 1.82309e-01, 6.98985e-01]
98000 [2.45912e+00, 2.10546e-01, 7.43072e-01, 4.71713e-01, 3.57284e-01, 1.84658e-01, 6.99096e-01]
98500 [2.47984e+00, 2.08716e-01, 7.44917e-01, 4.73967e-01, 3.56265e-01, 1.86048e-01, 6.94809e-01]
99000 [2.50801e+00, 2.06126e-01, 7.45741e-01, 4.74442e-01, 3.55684e-01, 1.85813e-01, 6.95857e-01]
99500 [2.52150e+00, 2.04370e-01, 7.46667e-01, 4.76172e-01, 3.55247e-01, 1.85600e-01, 6.93697e-01]
100000 [2.53499e+00, 2.03303e-01, 7.47110e-01, 4.79550e-01, 3.54721e-01, 1.86109e-01, 6.91577e-01]
100500 [2.55327e+00, 2.02772e-01, 7.47582e-01, 4.84046e-01, 3.54425e-01, 1.87046e-01, 6.87615e-01]
101000 [2.54671e+00, 2.06968e-01, 7.50884e-01, 4.63033e-01, 3.56941e-01, 1.83952e-01, 6.84754e-01]
101500 [2.44593e+00, 2.13917e-01, 7.53203e-01, 4.53516e-01, 3.56859e-01, 1.81282e-01, 6.83466e-01]
102000 [2.41127e+00, 2.12508e-01, 7.55464e-01, 4.64721e-01, 3.56573e-01, 1.84348e-01, 6.76315e-01]
102500 [2.36618e+00, 2.15290e-01, 7.58794e-01, 4.55548e-01, 3.56541e-01, 1.82398e-01, 6.73222e-01]
103000 [2.35899e+00, 2.15238e-01, 7.61778e-01, 4.55955e-01, 3.56726e-01, 1.82572e-01, 6.70334e-01]
103500 [2.34686e+00, 2.16289e-01, 7.65107e-01, 4.55546e-01, 3.56960e-01, 1.82457e-01, 6.70299e-01]
104000 [2.35793e+00, 2.16054e-01, 7.68150e-01, 4.61596e-01, 3.57127e-01, 1.84230e-01, 6.69646e-01]
104500 [2.34855e+00, 2.17487e-01, 7.71188e-01, 4.53652e-01, 3.57320e-01, 1.81946e-01, 6.68468e-01]
105000 [2.35348e+00, 2.17695e-01, 7.73852e-01, 4.54501e-01, 3.57506e-01, 1.82234e-01, 6.67602e-01]
105500 [2.36092e+00, 2.18161e-01, 7.76353e-01, 4.55999e-01, 3.57715e-01, 1.82680e-01, 6.65985e-01]
106000 [2.37502e+00, 2.18376e-01, 7.78598e-01, 4.61749e-01, 3.57714e-01, 1.84727e-01, 6.63476e-01]
106500 [2.37762e+00, 2.18516e-01, 7.80936e-01, 4.64160e-01, 3.57817e-01, 1.85225e-01, 6.64948e-01]
107000 [2.38513e+00, 2.18097e-01, 7.83192e-01, 4.72099e-01, 3.58107e-01, 1.88175e-01, 6.65888e-01]
107500 [2.38440e+00, 2.20494e-01, 7.85508e-01, 4.65804e-01, 3.58572e-01, 1.84458e-01, 6.66342e-01]
108000 [2.37161e+00, 2.19178e-01, 7.87220e-01, 4.56418e-01, 3.58779e-01, 1.83342e-01, 6.65759e-01]
108500 [2.38653e+00, 2.18742e-01, 7.89454e-01, 4.58609e-01, 3.59130e-01, 1.82811e-01, 6.70943e-01]
109000 [2.37251e+00, 2.16430e-01, 7.91006e-01, 4.69068e-01, 3.59213e-01, 1.85893e-01, 6.70058e-01]
109500 [2.35500e+00, 2.19588e-01, 7.92762e-01, 4.56459e-01, 3.59416e-01, 1.82926e-01, 6.65032e-01]
110000 [2.35709e+00, 2.19586e-01, 7.94427e-01, 4.67541e-01, 3.59728e-01, 1.85963e-01, 6.65931e-01]
110500 [2.33843e+00, 2.21351e-01, 7.96281e-01, 4.50290e-01, 3.59716e-01, 1.80984e-01, 6.68766e-01]
111000 [2.37660e+00, 2.19643e-01, 7.96751e-01, 4.68279e-01, 3.59738e-01, 1.85231e-01, 6.71330e-01]
111500 [2.39995e+00, 2.17053e-01, 7.97099e-01, 4.65059e-01, 3.59802e-01, 1.85987e-01, 6.75274e-01]
112000 [2.40395e+00, 2.16163e-01, 7.96997e-01, 4.60924e-01, 3.59574e-01, 1.84526e-01, 6.78153e-01]
112500 [2.38734e+00, 2.16947e-01, 7.97490e-01, 4.63256e-01, 3.59817e-01, 1.85399e-01, 6.78654e-01]
113000 [2.41223e+00, 2.14258e-01, 7.96990e-01, 4.72496e-01, 3.59602e-01, 1.87564e-01, 6.81270e-01]
113500 [2.45683e+00, 2.12992e-01, 7.96831e-01, 4.70450e-01, 3.60828e-01, 1.86902e-01, 6.96632e-01]
114000 [2.46549e+00, 2.07866e-01, 7.96055e-01, 4.66173e-01, 3.60017e-01, 1.84970e-01, 6.98677e-01]
114500 [2.47821e+00, 2.19817e-01, 7.97146e-01, 5.01892e-01, 3.59922e-01, 1.94001e-01, 6.98632e-01]
115000 [2.57358e+00, 2.20179e-01, 7.97695e-01, 5.02804e-01, 3.59259e-01, 1.95745e-01, 7.12138e-01]
115500 [2.60241e+00, 2.19717e-01, 7.99880e-01, 4.89902e-01, 3.59110e-01, 1.92961e-01, 7.18139e-01]
116000 [2.60049e+00, 2.19846e-01, 8.01935e-01, 4.89308e-01, 3.59539e-01, 1.92943e-01, 7.21911e-01]
116500 [2.61454e+00, 2.20785e-01, 8.02832e-01, 4.94069e-01, 3.59679e-01, 1.94817e-01, 7.21849e-01]
117000 [2.61109e+00, 2.23180e-01, 8.04201e-01, 4.86580e-01, 3.60330e-01, 1.92809e-01, 7.24023e-01]
117500 [2.58676e+00, 2.23909e-01, 8.07137e-01, 4.96380e-01, 3.63283e-01, 1.96799e-01, 7.23318e-01]
118000 [2.56155e+00, 2.22245e-01, 8.07879e-01, 5.01707e-01, 3.63156e-01, 1.97554e-01, 7.17891e-01]
118500 [2.58119e+00, 2.19916e-01, 8.08423e-01, 5.21058e-01, 3.62814e-01, 2.01837e-01, 7.07001e-01]
119000 [2.64496e+00, 2.16725e-01, 8.07517e-01, 5.31148e-01, 3.61997e-01, 2.03874e-01, 6.99031e-01]
119500 [2.67526e+00, 2.06970e-01, 8.07799e-01, 5.08315e-01, 3.63245e-01, 1.99793e-01, 6.94699e-01]
120000 [2.63841e+00, 2.14729e-01, 8.06284e-01, 5.05372e-01, 3.62405e-01, 1.96362e-01, 6.99176e-01]
120500 [2.66934e+00, 2.08639e-01, 8.05211e-01, 5.05398e-01, 3.62720e-01, 1.99280e-01, 7.04002e-01]
121000 [2.68304e+00, 1.98854e-01, 8.03831e-01, 4.93721e-01, 3.61995e-01, 1.94683e-01, 7.01904e-01]
121500 [2.65052e+00, 1.93097e-01, 8.01752e-01, 4.81876e-01, 3.61886e-01, 1.89999e-01, 6.99744e-01]
122000 [2.60943e+00, 1.89457e-01, 7.98846e-01, 4.73561e-01, 3.61841e-01, 1.86738e-01, 6.98688e-01]
122500 [2.57407e+00, 1.86657e-01, 7.95340e-01, 4.67615e-01, 3.61699e-01, 1.84531e-01, 6.99735e-01]
123000 [2.45443e+00, 2.01271e-01, 7.92681e-01, 4.50100e-01, 3.61664e-01, 1.78195e-01, 7.08784e-01]
123500 [2.40943e+00, 2.07391e-01, 7.90795e-01, 4.54694e-01, 3.61783e-01, 1.80451e-01, 6.97269e-01]
124000 [2.42830e+00, 2.12643e-01, 7.89554e-01, 4.78795e-01, 3.61315e-01, 1.85950e-01, 6.93106e-01]
124500 [2.42193e+00, 2.01746e-01, 7.89980e-01, 4.45779e-01, 3.62646e-01, 1.83135e-01, 6.96660e-01]
125000 [2.38720e+00, 2.10388e-01, 7.90510e-01, 4.55865e-01, 3.63567e-01, 1.81829e-01, 6.87971e-01]
125500 [2.35821e+00, 2.11226e-01, 7.90294e-01, 4.56772e-01, 3.62941e-01, 1.82088e-01, 6.85023e-01]
126000 [2.34625e+00, 2.12130e-01, 7.89718e-01, 4.55965e-01, 3.62483e-01, 1.82038e-01, 6.81913e-01]
126500 [2.46047e+00, 2.14999e-01, 7.89192e-01, 4.82763e-01, 3.60623e-01, 1.88533e-01, 6.75659e-01]
127000 [2.48537e+00, 2.16092e-01, 7.89490e-01, 4.82964e-01, 3.60637e-01, 1.90392e-01, 6.72263e-01]
127500 [2.49646e+00, 2.14558e-01, 7.89177e-01, 4.78157e-01, 3.60474e-01, 1.88525e-01, 6.77067e-01]
128000 [2.50787e+00, 2.13415e-01, 7.88471e-01, 4.81022e-01, 3.60179e-01, 1.89281e-01, 6.76197e-01]
128500 [2.52433e+00, 2.13068e-01, 7.88376e-01, 4.84952e-01, 3.60267e-01, 1.90049e-01, 6.77119e-01]
129000 [2.55592e+00, 2.14536e-01, 7.87806e-01, 4.82722e-01, 3.60547e-01, 1.91550e-01, 6.81538e-01]
129500 [2.58206e+00, 2.14717e-01, 7.88134e-01, 4.89657e-01, 3.60282e-01, 1.91874e-01, 6.72070e-01]
130000 [2.58349e+00, 2.11075e-01, 7.85510e-01, 4.93338e-01, 3.59901e-01, 1.92317e-01, 6.75389e-01]
130500 [2.58003e+00, 2.09339e-01, 7.84110e-01, 4.86389e-01, 3.59363e-01, 1.89478e-01, 6.76857e-01]
131000 [2.57894e+00, 2.08582e-01, 7.82620e-01, 4.84385e-01, 3.58984e-01, 1.88587e-01, 6.76928e-01]
131500 [2.57981e+00, 2.09129e-01, 7.81983e-01, 4.84843e-01, 3.58904e-01, 1.89157e-01, 6.75956e-01]
132000 [2.57676e+00, 2.10356e-01, 7.82006e-01, 4.84757e-01, 3.59065e-01, 1.89590e-01, 6.72981e-01]
132500 [2.54817e+00, 2.13398e-01, 7.84888e-01, 4.68509e-01, 3.60223e-01, 1.85344e-01, 6.59315e-01]
133000 [2.51732e+00, 2.14660e-01, 7.85838e-01, 4.72890e-01, 3.60093e-01, 1.86919e-01, 6.60603e-01]
133500 [2.52289e+00, 2.14542e-01, 7.86527e-01, 4.83773e-01, 3.60113e-01, 1.90000e-01, 6.61683e-01]
134000 [2.56093e+00, 2.13329e-01, 7.86185e-01, 5.14982e-01, 3.59933e-01, 1.97794e-01, 6.66110e-01]
134500 [2.63296e+00, 2.09879e-01, 7.92692e-01, 5.00306e-01, 3.61244e-01, 1.96493e-01, 6.61102e-01]
135000 [2.63742e+00, 2.01979e-01, 7.93372e-01, 4.82149e-01, 3.60723e-01, 1.90042e-01, 6.54895e-01]
135500 [2.60119e+00, 1.96522e-01, 7.92928e-01, 4.68977e-01, 3.60216e-01, 1.85225e-01, 6.47233e-01]
136000 [2.55181e+00, 1.90921e-01, 7.91876e-01, 4.56339e-01, 3.60161e-01, 1.80419e-01, 6.40003e-01]
136500 [2.52147e+00, 2.03310e-01, 7.86879e-01, 4.72873e-01, 3.60219e-01, 1.84430e-01, 6.51132e-01]
137000 [2.50376e+00, 2.09658e-01, 7.87291e-01, 4.71292e-01, 3.59334e-01, 1.85261e-01, 6.49995e-01]
137500 [2.51056e+00, 2.07436e-01, 7.85227e-01, 4.80173e-01, 3.58910e-01, 1.86265e-01, 6.50604e-01]
138000 [2.54244e+00, 2.05643e-01, 7.82329e-01, 4.87722e-01, 3.58339e-01, 1.88063e-01, 6.52304e-01]
138500 [2.52058e+00, 2.06547e-01, 7.83246e-01, 4.72857e-01, 3.59455e-01, 1.84683e-01, 6.53257e-01]
139000 [2.49130e+00, 2.13086e-01, 7.81400e-01, 4.57499e-01, 3.59038e-01, 1.80157e-01, 6.43778e-01]
139500 [2.46173e+00, 2.08984e-01, 7.81403e-01, 4.74125e-01, 3.59023e-01, 1.86222e-01, 6.39438e-01]
140000 [2.48054e+00, 2.05284e-01, 7.80207e-01, 4.59702e-01, 3.59632e-01, 1.82991e-01, 6.42828e-01]
140500 [2.46751e+00, 2.04884e-01, 7.79213e-01, 4.73334e-01, 3.59170e-01, 1.84895e-01, 6.38722e-01]
141000 [2.47651e+00, 2.03235e-01, 7.76760e-01, 4.74961e-01, 3.58446e-01, 1.84369e-01, 6.37656e-01]
141500 [2.50364e+00, 1.96349e-01, 7.79678e-01, 4.76219e-01, 3.63020e-01, 1.88085e-01, 6.36066e-01]
142000 [2.52272e+00, 1.87184e-01, 7.78771e-01, 4.63381e-01, 3.62591e-01, 1.82272e-01, 6.38345e-01]
142500 [2.51267e+00, 1.82428e-01, 7.76677e-01, 4.53771e-01, 3.62131e-01, 1.78026e-01, 6.40216e-01]
143000 [2.48682e+00, 1.79689e-01, 7.73343e-01, 4.48199e-01, 3.61616e-01, 1.75728e-01, 6.41169e-01]
143500 [2.44992e+00, 1.80040e-01, 7.68982e-01, 4.36381e-01, 3.61030e-01, 1.71895e-01, 6.41394e-01]
144000 [2.41862e+00, 1.79172e-01, 7.65304e-01, 4.39545e-01, 3.61322e-01, 1.72400e-01, 6.41345e-01]
144500 [2.40504e+00, 1.77681e-01, 7.61642e-01, 4.38719e-01, 3.61252e-01, 1.71447e-01, 6.42820e-01]
145000 [2.40761e+00, 1.99030e-01, 7.57729e-01, 4.52627e-01, 3.59497e-01, 1.77289e-01, 6.52862e-01]
145500 [2.41664e+00, 1.99115e-01, 7.55699e-01, 4.62736e-01, 3.58641e-01, 1.79527e-01, 6.53825e-01]
146000 [2.45133e+00, 1.93441e-01, 7.55802e-01, 4.68582e-01, 3.59906e-01, 1.83005e-01, 6.59734e-01]
146500 [2.38311e+00, 1.97231e-01, 7.57104e-01, 4.51807e-01, 3.59239e-01, 1.77881e-01, 6.57056e-01]
147000 [2.33567e+00, 1.96170e-01, 7.57398e-01, 4.45737e-01, 3.58891e-01, 1.75062e-01, 6.57932e-01]
147500 [2.30714e+00, 1.94605e-01, 7.57254e-01, 4.40920e-01, 3.58834e-01, 1.73487e-01, 6.55719e-01]
148000 [2.28665e+00, 1.93760e-01, 7.56688e-01, 4.35727e-01, 3.58764e-01, 1.71728e-01, 6.56236e-01]
148500 [2.26143e+00, 1.94007e-01, 7.56303e-01, 4.34515e-01, 3.58752e-01, 1.70744e-01, 6.57479e-01]
149000 [2.25628e+00, 1.93372e-01, 7.55955e-01, 4.33482e-01, 3.58437e-01, 1.70349e-01, 6.61730e-01]
149500 [2.25275e+00, 1.92356e-01, 7.54941e-01, 4.32606e-01, 3.58160e-01, 1.70125e-01, 6.67260e-01]
150000 [2.24195e+00, 1.92214e-01, 7.53797e-01, 4.27459e-01, 3.57823e-01, 1.68865e-01, 6.71619e-01]
150500 [2.23882e+00, 1.92494e-01, 7.53243e-01, 4.21341e-01, 3.58316e-01, 1.66308e-01, 6.75608e-01]
151000 [2.21909e+00, 1.93657e-01, 7.52252e-01, 4.21957e-01, 3.57552e-01, 1.66466e-01, 6.74407e-01]
151500 [2.22783e+00, 1.91729e-01, 7.51798e-01, 4.28750e-01, 3.57227e-01, 1.68307e-01, 6.73720e-01]
152000 [2.24290e+00, 1.91621e-01, 7.50199e-01, 4.32326e-01, 3.57127e-01, 1.69609e-01, 6.74050e-01]
152500 [2.24410e+00, 1.97200e-01, 7.50898e-01, 4.29041e-01, 3.57492e-01, 1.70094e-01, 6.62820e-01]
153000 [2.24852e+00, 1.95553e-01, 7.51302e-01, 4.28168e-01, 3.56848e-01, 1.68623e-01, 6.61543e-01]
153500 [2.25671e+00, 1.95708e-01, 7.51206e-01, 4.20938e-01, 3.56910e-01, 1.65664e-01, 6.60290e-01]
154000 [2.25787e+00, 1.96819e-01, 7.50852e-01, 4.22998e-01, 3.56874e-01, 1.66856e-01, 6.65862e-01]
154500 [2.27719e+00, 1.97576e-01, 7.50939e-01, 4.28536e-01, 3.56848e-01, 1.69198e-01, 6.71671e-01]
155000 [2.30678e+00, 1.91610e-01, 7.50742e-01, 4.53421e-01, 3.56975e-01, 1.77588e-01, 6.81826e-01]
155500 [2.29842e+00, 1.93003e-01, 7.51120e-01, 4.38312e-01, 3.56818e-01, 1.69677e-01, 6.86468e-01]
156000 [2.31122e+00, 2.02388e-01, 7.51143e-01, 4.33602e-01, 3.56595e-01, 1.71742e-01, 6.87898e-01]
156500 [2.32898e+00, 2.00958e-01, 7.50313e-01, 4.38427e-01, 3.56339e-01, 1.73024e-01, 6.92845e-01]
157000 [2.29476e+00, 2.03977e-01, 7.51030e-01, 4.29712e-01, 3.56503e-01, 1.70642e-01, 6.86277e-01]
157500 [2.27646e+00, 2.05447e-01, 7.51963e-01, 4.33821e-01, 3.56833e-01, 1.72476e-01, 6.84954e-01]
158000 [2.27296e+00, 2.06033e-01, 7.52600e-01, 4.33897e-01, 3.56785e-01, 1.72822e-01, 6.85045e-01]
158500 [2.28415e+00, 2.02082e-01, 7.54622e-01, 4.34056e-01, 3.57122e-01, 1.70765e-01, 7.01719e-01]
159000 [2.28730e+00, 2.03472e-01, 7.61428e-01, 4.44989e-01, 3.55087e-01, 1.77051e-01, 6.93819e-01]
159500 [2.27132e+00, 2.04756e-01, 7.61133e-01, 4.41405e-01, 3.55505e-01, 1.75687e-01, 6.88254e-01]
160000 [2.27031e+00, 2.05166e-01, 7.61303e-01, 4.42794e-01, 3.55825e-01, 1.76285e-01, 6.86493e-01]
160500 [2.26424e+00, 2.06450e-01, 7.62102e-01, 4.40557e-01, 3.56373e-01, 1.75447e-01, 6.83685e-01]
161000 [2.29010e+00, 2.00995e-01, 7.62691e-01, 4.59228e-01, 3.57195e-01, 1.80955e-01, 6.94432e-01]
161500 [2.37524e+00, 1.97728e-01, 7.60396e-01, 4.74280e-01, 3.56659e-01, 1.83880e-01, 6.90977e-01]
162000 [2.39545e+00, 1.98365e-01, 7.59406e-01, 4.68580e-01, 3.56423e-01, 1.81965e-01, 6.92214e-01]
162500 [2.42526e+00, 2.02363e-01, 7.57909e-01, 4.45164e-01, 3.56726e-01, 1.77497e-01, 6.99469e-01]
163000 [2.33875e+00, 2.06361e-01, 7.58949e-01, 4.33668e-01, 3.56644e-01, 1.73133e-01, 6.93005e-01]
163500 [2.29923e+00, 2.07473e-01, 7.59812e-01, 4.32630e-01, 3.56722e-01, 1.73095e-01, 6.88800e-01]
164000 [2.44604e+00, 1.93225e-01, 7.57355e-01, 4.67989e-01, 3.56124e-01, 1.85811e-01, 7.05535e-01]
164500 [2.46363e+00, 1.87371e-01, 7.56839e-01, 4.55001e-01, 3.55850e-01, 1.80256e-01, 7.04598e-01]
165000 [2.44608e+00, 1.83912e-01, 7.55954e-01, 4.47823e-01, 3.55853e-01, 1.77138e-01, 7.01761e-01]
165500 [2.40234e+00, 1.82163e-01, 7.55733e-01, 4.34225e-01, 3.56935e-01, 1.71656e-01, 6.93085e-01]
166000 [2.38135e+00, 1.80812e-01, 7.53879e-01, 4.34607e-01, 3.56912e-01, 1.72072e-01, 6.89437e-01]
166500 [2.35873e+00, 1.78872e-01, 7.52335e-01, 4.29257e-01, 3.57048e-01, 1.69561e-01, 6.86510e-01]
167000 [2.34648e+00, 1.77002e-01, 7.50037e-01, 4.30714e-01, 3.57013e-01, 1.69831e-01, 6.84958e-01]
167500 [2.34190e+00, 1.75951e-01, 7.47382e-01, 4.32162e-01, 3.56919e-01, 1.70232e-01, 6.86691e-01]
168000 [2.33328e+00, 1.76724e-01, 7.45304e-01, 4.29718e-01, 3.56947e-01, 1.68678e-01, 6.86282e-01]
168500 [2.33943e+00, 1.75899e-01, 7.42743e-01, 4.32155e-01, 3.56515e-01, 1.69510e-01, 6.87751e-01]
169000 [2.34706e+00, 1.75430e-01, 7.40401e-01, 4.34303e-01, 3.56166e-01, 1.70330e-01, 6.89916e-01]
169500 [2.35294e+00, 1.78044e-01, 7.39556e-01, 4.26748e-01, 3.56497e-01, 1.69110e-01, 6.95904e-01]
170000 [2.35968e+00, 1.75039e-01, 7.37619e-01, 4.33404e-01, 3.56519e-01, 1.69711e-01, 6.95214e-01]
170500 [2.36161e+00, 1.74529e-01, 7.35660e-01, 4.31941e-01, 3.56759e-01, 1.70466e-01, 6.92264e-01]
171000 [2.35692e+00, 1.74567e-01, 7.33564e-01, 4.31817e-01, 3.56439e-01, 1.70379e-01, 6.85421e-01]
171500 [2.33821e+00, 1.74642e-01, 7.31916e-01, 4.27140e-01, 3.56640e-01, 1.68950e-01, 6.75686e-01]
172000 [2.31612e+00, 1.75961e-01, 7.30360e-01, 4.20382e-01, 3.56708e-01, 1.66825e-01, 6.61275e-01]
172500 [2.30851e+00, 1.75312e-01, 7.29300e-01, 4.26379e-01, 3.56590e-01, 1.68385e-01, 6.56570e-01]
173000 [2.31341e+00, 1.74599e-01, 7.28164e-01, 4.25593e-01, 3.56512e-01, 1.67290e-01, 6.57113e-01]
173500 [2.30905e+00, 1.74262e-01, 7.26390e-01, 4.21482e-01, 3.56437e-01, 1.66489e-01, 6.57554e-01]
174000 [2.30352e+00, 1.75083e-01, 7.25724e-01, 4.17715e-01, 3.57119e-01, 1.64828e-01, 6.57870e-01]
174500 [2.29094e+00, 1.74629e-01, 7.24452e-01, 4.18860e-01, 3.56837e-01, 1.65303e-01, 6.59091e-01]
175000 [2.29294e+00, 1.73440e-01, 7.23031e-01, 4.22931e-01, 3.56712e-01, 1.66198e-01, 6.64781e-01]
175500 [2.30790e+00, 1.72607e-01, 7.21338e-01, 4.28673e-01, 3.56632e-01, 1.67764e-01, 6.71747e-01]
176000 [2.30290e+00, 1.73002e-01, 7.20190e-01, 4.20724e-01, 3.56735e-01, 1.65676e-01, 6.72457e-01]
176500 [2.30723e+00, 1.74136e-01, 7.18904e-01, 4.24201e-01, 3.56444e-01, 1.66763e-01, 6.74872e-01]
177000 [2.30646e+00, 1.73273e-01, 7.17907e-01, 4.22087e-01, 3.56657e-01, 1.66306e-01, 6.78425e-01]
177500 [2.29786e+00, 1.74006e-01, 7.16895e-01, 4.18904e-01, 3.56569e-01, 1.65050e-01, 6.81888e-01]
178000 [2.29456e+00, 1.73189e-01, 7.15872e-01, 4.19777e-01, 3.56516e-01, 1.65133e-01, 6.81415e-01]
178500 [2.29516e+00, 1.72786e-01, 7.14678e-01, 4.19593e-01, 3.56314e-01, 1.65079e-01, 6.81588e-01]
179000 [2.30389e+00, 1.74360e-01, 7.15237e-01, 4.25951e-01, 3.57211e-01, 1.68063e-01, 6.86899e-01]
179500 [2.31845e+00, 1.74417e-01, 7.15269e-01, 4.28005e-01, 3.56432e-01, 1.68895e-01, 6.85473e-01]
180000 [2.31946e+00, 1.74832e-01, 7.15258e-01, 4.16175e-01, 3.56020e-01, 1.66170e-01, 6.84653e-01]
180500 [2.29649e+00, 1.73492e-01, 7.15166e-01, 4.25042e-01, 3.56204e-01, 1.67386e-01, 6.78626e-01]
181000 [2.29432e+00, 1.73185e-01, 7.14187e-01, 4.24747e-01, 3.55966e-01, 1.66572e-01, 6.79244e-01]
181500 [2.32380e+00, 1.73308e-01, 7.11287e-01, 4.39218e-01, 3.55438e-01, 1.77264e-01, 6.88150e-01]
182000 [2.22112e+00, 1.89236e-01, 7.15494e-01, 4.19206e-01, 3.55706e-01, 1.64816e-01, 6.95189e-01]
182500 [2.18381e+00, 1.92740e-01, 7.17506e-01, 4.20053e-01, 3.56067e-01, 1.65963e-01, 6.91898e-01]
183000 [2.17650e+00, 1.95873e-01, 7.19510e-01, 4.23075e-01, 3.56335e-01, 1.68024e-01, 6.96059e-01]
183500 [2.19106e+00, 1.98008e-01, 7.21228e-01, 4.29156e-01, 3.56478e-01, 1.69948e-01, 7.03925e-01]
184000 [2.19874e+00, 2.01086e-01, 7.23817e-01, 4.27281e-01, 3.56644e-01, 1.70868e-01, 7.09591e-01]
184500 [2.21001e+00, 2.03313e-01, 7.26444e-01, 4.35785e-01, 3.57080e-01, 1.73026e-01, 7.16778e-01]
185000 [2.21914e+00, 2.04649e-01, 7.29304e-01, 4.49876e-01, 3.57465e-01, 1.75474e-01, 7.20256e-01]
185500 [2.23329e+00, 2.06073e-01, 7.31778e-01, 4.44555e-01, 3.57622e-01, 1.76512e-01, 7.21574e-01]
186000 [2.25323e+00, 2.06497e-01, 7.34310e-01, 4.49087e-01, 3.57701e-01, 1.78397e-01, 7.22260e-01]
186500 [2.26659e+00, 2.07825e-01, 7.37049e-01, 4.51407e-01, 3.58082e-01, 1.78231e-01, 7.22624e-01]
187000 [2.27661e+00, 2.09120e-01, 7.39738e-01, 4.48225e-01, 3.58321e-01, 1.78638e-01, 7.23197e-01]
187500 [2.28168e+00, 2.10095e-01, 7.42781e-01, 4.59017e-01, 3.58694e-01, 1.80065e-01, 7.24907e-01]
188000 [2.27769e+00, 2.11777e-01, 7.46203e-01, 4.49161e-01, 3.59033e-01, 1.79409e-01, 7.23740e-01]
188500 [2.30267e+00, 2.06420e-01, 7.48750e-01, 4.71541e-01, 3.59384e-01, 1.85148e-01, 7.30476e-01]
189000 [2.34930e+00, 2.10013e-01, 7.50816e-01, 4.61585e-01, 3.58959e-01, 1.81567e-01, 7.17966e-01]
189500 [2.37531e+00, 2.15114e-01, 7.53826e-01, 4.83314e-01, 3.59461e-01, 1.85956e-01, 7.14385e-01]
190000 [2.61099e+00, 2.42463e-01, 7.52121e-01, 5.58381e-01, 3.55109e-01, 2.18001e-01, 7.21168e-01]
190500 [2.70897e+00, 2.25136e-01, 7.59111e-01, 5.46116e-01, 3.57343e-01, 2.16501e-01, 7.22413e-01]
191000 [2.74713e+00, 2.09416e-01, 7.61061e-01, 5.08130e-01, 3.56783e-01, 2.00797e-01, 7.19903e-01]
191500 [2.72148e+00, 1.96854e-01, 7.62167e-01, 4.79215e-01, 3.56570e-01, 1.89316e-01, 7.16111e-01]
192000 [2.64905e+00, 1.90007e-01, 7.62113e-01, 4.68618e-01, 3.56566e-01, 1.84217e-01, 7.21777e-01]
192500 [2.57831e+00, 1.83752e-01, 7.60880e-01, 4.57653e-01, 3.56587e-01, 1.79451e-01, 7.22858e-01]
193000 [2.51213e+00, 1.84174e-01, 7.60125e-01, 4.45345e-01, 3.56910e-01, 1.75767e-01, 7.20497e-01]
193500 [2.45631e+00, 1.80488e-01, 7.58023e-01, 4.38416e-01, 3.57043e-01, 1.72777e-01, 7.19073e-01]
194000 [2.41678e+00, 1.78500e-01, 7.55239e-01, 4.34195e-01, 3.57007e-01, 1.70965e-01, 7.19320e-01]
194500 [2.38916e+00, 1.77108e-01, 7.52323e-01, 4.30981e-01, 3.57027e-01, 1.69789e-01, 7.21029e-01]
195000 [2.36987e+00, 1.76107e-01, 7.49265e-01, 4.28642e-01, 3.56951e-01, 1.68863e-01, 7.24136e-01]
195500 [2.35662e+00, 1.75472e-01, 7.46397e-01, 4.27170e-01, 3.57006e-01, 1.68274e-01, 7.28315e-01]
196000 [2.34625e+00, 1.74981e-01, 7.43471e-01, 4.26544e-01, 3.56970e-01, 1.67720e-01, 7.33236e-01]
196500 [2.33871e+00, 1.74523e-01, 7.40708e-01, 4.24927e-01, 3.56936e-01, 1.67420e-01, 7.38530e-01]
197000 [2.33216e+00, 1.74402e-01, 7.38154e-01, 4.24503e-01, 3.57025e-01, 1.66985e-01, 7.43967e-01]
197500 [2.32728e+00, 1.73972e-01, 7.35598e-01, 4.23607e-01, 3.56916e-01, 1.66841e-01, 7.49556e-01]
198000 [2.32295e+00, 1.73677e-01, 7.33182e-01, 4.22732e-01, 3.56791e-01, 1.66580e-01, 7.54295e-01]
198500 [2.32736e+00, 1.72226e-01, 7.30935e-01, 4.26109e-01, 3.56839e-01, 1.67829e-01, 7.60319e-01]
199000 [2.33877e+00, 1.71684e-01, 7.28521e-01, 4.29863e-01, 3.56836e-01, 1.69093e-01, 7.65631e-01]
199500 [2.34716e+00, 1.71334e-01, 7.26093e-01, 4.30405e-01, 3.56678e-01, 1.69326e-01, 7.71793e-01]
200000 [2.37298e+00, 1.79063e-01, 7.26678e-01, 4.35594e-01, 3.56879e-01, 1.71942e-01, 7.76104e-01]
200500 [2.36714e+00, 1.76594e-01, 7.25627e-01, 4.29923e-01, 3.56880e-01, 1.69551e-01, 7.74350e-01]
201000 [2.35450e+00, 1.75543e-01, 7.24434e-01, 4.27310e-01, 3.56812e-01, 1.68512e-01, 7.76041e-01]
201500 [2.33979e+00, 1.75549e-01, 7.24158e-01, 4.26697e-01, 3.56764e-01, 1.68760e-01, 7.83976e-01]
202000 [2.32473e+00, 1.74143e-01, 7.23220e-01, 4.23943e-01, 3.56778e-01, 1.67384e-01, 7.87240e-01]
202500 [2.31335e+00, 1.73415e-01, 7.22014e-01, 4.22264e-01, 3.56800e-01, 1.66566e-01, 7.88629e-01]
203000 [2.30696e+00, 1.73032e-01, 7.20708e-01, 4.21111e-01, 3.56797e-01, 1.66219e-01, 7.96509e-01]
203500 [2.30404e+00, 1.95212e-01, 7.22535e-01, 4.35881e-01, 3.56702e-01, 1.71399e-01, 7.78311e-01]
204000 [2.34451e+00, 2.03664e-01, 7.24885e-01, 4.63964e-01, 3.55351e-01, 1.83826e-01, 7.55313e-01]
204500 [2.39061e+00, 2.08551e-01, 7.27790e-01, 4.55724e-01, 3.55378e-01, 1.80592e-01, 7.36693e-01]
205000 [2.47059e+00, 1.95742e-01, 7.28910e-01, 4.67201e-01, 3.55363e-01, 1.84858e-01, 7.19640e-01]
205500 [2.47898e+00, 1.87883e-01, 7.29281e-01, 4.54302e-01, 3.55079e-01, 1.79472e-01, 7.23772e-01]
206000 [2.44005e+00, 1.97771e-01, 7.25540e-01, 4.49164e-01, 3.56042e-01, 1.79783e-01, 7.19688e-01]
206500 [2.41233e+00, 1.99254e-01, 7.35720e-01, 4.46892e-01, 3.54507e-01, 1.74335e-01, 7.43497e-01]
207000 [2.40541e+00, 1.99522e-01, 7.35406e-01, 4.49498e-01, 3.54151e-01, 1.75777e-01, 7.53513e-01]
207500 [2.45349e+00, 1.90503e-01, 7.35145e-01, 4.69094e-01, 3.55208e-01, 1.85955e-01, 7.58612e-01]
208000 [2.47342e+00, 1.83047e-01, 7.34196e-01, 4.51505e-01, 3.54525e-01, 1.78457e-01, 7.66251e-01]
208500 [2.45170e+00, 1.78892e-01, 7.33409e-01, 4.42700e-01, 3.54195e-01, 1.74509e-01, 7.70059e-01]
209000 [2.42428e+00, 1.76340e-01, 7.32053e-01, 4.37816e-01, 3.54155e-01, 1.72442e-01, 7.71126e-01]
209500 [2.40124e+00, 1.74541e-01, 7.30153e-01, 4.34547e-01, 3.54133e-01, 1.71169e-01, 7.69028e-01]
210000 [2.38403e+00, 1.73221e-01, 7.27937e-01, 4.32377e-01, 3.53996e-01, 1.70296e-01, 7.65109e-01]
210500 [2.37164e+00, 1.72348e-01, 7.25675e-01, 4.31131e-01, 3.53899e-01, 1.69799e-01, 7.62014e-01]
211000 [2.36230e+00, 1.71830e-01, 7.23561e-01, 4.29965e-01, 3.53943e-01, 1.69460e-01, 7.63566e-01]
211500 [2.35533e+00, 1.71269e-01, 7.21263e-01, 4.29131e-01, 3.53754e-01, 1.69091e-01, 7.73568e-01]
212000 [2.35058e+00, 1.70982e-01, 7.19099e-01, 4.29075e-01, 3.53627e-01, 1.68933e-01, 7.92589e-01]
212500 [2.34798e+00, 1.70735e-01, 7.17029e-01, 4.29551e-01, 3.53481e-01, 1.68869e-01, 8.18602e-01]
213000 [2.34693e+00, 1.70626e-01, 7.15111e-01, 4.29426e-01, 3.53325e-01, 1.68824e-01, 8.42172e-01]
213500 [2.34584e+00, 1.70236e-01, 7.13287e-01, 4.28409e-01, 3.53114e-01, 1.68651e-01, 8.58398e-01]
214000 [2.34375e+00, 1.70150e-01, 7.11667e-01, 4.28151e-01, 3.53055e-01, 1.68709e-01, 8.71610e-01]
214500 [2.34150e+00, 1.70033e-01, 7.10074e-01, 4.29468e-01, 3.52897e-01, 1.68607e-01, 8.78595e-01]
215000 [2.33871e+00, 1.69819e-01, 7.08593e-01, 4.29549e-01, 3.52787e-01, 1.68563e-01, 8.85260e-01]
215500 [2.32200e+00, 1.72899e-01, 7.08181e-01, 4.24689e-01, 3.52995e-01, 1.67517e-01, 8.83659e-01]
216000 [2.31725e+00, 1.71754e-01, 7.06847e-01, 4.24377e-01, 3.52478e-01, 1.67148e-01, 8.84727e-01]
216500 [2.31742e+00, 1.71340e-01, 7.06154e-01, 4.25344e-01, 3.52458e-01, 1.67409e-01, 8.87296e-01]
217000 [2.30678e+00, 1.72684e-01, 7.05848e-01, 4.22117e-01, 3.52341e-01, 1.65611e-01, 8.82333e-01]
217500 [2.31030e+00, 1.72355e-01, 7.04933e-01, 4.19634e-01, 3.52215e-01, 1.64935e-01, 8.81328e-01]
218000 [2.30124e+00, 1.72039e-01, 7.04222e-01, 4.18969e-01, 3.51967e-01, 1.64882e-01, 8.71778e-01]
218500 [2.30331e+00, 1.70417e-01, 7.03285e-01, 4.22128e-01, 3.51901e-01, 1.65732e-01, 8.62441e-01]
219000 [2.30660e+00, 1.70313e-01, 7.02378e-01, 4.24149e-01, 3.51732e-01, 1.66175e-01, 8.46750e-01]
219500 [2.31221e+00, 1.69810e-01, 7.01213e-01, 4.24559e-01, 3.51381e-01, 1.66753e-01, 8.34450e-01]
220000 [2.31134e+00, 1.71030e-01, 7.00275e-01, 4.16174e-01, 3.51079e-01, 1.64302e-01, 8.31189e-01]
220500 [2.30314e+00, 1.71940e-01, 7.00111e-01, 4.18805e-01, 3.50691e-01, 1.64987e-01, 8.18885e-01]
221000 [2.29680e+00, 1.72051e-01, 6.99721e-01, 4.20671e-01, 3.50360e-01, 1.65869e-01, 8.10000e-01]
221500 [2.29499e+00, 1.71337e-01, 6.99082e-01, 4.20245e-01, 3.50017e-01, 1.65577e-01, 8.09566e-01]
222000 [2.29470e+00, 1.70970e-01, 6.98279e-01, 4.18659e-01, 3.49656e-01, 1.65350e-01, 8.10640e-01]
222500 [2.27299e+00, 1.86440e-01, 7.04543e-01, 4.25988e-01, 3.51359e-01, 1.64457e-01, 7.75652e-01]
223000 [2.27702e+00, 1.89248e-01, 7.04053e-01, 4.33571e-01, 3.50280e-01, 1.67588e-01, 7.79795e-01]
223500 [2.27813e+00, 1.92456e-01, 7.05992e-01, 4.39464e-01, 3.49704e-01, 1.69853e-01, 7.87829e-01]
224000 [2.29800e+00, 1.93087e-01, 7.07176e-01, 4.38850e-01, 3.48934e-01, 1.71198e-01, 7.81810e-01]
224500 [2.31296e+00, 1.94009e-01, 7.07976e-01, 4.39528e-01, 3.48790e-01, 1.72055e-01, 7.83749e-01]
225000 [2.33435e+00, 1.94041e-01, 7.08981e-01, 4.41833e-01, 3.48474e-01, 1.73115e-01, 7.92881e-01]
225500 [2.30239e+00, 2.07794e-01, 7.15641e-01, 4.40530e-01, 3.48421e-01, 1.70873e-01, 7.84935e-01]
226000 [2.32229e+00, 2.02374e-01, 7.19588e-01, 4.58644e-01, 3.50537e-01, 1.82066e-01, 7.86513e-01]
226500 [2.30790e+00, 2.04071e-01, 7.21605e-01, 4.49600e-01, 3.50346e-01, 1.76944e-01, 7.82164e-01]
227000 [2.30594e+00, 2.03598e-01, 7.23232e-01, 4.47592e-01, 3.49911e-01, 1.76865e-01, 7.82731e-01]
227500 [2.29735e+00, 2.04196e-01, 7.25438e-01, 4.37612e-01, 3.49802e-01, 1.74004e-01, 7.82022e-01]
228000 [2.27359e+00, 2.06254e-01, 7.28397e-01, 4.29678e-01, 3.49732e-01, 1.71651e-01, 7.81395e-01]
228500 [2.27183e+00, 2.06002e-01, 7.32031e-01, 4.41268e-01, 3.50640e-01, 1.75162e-01, 7.87774e-01]
229000 [2.28513e+00, 2.05461e-01, 7.33899e-01, 4.39642e-01, 3.49970e-01, 1.75597e-01, 7.92951e-01]
229500 [2.27535e+00, 2.07132e-01, 7.37388e-01, 4.34038e-01, 3.50354e-01, 1.73959e-01, 7.92307e-01]
230000 [2.31162e+00, 2.07650e-01, 7.40130e-01, 4.52495e-01, 3.51636e-01, 1.75754e-01, 8.02302e-01]
230500 [2.33868e+00, 2.11962e-01, 7.42013e-01, 4.49138e-01, 3.50710e-01, 1.79150e-01, 7.96234e-01]
231000 [2.35607e+00, 2.11575e-01, 7.43923e-01, 4.58624e-01, 3.49906e-01, 1.81238e-01, 8.00361e-01]
231500 [2.34881e+00, 2.10390e-01, 7.46692e-01, 4.43252e-01, 3.50089e-01, 1.78298e-01, 8.02397e-01]
232000 [2.33059e+00, 2.12047e-01, 7.49002e-01, 4.38243e-01, 3.50373e-01, 1.75992e-01, 8.06970e-01]
232500 [2.40216e+00, 2.22618e-01, 7.52367e-01, 5.11995e-01, 3.51692e-01, 1.92633e-01, 7.85794e-01]
233000 [2.49641e+00, 2.23752e-01, 7.53336e-01, 5.11462e-01, 3.50140e-01, 1.99955e-01, 7.89561e-01]
233500 [2.56216e+00, 2.20683e-01, 7.55360e-01, 5.08486e-01, 3.49049e-01, 1.98625e-01, 7.97195e-01]
234000 [2.61698e+00, 2.06066e-01, 7.58740e-01, 5.02198e-01, 3.49967e-01, 1.97702e-01, 7.98442e-01]
234500 [2.61432e+00, 1.92892e-01, 7.59220e-01, 4.70692e-01, 3.49610e-01, 1.85760e-01, 8.00029e-01]
235000 [2.56205e+00, 1.86861e-01, 7.58711e-01, 4.54687e-01, 3.49559e-01, 1.79804e-01, 8.05640e-01]
235500 [2.50699e+00, 1.83304e-01, 7.57461e-01, 4.45512e-01, 3.49753e-01, 1.76106e-01, 8.14234e-01]
236000 [2.46143e+00, 1.80954e-01, 7.55823e-01, 4.39499e-01, 3.50162e-01, 1.73641e-01, 8.26645e-01]
236500 [2.42543e+00, 1.79044e-01, 7.53570e-01, 4.35511e-01, 3.50341e-01, 1.71833e-01, 8.41405e-01]
237000 [2.39774e+00, 1.77562e-01, 7.51048e-01, 4.32081e-01, 3.50425e-01, 1.70428e-01, 8.57812e-01]
237500 [2.37623e+00, 1.76311e-01, 7.48291e-01, 4.29124e-01, 3.50365e-01, 1.69249e-01, 8.76078e-01]
238000 [2.36021e+00, 1.75422e-01, 7.45569e-01, 4.27099e-01, 3.50391e-01, 1.68373e-01, 8.95409e-01]
238500 [2.34811e+00, 1.75089e-01, 7.42897e-01, 4.26784e-01, 3.50546e-01, 1.68225e-01, 9.16058e-01]
239000 [2.33864e+00, 1.74308e-01, 7.40012e-01, 4.25169e-01, 3.50330e-01, 1.67560e-01, 9.38707e-01]
239500 [2.33137e+00, 1.73925e-01, 7.37475e-01, 4.24651e-01, 3.50323e-01, 1.67256e-01, 9.54066e-01]
240000 [2.32651e+00, 1.73425e-01, 7.35127e-01, 4.23382e-01, 3.50225e-01, 1.66726e-01, 9.62796e-01]
240500 [2.31833e+00, 1.73970e-01, 7.33173e-01, 4.23756e-01, 3.50425e-01, 1.66692e-01, 9.64420e-01]
241000 [2.31265e+00, 1.73719e-01, 7.30945e-01, 4.22414e-01, 3.50236e-01, 1.66268e-01, 9.72462e-01]
241500 [2.31006e+00, 1.73052e-01, 7.28631e-01, 4.21456e-01, 3.50087e-01, 1.65977e-01, 9.79869e-01]
242000 [2.30010e+00, 1.74757e-01, 7.27687e-01, 4.21409e-01, 3.50030e-01, 1.66172e-01, 9.75695e-01]
242500 [2.30956e+00, 1.72584e-01, 7.25572e-01, 4.25537e-01, 3.50028e-01, 1.67472e-01, 9.87454e-01]
243000 [2.30758e+00, 1.74293e-01, 7.23985e-01, 4.17700e-01, 3.49886e-01, 1.65365e-01, 9.89789e-01]
243500 [2.30297e+00, 1.73682e-01, 7.22460e-01, 4.24991e-01, 3.49926e-01, 1.66985e-01, 9.92073e-01]
244000 [2.30738e+00, 1.77345e-01, 7.22655e-01, 4.24715e-01, 3.52792e-01, 1.67858e-01, 9.72159e-01]
244500 [2.30794e+00, 1.74888e-01, 7.21985e-01, 4.26683e-01, 3.52430e-01, 1.67839e-01, 9.73461e-01]
245000 [2.30963e+00, 1.74719e-01, 7.20881e-01, 4.22173e-01, 3.51888e-01, 1.65236e-01, 9.74768e-01]
245500 [2.30870e+00, 1.72794e-01, 7.18731e-01, 4.21025e-01, 3.51621e-01, 1.65602e-01, 9.82465e-01]
246000 [2.30435e+00, 1.72267e-01, 7.16727e-01, 4.19842e-01, 3.51404e-01, 1.65356e-01, 9.88208e-01]
246500 [2.30115e+00, 1.72039e-01, 7.14976e-01, 4.19996e-01, 3.51092e-01, 1.65300e-01, 9.96292e-01]
247000 [2.29953e+00, 1.71802e-01, 7.13521e-01, 4.19501e-01, 3.50879e-01, 1.65194e-01, 1.00219e+00]
247500 [2.29705e+00, 1.71461e-01, 7.12002e-01, 4.18866e-01, 3.50647e-01, 1.64981e-01, 1.01181e+00]
248000 [2.29445e+00, 1.71111e-01, 7.10568e-01, 4.18284e-01, 3.50447e-01, 1.64777e-01, 1.01816e+00]
248500 [2.29156e+00, 1.70839e-01, 7.09203e-01, 4.17939e-01, 3.50309e-01, 1.64657e-01, 1.01960e+00]
249000 [2.28849e+00, 1.70507e-01, 7.07734e-01, 4.17172e-01, 3.50031e-01, 1.64324e-01, 1.01719e+00]
249500 [2.28550e+00, 1.70232e-01, 7.06313e-01, 4.17014e-01, 3.49800e-01, 1.64217e-01, 1.01297e+00]
250000 [2.28276e+00, 1.70088e-01, 7.05041e-01, 4.16274e-01, 3.49619e-01, 1.64028e-01, 1.00811e+00]
250500 [2.27419e+00, 1.71778e-01, 7.05248e-01, 4.20604e-01, 3.49868e-01, 1.65288e-01, 1.00969e+00]
251000 [2.27025e+00, 1.71475e-01, 7.04383e-01, 4.17581e-01, 3.49642e-01, 1.64692e-01, 1.01390e+00]
251500 [2.27125e+00, 1.70735e-01, 7.03310e-01, 4.15821e-01, 3.49398e-01, 1.63836e-01, 1.02145e+00]
252000 [2.27378e+00, 1.70648e-01, 7.02237e-01, 4.16016e-01, 3.49305e-01, 1.63855e-01, 1.03624e+00]
252500 [2.27687e+00, 1.70546e-01, 7.01235e-01, 4.16319e-01, 3.49021e-01, 1.64036e-01, 1.05719e+00]
253000 [2.27976e+00, 1.70395e-01, 7.00752e-01, 4.16796e-01, 3.48879e-01, 1.64205e-01, 1.07959e+00]
253500 [2.28804e+00, 1.72778e-01, 7.01800e-01, 4.23635e-01, 3.49304e-01, 1.67014e-01, 1.07159e+00]
254000 [2.30725e+00, 1.74276e-01, 7.07338e-01, 4.25479e-01, 3.47480e-01, 1.68445e-01, 1.07414e+00]
254500 [2.30858e+00, 1.72327e-01, 7.06942e-01, 4.21622e-01, 3.47533e-01, 1.66446e-01, 1.07648e+00]
255000 [2.29433e+00, 1.71320e-01, 7.06013e-01, 4.18104e-01, 3.47952e-01, 1.63697e-01, 1.07838e+00]
255500 [2.29476e+00, 1.71272e-01, 7.04659e-01, 4.18605e-01, 3.47877e-01, 1.64224e-01, 1.07409e+00]
256000 [2.28507e+00, 1.71967e-01, 7.04222e-01, 4.03901e-01, 3.47928e-01, 1.60607e-01, 1.07866e+00]
256500 [2.28483e+00, 1.72844e-01, 7.03443e-01, 4.20064e-01, 3.47794e-01, 1.65312e-01, 1.06536e+00]
257000 [2.29318e+00, 1.73190e-01, 7.02658e-01, 4.21765e-01, 3.47620e-01, 1.65942e-01, 1.03872e+00]
257500 [2.30627e+00, 1.72746e-01, 7.02244e-01, 4.23102e-01, 3.47339e-01, 1.66863e-01, 1.01285e+00]
258000 [2.29362e+00, 1.74066e-01, 7.02343e-01, 4.17421e-01, 3.47343e-01, 1.64814e-01, 1.00635e+00]
258500 [2.29467e+00, 1.73733e-01, 7.02083e-01, 4.20417e-01, 3.47289e-01, 1.65924e-01, 1.00142e+00]
259000 [2.29898e+00, 1.72825e-01, 7.01788e-01, 4.20062e-01, 3.47034e-01, 1.65597e-01, 1.00243e+00]
259500 [2.30067e+00, 1.72840e-01, 7.01606e-01, 4.20657e-01, 3.46926e-01, 1.65737e-01, 1.00328e+00]
260000 [2.30350e+00, 1.72634e-01, 7.01169e-01, 4.21237e-01, 3.46570e-01, 1.66080e-01, 9.93303e-01]
260500 [2.30397e+00, 1.72232e-01, 7.00767e-01, 4.20871e-01, 3.46463e-01, 1.65953e-01, 9.82175e-01]
261000 [2.30128e+00, 1.71991e-01, 7.00312e-01, 4.20536e-01, 3.46298e-01, 1.65794e-01, 9.68795e-01]
261500 [2.29765e+00, 1.71467e-01, 6.99624e-01, 4.19662e-01, 3.45984e-01, 1.65260e-01, 9.56845e-01]
262000 [2.29464e+00, 1.71116e-01, 6.99168e-01, 4.19623e-01, 3.45908e-01, 1.65373e-01, 9.47932e-01]
262500 [2.29179e+00, 1.70904e-01, 6.98551e-01, 4.18267e-01, 3.45706e-01, 1.64971e-01, 9.40486e-01]
263000 [2.26560e+00, 1.76488e-01, 7.06074e-01, 4.09834e-01, 3.52425e-01, 1.61814e-01, 9.19789e-01]
263500 [2.26445e+00, 1.73780e-01, 7.04838e-01, 4.25394e-01, 3.51219e-01, 1.66955e-01, 9.32716e-01]
264000 [2.28457e+00, 1.72158e-01, 7.03611e-01, 4.21447e-01, 3.50448e-01, 1.65830e-01, 9.57968e-01]
264500 [2.29267e+00, 1.78799e-01, 6.96610e-01, 4.31309e-01, 3.46566e-01, 1.61972e-01, 9.53272e-01]
265000 [2.29172e+00, 1.75051e-01, 6.97420e-01, 4.18450e-01, 3.46980e-01, 1.65373e-01, 9.61352e-01]
265500 [2.28583e+00, 1.74314e-01, 6.97560e-01, 4.16539e-01, 3.46941e-01, 1.64577e-01, 9.62875e-01]
266000 [2.27797e+00, 1.73648e-01, 6.97676e-01, 4.14847e-01, 3.46737e-01, 1.63890e-01, 9.65777e-01]
266500 [2.26852e+00, 1.73049e-01, 6.97823e-01, 4.13364e-01, 3.46481e-01, 1.63300e-01, 9.68498e-01]
267000 [2.26101e+00, 1.72642e-01, 6.98245e-01, 4.12227e-01, 3.46708e-01, 1.62904e-01, 9.71479e-01]
267500 [2.25506e+00, 1.72267e-01, 6.98469e-01, 4.11435e-01, 3.46773e-01, 1.62492e-01, 9.73878e-01]
268000 [2.25002e+00, 1.71955e-01, 6.98491e-01, 4.10710e-01, 3.46882e-01, 1.62186e-01, 9.75958e-01]
268500 [2.24601e+00, 1.71731e-01, 6.98457e-01, 4.10203e-01, 3.46937e-01, 1.61991e-01, 9.77651e-01]
269000 [2.24363e+00, 1.71670e-01, 6.98425e-01, 4.10531e-01, 3.47130e-01, 1.62085e-01, 9.80996e-01]
269500 [2.25067e+00, 1.71450e-01, 6.97841e-01, 4.13965e-01, 3.47172e-01, 1.63036e-01, 9.86834e-01]
270000 [2.26019e+00, 1.71695e-01, 6.97215e-01, 4.15138e-01, 3.47175e-01, 1.63508e-01, 9.88183e-01]
270500 [2.26811e+00, 1.71678e-01, 6.96812e-01, 4.16118e-01, 3.47271e-01, 1.63857e-01, 9.89146e-01]
271000 [2.27526e+00, 1.71486e-01, 6.96678e-01, 4.16687e-01, 3.47601e-01, 1.63976e-01, 9.88184e-01]
271500 [2.28290e+00, 1.70978e-01, 6.96816e-01, 4.17561e-01, 3.48006e-01, 1.64337e-01, 9.85101e-01]
272000 [2.28747e+00, 1.70726e-01, 6.96786e-01, 4.17863e-01, 3.48091e-01, 1.64462e-01, 9.83533e-01]
272500 [2.29124e+00, 1.70609e-01, 6.96615e-01, 4.18210e-01, 3.48169e-01, 1.64659e-01, 9.84086e-01]
273000 [2.29361e+00, 1.70622e-01, 6.96421e-01, 4.18456e-01, 3.48207e-01, 1.64832e-01, 9.84567e-01]
273500 [2.29514e+00, 1.70575e-01, 6.96144e-01, 4.19002e-01, 3.48312e-01, 1.65025e-01, 9.85322e-01]
274000 [2.29623e+00, 1.70622e-01, 6.95902e-01, 4.19104e-01, 3.48349e-01, 1.65101e-01, 9.86342e-01]
274500 [2.29661e+00, 1.70589e-01, 6.95531e-01, 4.19375e-01, 3.48376e-01, 1.65190e-01, 9.87662e-01]
275000 [2.28641e+00, 1.71089e-01, 6.96200e-01, 4.20729e-01, 3.48939e-01, 1.65530e-01, 9.88822e-01]
275500 [2.28194e+00, 1.71291e-01, 6.96361e-01, 4.20186e-01, 3.48950e-01, 1.64732e-01, 9.92155e-01]
276000 [2.28765e+00, 1.70521e-01, 6.96140e-01, 4.19387e-01, 3.48990e-01, 1.64998e-01, 9.97975e-01]
276500 [2.29165e+00, 1.70215e-01, 6.95763e-01, 4.18613e-01, 3.49120e-01, 1.64721e-01, 1.00614e+00]
277000 [2.29316e+00, 1.70044e-01, 6.95332e-01, 4.18420e-01, 3.49260e-01, 1.64662e-01, 1.01091e+00]
277500 [2.27524e+00, 1.72026e-01, 6.95312e-01, 4.12229e-01, 3.49431e-01, 1.62606e-01, 1.01003e+00]
278000 [2.26397e+00, 1.71984e-01, 6.95807e-01, 4.12464e-01, 3.49439e-01, 1.63025e-01, 1.01110e+00]
278500 [2.26957e+00, 1.71131e-01, 6.95636e-01, 4.10761e-01, 3.49483e-01, 1.63003e-01, 1.01419e+00]
279000 [2.26670e+00, 1.70259e-01, 6.95374e-01, 4.21243e-01, 3.49434e-01, 1.65670e-01, 1.01301e+00]
279500 [2.21545e+00, 1.93240e-01, 7.03001e-01, 4.15438e-01, 3.51790e-01, 1.66022e-01, 9.28137e-01]
280000 [2.21463e+00, 1.94997e-01, 7.06484e-01, 4.29278e-01, 3.51409e-01, 1.70409e-01, 9.23071e-01]
280500 [2.23452e+00, 1.96094e-01, 7.12827e-01, 4.27515e-01, 3.53145e-01, 1.69305e-01, 9.25791e-01]
281000 [2.24081e+00, 1.96301e-01, 7.14397e-01, 4.36029e-01, 3.52794e-01, 1.72405e-01, 9.29022e-01]
281500 [2.25644e+00, 1.96165e-01, 7.14776e-01, 4.38346e-01, 3.52124e-01, 1.73477e-01, 9.36896e-01]
282000 [2.27380e+00, 1.96663e-01, 7.18100e-01, 4.38414e-01, 3.53422e-01, 1.73872e-01, 9.38215e-01]
282500 [2.27778e+00, 1.96930e-01, 7.18444e-01, 4.41907e-01, 3.52555e-01, 1.74876e-01, 9.40657e-01]
283000 [2.28688e+00, 1.97657e-01, 7.18996e-01, 4.44502e-01, 3.52171e-01, 1.75922e-01, 9.42567e-01]
283500 [2.30513e+00, 1.99135e-01, 7.22770e-01, 4.44458e-01, 3.52617e-01, 1.75586e-01, 9.44239e-01]
284000 [2.31258e+00, 1.98815e-01, 7.23028e-01, 4.48512e-01, 3.52259e-01, 1.77311e-01, 9.43865e-01]
284500 [2.32194e+00, 1.98997e-01, 7.23717e-01, 4.50283e-01, 3.51930e-01, 1.77701e-01, 9.43851e-01]
285000 [2.32700e+00, 2.01207e-01, 7.26373e-01, 4.35030e-01, 3.54068e-01, 1.72853e-01, 9.38382e-01]
285500 [2.30442e+00, 2.03264e-01, 7.28506e-01, 4.47202e-01, 3.53690e-01, 1.76876e-01, 9.39594e-01]
286000 [2.30856e+00, 2.03369e-01, 7.29423e-01, 4.48975e-01, 3.53138e-01, 1.77971e-01, 9.42124e-01]
286500 [2.31055e+00, 2.03338e-01, 7.30830e-01, 4.47568e-01, 3.52892e-01, 1.77387e-01, 9.42586e-01]
287000 [2.31984e+00, 2.03088e-01, 7.32601e-01, 4.52866e-01, 3.52380e-01, 1.79492e-01, 9.43412e-01]
287500 [2.33465e+00, 2.03633e-01, 7.35175e-01, 4.49007e-01, 3.55148e-01, 1.79031e-01, 9.41672e-01]
288000 [2.33022e+00, 2.03938e-01, 7.36945e-01, 4.51106e-01, 3.54689e-01, 1.78617e-01, 9.37830e-01]
288500 [2.32908e+00, 2.03842e-01, 7.38187e-01, 4.52226e-01, 3.54176e-01, 1.78914e-01, 9.37130e-01]
289000 [2.35768e+00, 2.06394e-01, 7.39025e-01, 4.49550e-01, 3.53758e-01, 1.77502e-01, 9.51886e-01]
289500 [2.33572e+00, 2.04039e-01, 7.41201e-01, 4.50661e-01, 3.53579e-01, 1.77811e-01, 9.31259e-01]
290000 [2.37939e+00, 1.88820e-01, 7.39489e-01, 4.57411e-01, 3.54535e-01, 1.79862e-01, 9.17131e-01]
290500 [2.39530e+00, 1.81185e-01, 7.38614e-01, 4.39732e-01, 3.54264e-01, 1.73195e-01, 9.18257e-01]
291000 [2.38022e+00, 1.78737e-01, 7.36932e-01, 4.34001e-01, 3.54114e-01, 1.70945e-01, 9.21223e-01]
291500 [2.36618e+00, 1.77972e-01, 7.36161e-01, 4.31637e-01, 3.54350e-01, 1.70207e-01, 9.26412e-01]
292000 [2.37730e+00, 1.82244e-01, 7.40464e-01, 4.43649e-01, 3.55159e-01, 1.74107e-01, 9.33527e-01]
292500 [2.37830e+00, 1.78305e-01, 7.38182e-01, 4.33867e-01, 3.54226e-01, 1.70748e-01, 9.36363e-01]
293000 [2.36157e+00, 1.76641e-01, 7.35542e-01, 4.29597e-01, 3.54324e-01, 1.69185e-01, 9.37003e-01]
293500 [2.34503e+00, 1.75481e-01, 7.32622e-01, 4.26775e-01, 3.54347e-01, 1.68129e-01, 9.37307e-01]
294000 [2.33158e+00, 1.74588e-01, 7.29798e-01, 4.24555e-01, 3.54249e-01, 1.67290e-01, 9.38541e-01]
294500 [2.32145e+00, 1.74028e-01, 7.27122e-01, 4.22915e-01, 3.54355e-01, 1.66671e-01, 9.41252e-01]
295000 [2.31053e+00, 1.74353e-01, 7.25348e-01, 4.23048e-01, 3.54331e-01, 1.66626e-01, 9.43269e-01]
295500 [2.31465e+00, 1.74071e-01, 7.23705e-01, 4.23461e-01, 3.54020e-01, 1.66750e-01, 9.40825e-01]
296000 [2.32993e+00, 1.75740e-01, 7.23846e-01, 4.29006e-01, 3.53417e-01, 1.69401e-01, 9.27146e-01]
296500 [2.33597e+00, 1.74201e-01, 7.22785e-01, 4.27430e-01, 3.53224e-01, 1.68434e-01, 9.24396e-01]
297000 [2.32801e+00, 1.73236e-01, 7.21720e-01, 4.24767e-01, 3.52942e-01, 1.67164e-01, 9.25335e-01]
297500 [2.32329e+00, 1.73023e-01, 7.19678e-01, 4.23616e-01, 3.52869e-01, 1.66994e-01, 9.27921e-01]
298000 [2.32179e+00, 1.72669e-01, 7.19508e-01, 4.27156e-01, 3.52529e-01, 1.68637e-01, 9.34205e-01]
298500 [2.32634e+00, 1.73273e-01, 7.18750e-01, 4.25836e-01, 3.52460e-01, 1.67653e-01, 9.39722e-01]
299000 [2.31723e+00, 1.80074e-01, 7.20967e-01, 4.18215e-01, 3.53936e-01, 1.65499e-01, 9.43269e-01]
299500 [2.29329e+00, 1.78876e-01, 7.20166e-01, 4.15503e-01, 3.53518e-01, 1.64235e-01, 9.43383e-01]
300000 [2.30084e+00, 1.77701e-01, 7.18710e-01, 4.23067e-01, 3.53413e-01, 1.68157e-01, 9.34773e-01]
300500 [2.30190e+00, 1.75701e-01, 7.17278e-01, 4.20756e-01, 3.53438e-01, 1.65862e-01, 9.27037e-01]
301000 [2.29868e+00, 1.74984e-01, 7.16878e-01, 4.19497e-01, 3.53717e-01, 1.65831e-01, 9.23262e-01]
301500 [2.29534e+00, 1.74741e-01, 7.16604e-01, 4.19339e-01, 3.53451e-01, 1.65488e-01, 9.20988e-01]
302000 [2.29547e+00, 1.74184e-01, 7.16282e-01, 4.18911e-01, 3.53296e-01, 1.65176e-01, 9.24636e-01]
302500 [2.29428e+00, 1.73889e-01, 7.15486e-01, 4.19157e-01, 3.53449e-01, 1.65453e-01, 9.24157e-01]
303000 [2.29234e+00, 1.76959e-01, 7.16329e-01, 4.21052e-01, 3.54303e-01, 1.66276e-01, 9.23591e-01]
303500 [2.29123e+00, 1.75470e-01, 7.15785e-01, 4.18690e-01, 3.53523e-01, 1.65314e-01, 9.18542e-01]
304000 [2.28787e+00, 1.74452e-01, 7.14857e-01, 4.16416e-01, 3.53289e-01, 1.64541e-01, 9.21639e-01]
304500 [2.28061e+00, 1.73769e-01, 7.13541e-01, 4.15562e-01, 3.53130e-01, 1.64157e-01, 9.22450e-01]
305000 [2.27576e+00, 1.73455e-01, 7.12338e-01, 4.15462e-01, 3.53209e-01, 1.64182e-01, 9.22193e-01]
305500 [2.26990e+00, 1.75291e-01, 7.12306e-01, 4.07865e-01, 3.55665e-01, 1.63054e-01, 9.22652e-01]
306000 [2.24615e+00, 1.76000e-01, 7.11322e-01, 4.08786e-01, 3.55261e-01, 1.61479e-01, 9.23149e-01]
306500 [2.23854e+00, 1.76596e-01, 7.10944e-01, 4.10345e-01, 3.54473e-01, 1.62197e-01, 9.22557e-01]
307000 [2.22843e+00, 1.75747e-01, 7.10114e-01, 4.08318e-01, 3.53901e-01, 1.61359e-01, 9.22204e-01]
307500 [2.22717e+00, 1.74044e-01, 7.10000e-01, 4.19315e-01, 3.53561e-01, 1.65864e-01, 9.17582e-01]
308000 [2.25226e+00, 1.72659e-01, 7.10186e-01, 4.17480e-01, 3.53551e-01, 1.64428e-01, 9.13922e-01]
308500 [2.27442e+00, 1.71206e-01, 7.09099e-01, 4.22556e-01, 3.53460e-01, 1.65521e-01, 9.18625e-01]
309000 [2.28383e+00, 1.71472e-01, 7.08393e-01, 4.17727e-01, 3.54360e-01, 1.64386e-01, 9.24541e-01]
309500 [2.28193e+00, 1.71427e-01, 7.07261e-01, 4.16964e-01, 3.53859e-01, 1.64070e-01, 9.25740e-01]
310000 [2.28181e+00, 1.71538e-01, 7.06112e-01, 4.17057e-01, 3.53754e-01, 1.64129e-01, 9.27248e-01]
310500 [2.27020e+00, 1.73158e-01, 7.09498e-01, 4.10116e-01, 3.54037e-01, 1.60393e-01, 9.36326e-01]
311000 [2.26243e+00, 1.73827e-01, 7.09695e-01, 4.17515e-01, 3.54010e-01, 1.64472e-01, 9.30159e-01]
311500 [2.26156e+00, 1.73092e-01, 7.09283e-01, 4.13654e-01, 3.53514e-01, 1.62924e-01, 9.28763e-01]
312000 [2.25179e+00, 1.75124e-01, 7.07416e-01, 4.18272e-01, 3.56094e-01, 1.64857e-01, 9.25233e-01]
312500 [2.25788e+00, 1.78002e-01, 7.07152e-01, 4.14069e-01, 3.55841e-01, 1.63556e-01, 9.18395e-01]
313000 [2.24656e+00, 1.76662e-01, 7.06741e-01, 4.10497e-01, 3.55528e-01, 1.62284e-01, 9.17320e-01]
313500 [2.23908e+00, 1.76478e-01, 7.03503e-01, 4.08432e-01, 3.56886e-01, 1.61840e-01, 9.17585e-01]
314000 [2.24485e+00, 1.76221e-01, 7.05118e-01, 4.09549e-01, 3.57029e-01, 1.62032e-01, 9.21550e-01]
314500 [2.27432e+00, 1.76095e-01, 7.05872e-01, 4.19082e-01, 3.56080e-01, 1.65356e-01, 9.16412e-01]
315000 [2.28090e+00, 1.74716e-01, 7.06536e-01, 4.17244e-01, 3.55587e-01, 1.64635e-01, 9.06924e-01]
315500 [2.27753e+00, 1.74107e-01, 7.06588e-01, 4.15933e-01, 3.55384e-01, 1.64299e-01, 9.00173e-01]
316000 [2.25288e+00, 1.75926e-01, 7.06570e-01, 4.08601e-01, 3.56069e-01, 1.61477e-01, 8.98122e-01]
316500 [2.26018e+00, 1.73529e-01, 7.06049e-01, 4.15938e-01, 3.55228e-01, 1.64499e-01, 9.01485e-01]
317000 [2.27092e+00, 1.73168e-01, 7.06283e-01, 4.17626e-01, 3.54604e-01, 1.64963e-01, 9.03718e-01]
317500 [2.28383e+00, 1.75893e-01, 7.09376e-01, 4.22625e-01, 3.55724e-01, 1.67132e-01, 9.22202e-01]
318000 [2.29532e+00, 1.72793e-01, 7.08388e-01, 4.20695e-01, 3.55028e-01, 1.65901e-01, 9.22393e-01]
318500 [2.29474e+00, 1.72169e-01, 7.07368e-01, 4.19021e-01, 3.54733e-01, 1.65121e-01, 9.24192e-01]
319000 [2.29221e+00, 1.71880e-01, 7.06480e-01, 4.18464e-01, 3.54587e-01, 1.64950e-01, 9.27123e-01]
319500 [2.28920e+00, 1.71654e-01, 7.05817e-01, 4.18387e-01, 3.54223e-01, 1.64684e-01, 9.35136e-01]
320000 [2.28732e+00, 1.71328e-01, 7.04975e-01, 4.19243e-01, 3.53846e-01, 1.64659e-01, 9.53655e-01]
320500 [2.28312e+00, 1.74952e-01, 7.03856e-01, 4.15303e-01, 3.53415e-01, 1.64485e-01, 9.57192e-01]
321000 [2.25654e+00, 1.76488e-01, 7.06171e-01, 4.09983e-01, 3.54022e-01, 1.61965e-01, 9.50295e-01]
321500 [2.23881e+00, 1.75898e-01, 7.05483e-01, 4.08682e-01, 3.53642e-01, 1.61441e-01, 9.49279e-01]
322000 [2.23779e+00, 1.73161e-01, 7.03134e-01, 4.14041e-01, 3.53799e-01, 1.63041e-01, 9.41441e-01]
322500 [2.23662e+00, 1.74844e-01, 7.04071e-01, 4.06036e-01, 3.53813e-01, 1.60472e-01, 9.46827e-01]
323000 [2.22123e+00, 1.75039e-01, 7.03126e-01, 4.06701e-01, 3.53626e-01, 1.60674e-01, 9.45569e-01]
323500 [2.21365e+00, 1.74785e-01, 7.02133e-01, 4.06127e-01, 3.53381e-01, 1.60455e-01, 9.45076e-01]
324000 [2.20890e+00, 1.74623e-01, 7.01256e-01, 4.05750e-01, 3.53214e-01, 1.60379e-01, 9.44675e-01]
324500 [2.20558e+00, 1.74447e-01, 7.00261e-01, 4.05186e-01, 3.52990e-01, 1.60146e-01, 9.44315e-01]
325000 [2.20279e+00, 1.74334e-01, 6.99409e-01, 4.04917e-01, 3.52628e-01, 1.60043e-01, 9.45324e-01]
325500 [2.20165e+00, 1.74197e-01, 6.98285e-01, 4.04839e-01, 3.52251e-01, 1.59937e-01, 9.45735e-01]
326000 [2.20087e+00, 1.74134e-01, 6.97464e-01, 4.04617e-01, 3.51880e-01, 1.59875e-01, 9.45017e-01]
326500 [2.20016e+00, 1.74178e-01, 6.96802e-01, 4.04529e-01, 3.51596e-01, 1.59987e-01, 9.44500e-01]
327000 [2.19931e+00, 1.74030e-01, 6.96007e-01, 4.04389e-01, 3.51048e-01, 1.59774e-01, 9.43334e-01]
327500 [2.19858e+00, 1.74032e-01, 6.95222e-01, 4.04401e-01, 3.50664e-01, 1.59839e-01, 9.42158e-01]
328000 [2.19862e+00, 1.72151e-01, 6.93199e-01, 4.07858e-01, 3.50469e-01, 1.56137e-01, 9.53244e-01]
328500 [2.14739e+00, 1.79486e-01, 6.96704e-01, 3.92852e-01, 3.52540e-01, 1.54269e-01, 9.56995e-01]
329000 [2.12774e+00, 1.80381e-01, 6.96602e-01, 4.09577e-01, 3.52334e-01, 1.60714e-01, 9.58482e-01]
329500 [2.13443e+00, 1.81562e-01, 6.97209e-01, 4.11041e-01, 3.51301e-01, 1.61739e-01, 9.63633e-01]
330000 [2.13304e+00, 1.81776e-01, 6.97123e-01, 4.10899e-01, 3.50535e-01, 1.61845e-01, 9.65939e-01]
330500 [2.13200e+00, 1.81829e-01, 6.96943e-01, 4.10005e-01, 3.50229e-01, 1.61574e-01, 9.67841e-01]
331000 [2.18079e+00, 1.86933e-01, 7.00096e-01, 4.12700e-01, 3.50601e-01, 1.63102e-01, 9.46093e-01]
331500 [2.20977e+00, 1.87687e-01, 7.00071e-01, 4.22891e-01, 3.50181e-01, 1.65494e-01, 9.46820e-01]
332000 [2.24623e+00, 1.87816e-01, 6.99515e-01, 4.29085e-01, 3.49568e-01, 1.67081e-01, 9.45728e-01]
332500 [2.26228e+00, 1.89765e-01, 7.03769e-01, 4.33194e-01, 3.49049e-01, 1.69102e-01, 9.35077e-01]
333000 [2.29440e+00, 1.89199e-01, 7.04087e-01, 4.35941e-01, 3.48673e-01, 1.69873e-01, 9.45481e-01]
333500 [2.31922e+00, 1.89535e-01, 7.05041e-01, 4.39423e-01, 3.48081e-01, 1.70673e-01, 9.52478e-01]
334000 [2.33838e+00, 1.90809e-01, 7.06734e-01, 4.41574e-01, 3.47567e-01, 1.71149e-01, 9.58903e-01]
334500 [2.38641e+00, 1.81245e-01, 7.07463e-01, 4.46828e-01, 3.47864e-01, 1.74815e-01, 9.64510e-01]
335000 [2.39970e+00, 1.76314e-01, 7.06022e-01, 4.37333e-01, 3.47429e-01, 1.72412e-01, 9.64428e-01]
335500 [2.39259e+00, 1.73988e-01, 7.05074e-01, 4.34034e-01, 3.46947e-01, 1.71120e-01, 9.70235e-01]
336000 [2.36343e+00, 1.75301e-01, 7.05189e-01, 4.25818e-01, 3.47530e-01, 1.68217e-01, 9.61545e-01]
336500 [2.36137e+00, 1.73415e-01, 7.04714e-01, 4.31100e-01, 3.47041e-01, 1.70236e-01, 9.58516e-01]
337000 [2.35662e+00, 1.71305e-01, 7.04168e-01, 4.29848e-01, 3.46710e-01, 1.69136e-01, 9.52551e-01]
337500 [2.34832e+00, 1.70696e-01, 7.03088e-01, 4.29097e-01, 3.46534e-01, 1.68858e-01, 9.40666e-01]
338000 [2.34243e+00, 1.70256e-01, 7.01648e-01, 4.28526e-01, 3.46299e-01, 1.68725e-01, 9.33777e-01]
338500 [2.33801e+00, 1.69910e-01, 7.00350e-01, 4.28029e-01, 3.45942e-01, 1.68665e-01, 9.29842e-01]
339000 [2.33258e+00, 1.70342e-01, 6.99094e-01, 4.19953e-01, 3.45992e-01, 1.66467e-01, 9.32257e-01]
339500 [2.33057e+00, 1.69666e-01, 6.98724e-01, 4.26848e-01, 3.45758e-01, 1.68067e-01, 9.39976e-01]
340000 [2.33353e+00, 1.69342e-01, 6.97679e-01, 4.26133e-01, 3.45570e-01, 1.67845e-01, 9.55079e-01]
340500 [2.33217e+00, 1.69164e-01, 6.96451e-01, 4.26863e-01, 3.45174e-01, 1.68382e-01, 9.66866e-01]
341000 [2.29590e+00, 1.71441e-01, 6.96442e-01, 4.18715e-01, 3.45075e-01, 1.65581e-01, 9.62019e-01]
341500 [2.28281e+00, 1.71132e-01, 6.96309e-01, 4.18241e-01, 3.44837e-01, 1.65416e-01, 9.62113e-01]
342000 [2.27323e+00, 1.71669e-01, 6.96723e-01, 4.17849e-01, 3.44985e-01, 1.64835e-01, 9.60075e-01]
342500 [2.28228e+00, 1.70898e-01, 6.96362e-01, 4.19073e-01, 3.44447e-01, 1.64909e-01, 9.58716e-01]
343000 [2.26665e+00, 1.71550e-01, 6.96247e-01, 4.13516e-01, 3.44141e-01, 1.63124e-01, 9.54719e-01]
343500 [2.26186e+00, 1.71110e-01, 6.95747e-01, 4.13649e-01, 3.43842e-01, 1.63140e-01, 9.53167e-01]
344000 [2.25989e+00, 1.70647e-01, 6.95004e-01, 4.13625e-01, 3.43581e-01, 1.63196e-01, 9.51731e-01]
344500 [2.25842e+00, 1.73109e-01, 6.97660e-01, 4.16352e-01, 3.46950e-01, 1.64605e-01, 1.01440e+00]
345000 [2.28026e+00, 1.71405e-01, 6.97628e-01, 4.21306e-01, 3.46522e-01, 1.65704e-01, 1.01451e+00]
345500 [2.29207e+00, 1.70557e-01, 6.96954e-01, 4.20680e-01, 3.45998e-01, 1.65412e-01, 1.01004e+00]
346000 [2.29752e+00, 1.70212e-01, 6.95927e-01, 4.20688e-01, 3.45554e-01, 1.65492e-01, 1.00444e+00]
346500 [2.29936e+00, 1.70006e-01, 6.95086e-01, 4.20744e-01, 3.45459e-01, 1.65419e-01, 9.99788e-01]
347000 [2.29999e+00, 1.69867e-01, 6.94399e-01, 4.21018e-01, 3.45292e-01, 1.65620e-01, 9.96351e-01]
347500 [2.30169e+00, 1.69647e-01, 6.93696e-01, 4.21832e-01, 3.45063e-01, 1.66120e-01, 9.97106e-01]
348000 [2.30337e+00, 1.69326e-01, 6.93092e-01, 4.22957e-01, 3.44979e-01, 1.66709e-01, 1.00022e+00]
348500 [2.29381e+00, 1.71002e-01, 6.92871e-01, 4.15335e-01, 3.44716e-01, 1.63579e-01, 9.97371e-01]
349000 [2.28254e+00, 1.71201e-01, 6.92398e-01, 4.18777e-01, 3.44469e-01, 1.65532e-01, 9.63198e-01]
349500 [2.28449e+00, 1.70830e-01, 6.92293e-01, 4.18728e-01, 3.44095e-01, 1.65329e-01, 9.59604e-01]
350000 [2.28304e+00, 1.70434e-01, 6.91988e-01, 4.18368e-01, 3.43822e-01, 1.64925e-01, 9.63111e-01]
350500 [2.28230e+00, 1.70356e-01, 6.91526e-01, 4.18398e-01, 3.43563e-01, 1.64876e-01, 9.78941e-01]
351000 [2.28396e+00, 1.71322e-01, 6.92969e-01, 4.17216e-01, 3.44456e-01, 1.63920e-01, 9.83609e-01]
351500 [2.27485e+00, 1.71783e-01, 6.92364e-01, 4.13328e-01, 3.43956e-01, 1.62614e-01, 9.76176e-01]
352000 [2.27656e+00, 1.71100e-01, 6.91999e-01, 4.16953e-01, 3.43287e-01, 1.64098e-01, 9.72585e-01]
352500 [2.27968e+00, 1.70264e-01, 6.91688e-01, 4.17153e-01, 3.43231e-01, 1.64585e-01, 9.69279e-01]
353000 [2.27551e+00, 1.70380e-01, 6.91543e-01, 4.18324e-01, 3.44001e-01, 1.64373e-01, 9.57334e-01]
353500 [2.28071e+00, 1.70127e-01, 6.90854e-01, 4.17373e-01, 3.43214e-01, 1.64735e-01, 9.67238e-01]
354000 [2.27445e+00, 1.70022e-01, 6.90903e-01, 4.13304e-01, 3.44632e-01, 1.62800e-01, 9.63518e-01]
354500 [2.27056e+00, 1.70019e-01, 6.90291e-01, 4.13669e-01, 3.44075e-01, 1.62905e-01, 9.70092e-01]
355000 [2.26798e+00, 1.69994e-01, 6.89823e-01, 4.13674e-01, 3.43360e-01, 1.62988e-01, 9.78053e-01]
355500 [2.26738e+00, 1.70025e-01, 6.89905e-01, 4.13558e-01, 3.42907e-01, 1.62833e-01, 9.83096e-01]
356000 [2.26532e+00, 1.69932e-01, 6.89507e-01, 4.13668e-01, 3.42421e-01, 1.62847e-01, 9.88866e-01]
356500 [2.26484e+00, 1.69924e-01, 6.89092e-01, 4.13635e-01, 3.41943e-01, 1.62848e-01, 9.95990e-01]
357000 [2.26491e+00, 1.69962e-01, 6.88716e-01, 4.13584e-01, 3.41528e-01, 1.62875e-01, 1.00471e+00]
357500 [2.26388e+00, 1.70241e-01, 6.88103e-01, 4.10294e-01, 3.42369e-01, 1.61835e-01, 1.01409e+00]
358000 [2.26570e+00, 1.70044e-01, 6.88002e-01, 4.13937e-01, 3.42899e-01, 1.63174e-01, 1.02108e+00]
358500 [2.26698e+00, 1.69968e-01, 6.87483e-01, 4.13800e-01, 3.42274e-01, 1.63082e-01, 1.02344e+00]
359000 [2.26709e+00, 1.70182e-01, 6.89032e-01, 4.14216e-01, 3.42586e-01, 1.63213e-01, 1.01825e+00]
359500 [2.26484e+00, 1.70238e-01, 6.88898e-01, 4.14044e-01, 3.42110e-01, 1.62977e-01, 1.01456e+00]
360000 [2.26560e+00, 1.69924e-01, 6.88428e-01, 4.13767e-01, 3.41423e-01, 1.62927e-01, 1.01802e+00]
360500 [2.26486e+00, 1.69815e-01, 6.87955e-01, 4.13583e-01, 3.40875e-01, 1.62817e-01, 1.02190e+00]
361000 [2.26461e+00, 1.69734e-01, 6.87622e-01, 4.13419e-01, 3.40444e-01, 1.62732e-01, 1.02675e+00]
361500 [2.26248e+00, 1.69741e-01, 6.87305e-01, 4.13275e-01, 3.39979e-01, 1.62625e-01, 1.03316e+00]
362000 [2.26143e+00, 1.69748e-01, 6.86979e-01, 4.13004e-01, 3.39547e-01, 1.62579e-01, 1.03850e+00]
362500 [2.26275e+00, 1.69738e-01, 6.86627e-01, 4.13262e-01, 3.39452e-01, 1.62908e-01, 1.04737e+00]
363000 [2.26354e+00, 1.69572e-01, 6.86064e-01, 4.13375e-01, 3.38901e-01, 1.62634e-01, 1.04759e+00]
363500 [2.26371e+00, 1.69484e-01, 6.85768e-01, 4.12978e-01, 3.38459e-01, 1.62584e-01, 1.05147e+00]
364000 [2.26318e+00, 1.69338e-01, 6.85429e-01, 4.12744e-01, 3.37990e-01, 1.62556e-01, 1.05687e+00]
364500 [2.26215e+00, 1.69507e-01, 6.85405e-01, 4.12786e-01, 3.37934e-01, 1.62674e-01, 1.05971e+00]
365000 [2.26310e+00, 1.69250e-01, 6.84923e-01, 4.12512e-01, 3.37356e-01, 1.62468e-01, 1.06274e+00]
365500 [2.26150e+00, 1.69230e-01, 6.85036e-01, 4.12686e-01, 3.37138e-01, 1.62404e-01, 1.06923e+00]
366000 [2.26234e+00, 1.69277e-01, 6.84438e-01, 4.12422e-01, 3.36814e-01, 1.62272e-01, 1.06666e+00]
366500 [2.26159e+00, 1.69195e-01, 6.84467e-01, 4.12795e-01, 3.36679e-01, 1.61449e-01, 1.06838e+00]
367000 [2.26101e+00, 1.69005e-01, 6.84001e-01, 4.12263e-01, 3.36056e-01, 1.62376e-01, 1.07196e+00]
367500 [2.26122e+00, 1.69008e-01, 6.83551e-01, 4.11145e-01, 3.35822e-01, 1.62130e-01, 1.07719e+00]
368000 [2.25992e+00, 1.69042e-01, 6.83500e-01, 4.12286e-01, 3.35494e-01, 1.62119e-01, 1.07095e+00]
368500 [2.25975e+00, 1.69005e-01, 6.83179e-01, 4.11824e-01, 3.35153e-01, 1.62220e-01, 1.07081e+00]
369000 [2.25403e+00, 1.69594e-01, 6.83112e-01, 4.10316e-01, 3.35059e-01, 1.61186e-01, 1.07326e+00]
369500 [2.25433e+00, 1.69482e-01, 6.82820e-01, 4.11556e-01, 3.34660e-01, 1.62090e-01, 1.08261e+00]
370000 [2.25652e+00, 1.69219e-01, 6.82767e-01, 4.12342e-01, 3.34340e-01, 1.62294e-01, 1.09458e+00]
370500 [2.25697e+00, 1.69278e-01, 6.82526e-01, 4.12144e-01, 3.33972e-01, 1.62272e-01, 1.10985e+00]
371000 [2.25706e+00, 1.69306e-01, 6.82353e-01, 4.12203e-01, 3.33646e-01, 1.62307e-01, 1.12632e+00]
371500 [2.25746e+00, 1.69324e-01, 6.82256e-01, 4.12215e-01, 3.33327e-01, 1.62296e-01, 1.13991e+00]
372000 [2.25812e+00, 1.69550e-01, 6.82853e-01, 4.12330e-01, 3.33785e-01, 1.62672e-01, 1.15610e+00]
372500 [2.25872e+00, 1.69231e-01, 6.82700e-01, 4.12192e-01, 3.33226e-01, 1.62305e-01, 1.16096e+00]
373000 [2.25857e+00, 1.69250e-01, 6.82528e-01, 4.11840e-01, 3.32786e-01, 1.62294e-01, 1.16716e+00]
373500 [2.25564e+00, 1.69219e-01, 6.82567e-01, 4.11708e-01, 3.32595e-01, 1.62091e-01, 1.18007e+00]
374000 [2.25654e+00, 1.69060e-01, 6.82235e-01, 4.11796e-01, 3.32149e-01, 1.62230e-01, 1.18763e+00]
374500 [2.23113e+00, 1.72499e-01, 6.83688e-01, 3.98599e-01, 3.33252e-01, 1.57346e-01, 1.18985e+00]
375000 [2.23506e+00, 1.70048e-01, 6.83719e-01, 4.10953e-01, 3.32824e-01, 1.61385e-01, 1.18499e+00]
375500 [2.24168e+00, 1.69296e-01, 6.83917e-01, 4.10662e-01, 3.32590e-01, 1.61172e-01, 1.18610e+00]
376000 [2.24552e+00, 1.69149e-01, 6.83766e-01, 4.10878e-01, 3.32301e-01, 1.61393e-01, 1.19231e+00]
376500 [2.24872e+00, 1.69115e-01, 6.83538e-01, 4.11162e-01, 3.32023e-01, 1.61685e-01, 1.19734e+00]
377000 [2.25315e+00, 1.69177e-01, 6.83340e-01, 4.12351e-01, 3.31773e-01, 1.62102e-01, 1.19903e+00]
377500 [2.26261e+00, 1.69126e-01, 6.83472e-01, 4.13605e-01, 3.31560e-01, 1.62839e-01, 1.19151e+00]
378000 [2.26659e+00, 1.69007e-01, 6.83471e-01, 4.13872e-01, 3.31248e-01, 1.62934e-01, 1.18139e+00]
378500 [2.26855e+00, 1.69085e-01, 6.83517e-01, 4.14162e-01, 3.31119e-01, 1.63130e-01, 1.16653e+00]
379000 [2.26856e+00, 1.69032e-01, 6.83579e-01, 4.14247e-01, 3.30922e-01, 1.63146e-01, 1.14653e+00]
379500 [2.26773e+00, 1.69028e-01, 6.83520e-01, 4.14409e-01, 3.30669e-01, 1.63227e-01, 1.11939e+00]
380000 [2.26701e+00, 1.68930e-01, 6.83516e-01, 4.14183e-01, 3.30427e-01, 1.63205e-01, 1.09047e+00]
380500 [2.26676e+00, 1.68845e-01, 6.83484e-01, 4.14156e-01, 3.30258e-01, 1.63236e-01, 1.06451e+00]
381000 [2.26683e+00, 1.68784e-01, 6.83439e-01, 4.14309e-01, 3.30113e-01, 1.63251e-01, 1.05002e+00]
381500 [2.26696e+00, 1.68754e-01, 6.83307e-01, 4.14272e-01, 3.29888e-01, 1.63217e-01, 1.04450e+00]
382000 [2.26605e+00, 1.68823e-01, 6.83359e-01, 4.14536e-01, 3.29861e-01, 1.63316e-01, 1.05480e+00]
382500 [2.26732e+00, 1.68838e-01, 6.83155e-01, 4.14731e-01, 3.29661e-01, 1.63472e-01, 1.04974e+00]
383000 [2.26873e+00, 1.68849e-01, 6.83058e-01, 4.14628e-01, 3.29500e-01, 1.63439e-01, 1.05477e+00]
383500 [2.26984e+00, 1.68791e-01, 6.82941e-01, 4.14726e-01, 3.29289e-01, 1.63503e-01, 1.06397e+00]
384000 [2.27114e+00, 1.68694e-01, 6.82770e-01, 4.14672e-01, 3.29090e-01, 1.63398e-01, 1.07509e+00]
384500 [2.26181e+00, 1.71485e-01, 6.86032e-01, 4.09862e-01, 3.31700e-01, 1.61729e-01, 1.06554e+00]
385000 [2.25255e+00, 1.72150e-01, 6.86257e-01, 4.09279e-01, 3.31551e-01, 1.61492e-01, 1.05529e+00]
385500 [2.25915e+00, 1.70975e-01, 6.85854e-01, 4.13213e-01, 3.31198e-01, 1.62991e-01, 1.07874e+00]
386000 [2.26334e+00, 1.70229e-01, 6.85615e-01, 4.13243e-01, 3.30892e-01, 1.62772e-01, 1.09402e+00]
386500 [2.26207e+00, 1.69649e-01, 6.85316e-01, 4.12392e-01, 3.30552e-01, 1.62364e-01, 1.10032e+00]
387000 [2.25911e+00, 1.69367e-01, 6.84998e-01, 4.11882e-01, 3.30265e-01, 1.62135e-01, 1.10419e+00]
387500 [2.25723e+00, 1.69311e-01, 6.84857e-01, 4.11558e-01, 3.30164e-01, 1.62112e-01, 1.10869e+00]
388000 [2.25545e+00, 1.69162e-01, 6.84470e-01, 4.11605e-01, 3.29802e-01, 1.61993e-01, 1.11081e+00]
388500 [2.25454e+00, 1.69156e-01, 6.84151e-01, 4.11568e-01, 3.29517e-01, 1.62027e-01, 1.11422e+00]
389000 [2.25046e+00, 1.69892e-01, 6.85584e-01, 4.10562e-01, 3.31382e-01, 1.61268e-01, 1.12973e+00]
389500 [2.25880e+00, 1.68994e-01, 6.85101e-01, 4.14980e-01, 3.31101e-01, 1.63127e-01, 1.14351e+00]
390000 [2.26564e+00, 1.68681e-01, 6.84660e-01, 4.14585e-01, 3.30765e-01, 1.63350e-01, 1.13800e+00]
390500 [2.24479e+00, 1.70659e-01, 6.85601e-01, 4.08667e-01, 3.30836e-01, 1.61438e-01, 1.13024e+00]
391000 [2.25289e+00, 1.69693e-01, 6.85117e-01, 4.12099e-01, 3.30713e-01, 1.61975e-01, 1.13127e+00]
391500 [2.26814e+00, 1.69148e-01, 6.84729e-01, 4.15833e-01, 3.30846e-01, 1.63785e-01, 1.12400e+00]
392000 [2.27335e+00, 1.68870e-01, 6.84557e-01, 4.15397e-01, 3.30709e-01, 1.63523e-01, 1.12882e+00]
392500 [2.27486e+00, 1.68784e-01, 6.84332e-01, 4.15613e-01, 3.30519e-01, 1.63682e-01, 1.13554e+00]
393000 [2.27646e+00, 1.68835e-01, 6.84413e-01, 4.15781e-01, 3.30566e-01, 1.63624e-01, 1.14199e+00]
393500 [2.26585e+00, 1.70441e-01, 6.85399e-01, 4.12154e-01, 3.31117e-01, 1.62559e-01, 1.13696e+00]
394000 [2.26341e+00, 1.71995e-01, 6.87043e-01, 4.05637e-01, 3.34179e-01, 1.60995e-01, 1.12731e+00]
394500 [2.25878e+00, 1.71430e-01, 6.87370e-01, 4.12327e-01, 3.33713e-01, 1.62689e-01, 1.12998e+00]
395000 [2.26814e+00, 1.69907e-01, 6.87375e-01, 4.14733e-01, 3.33329e-01, 1.63622e-01, 1.13420e+00]
395500 [2.27288e+00, 1.69473e-01, 6.86841e-01, 4.14780e-01, 3.32923e-01, 1.63542e-01, 1.13088e+00]
396000 [2.27316e+00, 1.69265e-01, 6.86390e-01, 4.14836e-01, 3.32722e-01, 1.63454e-01, 1.12637e+00]
396500 [2.24375e+00, 1.71134e-01, 6.87022e-01, 4.08396e-01, 3.32686e-01, 1.61362e-01, 1.11694e+00]
397000 [2.23453e+00, 1.70938e-01, 6.87687e-01, 4.08470e-01, 3.32676e-01, 1.61170e-01, 1.11423e+00]
397500 [2.23112e+00, 1.70659e-01, 6.88417e-01, 4.07589e-01, 3.33144e-01, 1.60862e-01, 1.11807e+00]
398000 [2.22649e+00, 1.71017e-01, 6.88819e-01, 4.02185e-01, 3.33967e-01, 1.58653e-01, 1.11824e+00]
398500 [2.24313e+00, 1.69699e-01, 6.88823e-01, 4.11230e-01, 3.33608e-01, 1.61763e-01, 1.13225e+00]
399000 [2.24792e+00, 1.69484e-01, 6.88568e-01, 4.10783e-01, 3.33496e-01, 1.61550e-01, 1.13349e+00]
399500 [2.25298e+00, 1.69311e-01, 6.87928e-01, 4.11626e-01, 3.33313e-01, 1.61940e-01, 1.13482e+00]
400000 [2.25718e+00, 1.69519e-01, 6.87536e-01, 4.13362e-01, 3.33115e-01, 1.62894e-01, 1.13233e+00]
