# x
1.680000000000000000e+02
3.360000000000000000e+02
6.720000000000000000e+02
7.440000000000000000e+02
8.400000000000000000e+02
1.008000000000000000e+03
1.344000000000000000e+03
1.680000000000000000e+02
3.360000000000000000e+02
6.720000000000000000e+02
7.440000000000000000e+02
8.400000000000000000e+02
1.008000000000000000e+03
1.344000000000000000e+03
1.680000000000000000e+02
3.360000000000000000e+02
6.720000000000000000e+02
7.440000000000000000e+02
8.400000000000000000e+02
1.008000000000000000e+03
1.344000000000000000e+03
1.680000000000000000e+02
3.360000000000000000e+02
6.720000000000000000e+02
7.440000000000000000e+02
8.400000000000000000e+02
1.008000000000000000e+03
1.344000000000000000e+03
1.680000000000000000e+02
3.360000000000000000e+02
6.720000000000000000e+02
7.440000000000000000e+02
8.400000000000000000e+02
1.008000000000000000e+03
1.344000000000000000e+03
1.680000000000000000e+02
3.360000000000000000e+02
6.720000000000000000e+02
7.440000000000000000e+02
8.400000000000000000e+02
1.008000000000000000e+03
1.344000000000000000e+03
1.680000000000000000e+02
3.360000000000000000e+02
6.720000000000000000e+02
7.440000000000000000e+02
8.400000000000000000e+02
1.008000000000000000e+03
1.344000000000000000e+03
1.680000000000000000e+02
3.360000000000000000e+02
6.720000000000000000e+02
7.440000000000000000e+02
8.400000000000000000e+02
1.008000000000000000e+03
1.344000000000000000e+03
0.000000000000000000e+00
0.000000000000000000e+00
1.344000000000000000e+03
1.344000000000000000e+03
1.344000000000000000e+03
0.000000000000000000e+00
1.344000000000000000e+03
6.720000000000000000e+02
3.360000000000000000e+02
1.008000000000000000e+03
1.680000000000000000e+02
8.400000000000000000e+02
5.040000000000000000e+02
1.176000000000000000e+03
8.400000000000000000e+01
7.560000000000000000e+02
4.200000000000000000e+02
1.092000000000000000e+03
2.520000000000000000e+02
9.240000000000000000e+02
5.880000000000000000e+02
1.260000000000000000e+03
4.200000000000000000e+01
7.140000000000000000e+02
3.780000000000000000e+02
1.050000000000000000e+03
2.100000000000000000e+02
8.820000000000000000e+02
5.460000000000000000e+02
1.218000000000000000e+03
1.260000000000000000e+02
7.980000000000000000e+02
4.620000000000000000e+02
1.134000000000000000e+03
2.940000000000000000e+02
9.660000000000000000e+02
6.300000000000000000e+02
1.302000000000000000e+03
2.100000000000000000e+01
6.930000000000000000e+02
3.570000000000000000e+02
1.029000000000000000e+03
1.890000000000000000e+02
8.610000000000000000e+02
5.250000000000000000e+02
1.197000000000000000e+03
1.050000000000000000e+02
7.770000000000000000e+02
4.410000000000000000e+02
1.113000000000000000e+03
2.730000000000000000e+02
9.450000000000000000e+02
6.090000000000000000e+02
1.281000000000000000e+03
6.300000000000000000e+01
7.350000000000000000e+02
3.990000000000000000e+02
1.071000000000000000e+03
2.310000000000000000e+02
9.030000000000000000e+02
5.670000000000000000e+02
1.239000000000000000e+03
1.470000000000000000e+02
8.190000000000000000e+02
4.830000000000000000e+02
1.155000000000000000e+03
3.150000000000000000e+02
9.870000000000000000e+02
6.510000000000000000e+02
1.323000000000000000e+03
1.050000000000000000e+01
6.825000000000000000e+02
3.465000000000000000e+02
1.018500000000000000e+03
1.785000000000000000e+02
8.505000000000000000e+02
5.145000000000000000e+02
1.186500000000000000e+03
9.450000000000000000e+01
7.665000000000000000e+02
4.305000000000000000e+02
1.102500000000000000e+03
2.625000000000000000e+02
9.345000000000000000e+02
5.985000000000000000e+02
1.270500000000000000e+03
5.250000000000000000e+01
7.245000000000000000e+02
3.885000000000000000e+02
1.060500000000000000e+03
2.205000000000000000e+02
8.925000000000000000e+02
5.565000000000000000e+02
1.228500000000000000e+03
1.365000000000000000e+02
8.085000000000000000e+02
4.725000000000000000e+02
1.144500000000000000e+03
3.045000000000000000e+02
9.765000000000000000e+02
6.405000000000000000e+02
1.312500000000000000e+03
3.150000000000000000e+01
7.035000000000000000e+02
3.675000000000000000e+02
1.039500000000000000e+03
1.995000000000000000e+02
8.715000000000000000e+02
5.355000000000000000e+02
1.207500000000000000e+03
1.155000000000000000e+02
7.875000000000000000e+02
4.515000000000000000e+02
1.123500000000000000e+03
2.835000000000000000e+02
9.555000000000000000e+02
6.195000000000000000e+02
1.291500000000000000e+03
7.350000000000000000e+01
7.455000000000000000e+02
4.095000000000000000e+02
1.081500000000000000e+03
2.415000000000000000e+02
9.135000000000000000e+02
5.775000000000000000e+02
1.249500000000000000e+03
1.575000000000000000e+02
8.295000000000000000e+02
4.935000000000000000e+02
1.165500000000000000e+03
3.255000000000000000e+02
9.975000000000000000e+02
6.615000000000000000e+02
1.333500000000000000e+03
5.250000000000000000e+00
6.772500000000000000e+02
3.412500000000000000e+02
1.013250000000000000e+03
1.732500000000000000e+02
8.452500000000000000e+02
5.092500000000000000e+02
1.181250000000000000e+03
8.925000000000000000e+01
7.612500000000000000e+02
4.252500000000000000e+02
1.097250000000000000e+03
2.572500000000000000e+02
9.292500000000000000e+02
5.932500000000000000e+02
1.265250000000000000e+03
4.725000000000000000e+01
7.192500000000000000e+02
3.832500000000000000e+02
1.055250000000000000e+03
2.152500000000000000e+02
8.872500000000000000e+02
5.512500000000000000e+02
1.223250000000000000e+03
1.312500000000000000e+02
8.032500000000000000e+02
4.672500000000000000e+02
1.139250000000000000e+03
2.992500000000000000e+02
9.712500000000000000e+02
6.352500000000000000e+02
1.307250000000000000e+03
2.625000000000000000e+01
6.982500000000000000e+02
3.622500000000000000e+02
1.034250000000000000e+03
1.942500000000000000e+02
8.662500000000000000e+02
5.302500000000000000e+02
1.202250000000000000e+03
1.102500000000000000e+02
7.822500000000000000e+02
4.462500000000000000e+02
1.118250000000000000e+03
2.782500000000000000e+02
9.502500000000000000e+02
6.142500000000000000e+02
1.286250000000000000e+03
6.825000000000000000e+01
7.402500000000000000e+02
4.042500000000000000e+02
1.076250000000000000e+03
2.362500000000000000e+02
9.082500000000000000e+02
5.722500000000000000e+02
1.244250000000000000e+03
1.522500000000000000e+02
8.242500000000000000e+02
4.882500000000000000e+02
1.160250000000000000e+03
3.202500000000000000e+02
9.922500000000000000e+02
6.562500000000000000e+02
1.328250000000000000e+03
1.575000000000000000e+01
6.877500000000000000e+02
3.517500000000000000e+02
1.023750000000000000e+03
1.837500000000000000e+02
8.557500000000000000e+02
5.197500000000000000e+02
1.191750000000000000e+03
9.975000000000000000e+01
