0 [2.52000e+00, 2.16000e-01, 7.74000e-01, 4.87000e-01, 3.62000e-01, 1.90000e-01, 5.70000e-01]
500 [2.48137e+00, 2.19232e-01, 7.76461e-01, 4.82053e-01, 3.62612e-01, 1.90158e-01, 5.68645e-01]
1000 [2.47838e+00, 2.23200e-01, 7.81799e-01, 4.79769e-01, 3.63205e-01, 1.90827e-01, 5.72845e-01]
1500 [2.47638e+00, 2.27164e-01, 7.86374e-01, 4.78341e-01, 3.63528e-01, 1.91705e-01, 5.72084e-01]
2000 [2.55291e+00, 2.26071e-01, 7.92000e-01, 4.95438e-01, 3.64172e-01, 1.95593e-01, 5.76707e-01]
2500 [2.60103e+00, 2.27793e-01, 7.97165e-01, 5.09319e-01, 3.64372e-01, 2.00791e-01, 5.81204e-01]
3000 [2.62229e+00, 2.33429e-01, 8.04225e-01, 5.02154e-01, 3.65387e-01, 1.99727e-01, 5.80285e-01]
3500 [2.60496e+00, 2.37097e-01, 8.10291e-01, 5.14461e-01, 3.66874e-01, 2.05497e-01, 5.76272e-01]
4000 [2.65869e+00, 2.38629e-01, 8.16042e-01, 5.20830e-01, 3.67226e-01, 2.08261e-01, 5.82531e-01]
4500 [2.71960e+00, 2.41267e-01, 8.23823e-01, 5.27691e-01, 3.67835e-01, 2.09321e-01, 5.84015e-01]
5000 [2.76903e+00, 2.42058e-01, 8.31998e-01, 5.33011e-01, 3.68730e-01, 2.10814e-01, 5.85352e-01]
5500 [2.80301e+00, 2.36821e-01, 8.41930e-01, 5.67186e-01, 3.72253e-01, 2.28316e-01, 6.02469e-01]
6000 [2.89278e+00, 2.48336e-01, 8.48125e-01, 5.72248e-01, 3.72118e-01, 2.21882e-01, 6.12409e-01]
6500 [3.00979e+00, 2.43802e-01, 8.53350e-01, 5.88025e-01, 3.72469e-01, 2.26651e-01, 6.12101e-01]
7000 [3.08872e+00, 2.48312e-01, 8.60068e-01, 5.70638e-01, 3.73947e-01, 2.22223e-01, 6.16347e-01]
7500 [3.12451e+00, 2.34595e-01, 8.65723e-01, 5.83943e-01, 3.73768e-01, 2.29162e-01, 6.05463e-01]
8000 [3.10225e+00, 2.27459e-01, 8.69896e-01, 5.71066e-01, 3.74151e-01, 2.24442e-01, 6.01365e-01]
8500 [3.06356e+00, 2.22496e-01, 8.72471e-01, 5.57308e-01, 3.74956e-01, 2.19596e-01, 5.96255e-01]
9000 [3.01778e+00, 2.18108e-01, 8.73168e-01, 5.50495e-01, 3.75497e-01, 2.17153e-01, 5.92247e-01]
9500 [2.97501e+00, 2.14917e-01, 8.72622e-01, 5.42177e-01, 3.76001e-01, 2.14322e-01, 5.88827e-01]
10000 [2.93755e+00, 2.12178e-01, 8.71416e-01, 5.35859e-01, 3.76607e-01, 2.11999e-01, 5.85558e-01]
10500 [2.90420e+00, 2.09931e-01, 8.69501e-01, 5.29753e-01, 3.77152e-01, 2.09839e-01, 5.82866e-01]
11000 [2.87444e+00, 2.08482e-01, 8.67033e-01, 5.25489e-01, 3.77550e-01, 2.08093e-01, 5.81887e-01]
11500 [2.84017e+00, 2.09105e-01, 8.64529e-01, 5.12653e-01, 3.77811e-01, 2.03160e-01, 5.80135e-01]
12000 [2.80900e+00, 2.11790e-01, 8.65782e-01, 5.02080e-01, 3.81238e-01, 1.98786e-01, 5.90581e-01]
12500 [2.77578e+00, 2.11412e-01, 8.64814e-01, 5.01236e-01, 3.81116e-01, 1.98468e-01, 5.91291e-01]
13000 [2.74325e+00, 2.09530e-01, 8.63269e-01, 4.96951e-01, 3.81020e-01, 1.96655e-01, 5.91107e-01]
13500 [2.70654e+00, 2.07072e-01, 8.60530e-01, 4.91677e-01, 3.80918e-01, 1.94485e-01, 5.91005e-01]
14000 [2.66813e+00, 2.04727e-01, 8.56520e-01, 4.86612e-01, 3.80942e-01, 1.92443e-01, 5.90467e-01]
14500 [2.64258e+00, 2.04379e-01, 8.52301e-01, 4.89638e-01, 3.80936e-01, 1.93183e-01, 5.87380e-01]
15000 [2.64799e+00, 2.04288e-01, 8.49365e-01, 4.85685e-01, 3.80716e-01, 1.92184e-01, 5.88202e-01]
15500 [2.64496e+00, 2.01792e-01, 8.46211e-01, 4.87725e-01, 3.80831e-01, 1.92072e-01, 5.87933e-01]
16000 [2.64727e+00, 1.98916e-01, 8.41763e-01, 4.87423e-01, 3.80847e-01, 1.91875e-01, 5.85773e-01]
16500 [2.64775e+00, 1.98336e-01, 8.36870e-01, 4.86095e-01, 3.80671e-01, 1.91469e-01, 5.85424e-01]
17000 [2.64149e+00, 1.98666e-01, 8.35792e-01, 4.83508e-01, 3.82254e-01, 1.89825e-01, 5.85129e-01]
17500 [2.62522e+00, 1.99283e-01, 8.33619e-01, 4.72459e-01, 3.81576e-01, 1.86793e-01, 5.83984e-01]
18000 [2.62165e+00, 1.96221e-01, 8.30177e-01, 4.77744e-01, 3.81125e-01, 1.88367e-01, 5.84179e-01]
18500 [2.61352e+00, 1.95477e-01, 8.26497e-01, 4.76062e-01, 3.81036e-01, 1.87627e-01, 5.83878e-01]
19000 [2.59465e+00, 1.97001e-01, 8.23980e-01, 4.74366e-01, 3.80307e-01, 1.87496e-01, 5.82803e-01]
19500 [2.51821e+00, 2.10344e-01, 8.24483e-01, 4.79616e-01, 3.81083e-01, 1.88498e-01, 5.86054e-01]
20000 [2.54033e+00, 2.17136e-01, 8.23016e-01, 4.95652e-01, 3.80840e-01, 1.94444e-01, 5.85537e-01]
20500 [2.57152e+00, 2.21447e-01, 8.24328e-01, 5.01773e-01, 3.80987e-01, 1.96811e-01, 6.01375e-01]
21000 [2.62773e+00, 2.22034e-01, 8.24268e-01, 5.18970e-01, 3.80912e-01, 2.01931e-01, 6.07067e-01]
21500 [2.70195e+00, 2.23584e-01, 8.25472e-01, 5.32432e-01, 3.81095e-01, 2.06108e-01, 6.07354e-01]
22000 [2.74260e+00, 2.28551e-01, 8.29543e-01, 5.27165e-01, 3.83214e-01, 2.07546e-01, 6.05788e-01]
22500 [2.76336e+00, 2.26975e-01, 8.30104e-01, 5.35730e-01, 3.83160e-01, 2.08558e-01, 6.07125e-01]
23000 [2.80638e+00, 2.26133e-01, 8.30828e-01, 5.47500e-01, 3.83004e-01, 2.10045e-01, 6.07548e-01]
23500 [2.86424e+00, 2.26960e-01, 8.32429e-01, 5.57376e-01, 3.82958e-01, 2.12401e-01, 6.08011e-01]
24000 [2.90146e+00, 2.29103e-01, 8.36443e-01, 5.63282e-01, 3.84318e-01, 2.15447e-01, 6.11379e-01]
24500 [2.91665e+00, 2.33899e-01, 8.40367e-01, 5.42955e-01, 3.84945e-01, 2.12524e-01, 6.13942e-01]
25000 [2.90365e+00, 2.35890e-01, 8.42918e-01, 5.53306e-01, 3.85495e-01, 2.14959e-01, 6.15628e-01]
25500 [2.92426e+00, 2.37108e-01, 8.45904e-01, 5.63357e-01, 3.85869e-01, 2.18256e-01, 6.15531e-01]
26000 [2.95511e+00, 2.39006e-01, 8.49882e-01, 5.72595e-01, 3.86622e-01, 2.21733e-01, 6.14123e-01]
26500 [2.99808e+00, 2.37564e-01, 8.54577e-01, 5.66499e-01, 3.88636e-01, 2.25198e-01, 6.13383e-01]
27000 [2.96005e+00, 2.44386e-01, 8.58921e-01, 5.64934e-01, 3.88642e-01, 2.21325e-01, 6.17253e-01]
27500 [3.01274e+00, 2.44165e-01, 8.62577e-01, 5.82753e-01, 3.88541e-01, 2.25436e-01, 6.19574e-01]
28000 [3.00081e+00, 2.50012e-01, 8.68701e-01, 5.63851e-01, 3.90244e-01, 2.21143e-01, 6.23779e-01]
28500 [3.03080e+00, 2.48950e-01, 8.72168e-01, 5.80782e-01, 3.90251e-01, 2.26123e-01, 6.26923e-01]
29000 [3.08358e+00, 2.48212e-01, 8.76474e-01, 5.94058e-01, 3.90423e-01, 2.29612e-01, 6.29606e-01]
29500 [3.14728e+00, 2.48319e-01, 8.81181e-01, 6.10128e-01, 3.91035e-01, 2.35036e-01, 6.30824e-01]
30000 [3.16054e+00, 2.39585e-01, 8.87051e-01, 5.77743e-01, 3.93228e-01, 2.27452e-01, 6.34982e-01]
30500 [3.08062e+00, 2.49815e-01, 8.90751e-01, 5.81207e-01, 3.93519e-01, 2.26092e-01, 6.40944e-01]
31000 [3.09694e+00, 2.50876e-01, 8.94568e-01, 5.89506e-01, 3.94075e-01, 2.29093e-01, 6.44736e-01]
31500 [3.12667e+00, 2.34568e-01, 8.99226e-01, 5.70486e-01, 3.94623e-01, 2.24829e-01, 6.40843e-01]
32000 [3.09453e+00, 2.27218e-01, 9.00563e-01, 5.59380e-01, 3.94857e-01, 2.20899e-01, 6.38169e-01]
32500 [3.05785e+00, 2.22072e-01, 9.00122e-01, 5.50025e-01, 3.95136e-01, 2.18347e-01, 6.36998e-01]
33000 [3.01001e+00, 2.21260e-01, 8.99006e-01, 5.37126e-01, 3.95857e-01, 2.12073e-01, 6.39236e-01]
33500 [2.94721e+00, 2.17529e-01, 8.96849e-01, 5.30487e-01, 3.96119e-01, 2.09170e-01, 6.38058e-01]
34000 [2.89538e+00, 2.14518e-01, 8.93685e-01, 5.22535e-01, 3.96374e-01, 2.06779e-01, 6.36280e-01]
34500 [2.85295e+00, 2.11829e-01, 8.89693e-01, 5.14999e-01, 3.96381e-01, 2.03546e-01, 6.33796e-01]
35000 [2.81655e+00, 2.09080e-01, 8.84912e-01, 5.10000e-01, 3.96207e-01, 2.00903e-01, 6.33049e-01]
35500 [2.78719e+00, 2.07598e-01, 8.80135e-01, 5.06436e-01, 3.96388e-01, 1.99689e-01, 6.31663e-01]
36000 [2.76162e+00, 2.05795e-01, 8.74915e-01, 5.01643e-01, 3.96244e-01, 1.97738e-01, 6.31387e-01]
36500 [2.73779e+00, 2.04138e-01, 8.69412e-01, 4.97668e-01, 3.96100e-01, 1.96304e-01, 6.33249e-01]
37000 [2.71924e+00, 2.03034e-01, 8.64051e-01, 4.94192e-01, 3.95933e-01, 1.94875e-01, 6.34679e-01]
37500 [2.70202e+00, 2.01803e-01, 8.58712e-01, 4.91995e-01, 3.95714e-01, 1.93819e-01, 6.35549e-01]
38000 [2.68697e+00, 2.00960e-01, 8.53606e-01, 4.89477e-01, 3.95520e-01, 1.92753e-01, 6.36643e-01]
38500 [2.67305e+00, 2.00012e-01, 8.48575e-01, 4.87038e-01, 3.95330e-01, 1.91783e-01, 6.38978e-01]
39000 [2.66309e+00, 1.99189e-01, 8.44446e-01, 4.85324e-01, 3.95160e-01, 1.91251e-01, 6.38510e-01]
39500 [2.65028e+00, 1.98162e-01, 8.39651e-01, 4.82404e-01, 3.94775e-01, 1.90028e-01, 6.41055e-01]
40000 [2.63949e+00, 1.97488e-01, 8.35173e-01, 4.80780e-01, 3.94521e-01, 1.89595e-01, 6.44330e-01]
40500 [2.62850e+00, 1.96723e-01, 8.32374e-01, 4.79337e-01, 3.95235e-01, 1.88819e-01, 6.49146e-01]
41000 [2.62373e+00, 1.95825e-01, 8.28444e-01, 4.78818e-01, 3.94448e-01, 1.88455e-01, 6.47571e-01]
41500 [2.62400e+00, 1.96171e-01, 8.24800e-01, 4.80924e-01, 3.93964e-01, 1.89394e-01, 6.52598e-01]
42000 [2.57321e+00, 1.93183e-01, 8.21283e-01, 4.69722e-01, 3.94663e-01, 1.84684e-01, 6.67227e-01]
42500 [2.57554e+00, 1.93504e-01, 8.18295e-01, 4.71220e-01, 3.94369e-01, 1.85324e-01, 6.65095e-01]
43000 [2.57687e+00, 1.93348e-01, 8.15298e-01, 4.70647e-01, 3.94145e-01, 1.85318e-01, 6.61972e-01]
43500 [2.57547e+00, 1.92948e-01, 8.12157e-01, 4.70132e-01, 3.93711e-01, 1.85109e-01, 6.59854e-01]
44000 [2.57250e+00, 1.92715e-01, 8.09208e-01, 4.69583e-01, 3.93411e-01, 1.84973e-01, 6.57273e-01]
44500 [2.56917e+00, 1.92441e-01, 8.06314e-01, 4.69097e-01, 3.93000e-01, 1.84754e-01, 6.55560e-01]
45000 [2.56510e+00, 1.92081e-01, 8.03367e-01, 4.68132e-01, 3.92387e-01, 1.84376e-01, 6.54406e-01]
45500 [2.55858e+00, 1.93091e-01, 8.01404e-01, 4.69617e-01, 3.91989e-01, 1.84685e-01, 6.55198e-01]
46000 [2.55953e+00, 1.92225e-01, 7.99191e-01, 4.68413e-01, 3.91643e-01, 1.84361e-01, 6.55395e-01]
46500 [2.55567e+00, 1.91534e-01, 7.96472e-01, 4.66793e-01, 3.90886e-01, 1.83804e-01, 6.55885e-01]
47000 [2.55248e+00, 1.91257e-01, 7.93930e-01, 4.66133e-01, 3.90455e-01, 1.83607e-01, 6.56324e-01]
47500 [2.54265e+00, 1.92560e-01, 7.92235e-01, 4.60321e-01, 3.90706e-01, 1.81545e-01, 6.59457e-01]
48000 [2.49078e+00, 2.09146e-01, 7.93071e-01, 4.79009e-01, 3.89578e-01, 1.86423e-01, 6.60165e-01]
48500 [2.52408e+00, 2.21435e-01, 7.95131e-01, 4.88134e-01, 3.89270e-01, 1.94324e-01, 6.49609e-01]
49000 [2.53209e+00, 2.24710e-01, 7.98772e-01, 4.95040e-01, 3.88810e-01, 1.97097e-01, 6.44480e-01]
49500 [2.57248e+00, 2.26915e-01, 8.02882e-01, 5.05316e-01, 3.88522e-01, 2.00376e-01, 6.37872e-01]
50000 [2.63182e+00, 2.27807e-01, 8.07242e-01, 5.20811e-01, 3.88463e-01, 2.05344e-01, 6.35739e-01]
50500 [2.67819e+00, 2.29988e-01, 8.12285e-01, 5.28771e-01, 3.88502e-01, 2.08054e-01, 6.35840e-01]
51000 [2.71600e+00, 2.32874e-01, 8.17869e-01, 5.36124e-01, 3.88740e-01, 2.11035e-01, 6.37711e-01]
51500 [2.76012e+00, 2.36308e-01, 8.24396e-01, 5.46904e-01, 3.89189e-01, 2.15025e-01, 6.36417e-01]
52000 [2.80398e+00, 2.39464e-01, 8.31499e-01, 5.49800e-01, 3.89918e-01, 2.15398e-01, 6.38263e-01]
52500 [2.86178e+00, 2.41489e-01, 8.38415e-01, 5.51392e-01, 3.90784e-01, 2.16868e-01, 6.40122e-01]
53000 [2.90577e+00, 2.43456e-01, 8.45444e-01, 5.68861e-01, 3.91437e-01, 2.22594e-01, 6.41918e-01]
53500 [2.97224e+00, 2.45918e-01, 8.52559e-01, 5.85077e-01, 3.92158e-01, 2.27813e-01, 6.46016e-01]
54000 [2.97483e+00, 2.51545e-01, 8.60778e-01, 5.74824e-01, 3.93416e-01, 2.25001e-01, 6.45437e-01]
54500 [3.02534e+00, 2.49885e-01, 8.69240e-01, 5.52405e-01, 3.96103e-01, 2.22096e-01, 6.59641e-01]
55000 [2.98015e+00, 2.56046e-01, 8.73582e-01, 5.72974e-01, 3.96136e-01, 2.25097e-01, 6.61370e-01]
55500 [3.05165e+00, 2.55834e-01, 8.78503e-01, 6.06154e-01, 3.96444e-01, 2.34427e-01, 6.68368e-01]
56000 [2.96716e+00, 2.62538e-01, 8.87042e-01, 5.75937e-01, 3.97223e-01, 2.26967e-01, 6.63206e-01]
56500 [2.92062e+00, 2.61782e-01, 8.93801e-01, 5.76054e-01, 3.97759e-01, 2.27018e-01, 6.64480e-01]
57000 [2.91314e+00, 2.61422e-01, 8.99834e-01, 5.78828e-01, 3.98279e-01, 2.27997e-01, 6.66297e-01]
57500 [2.91080e+00, 2.62479e-01, 9.05407e-01, 5.77050e-01, 3.99188e-01, 2.28011e-01, 6.66816e-01]
58000 [2.90507e+00, 2.60802e-01, 9.10633e-01, 5.80545e-01, 4.00261e-01, 2.27796e-01, 6.62298e-01]
58500 [2.91445e+00, 2.60920e-01, 9.15698e-01, 5.71319e-01, 4.01161e-01, 2.25792e-01, 6.59902e-01]
59000 [2.96393e+00, 2.59542e-01, 9.19394e-01, 5.98937e-01, 4.01546e-01, 2.33444e-01, 6.58166e-01]
59500 [3.00703e+00, 2.62239e-01, 9.23852e-01, 5.96480e-01, 4.02038e-01, 2.33080e-01, 6.52762e-01]
60000 [3.01331e+00, 2.68277e-01, 9.29927e-01, 5.80585e-01, 4.03373e-01, 2.29689e-01, 6.45368e-01]
60500 [3.01120e+00, 2.70729e-01, 9.35905e-01, 5.81261e-01, 4.04202e-01, 2.30225e-01, 6.42530e-01]
61000 [3.00413e+00, 2.72392e-01, 9.42671e-01, 5.85649e-01, 4.05439e-01, 2.32464e-01, 6.44064e-01]
61500 [3.04007e+00, 2.73574e-01, 9.49641e-01, 6.07597e-01, 4.06724e-01, 2.39989e-01, 6.46017e-01]
62000 [3.05727e+00, 2.75925e-01, 9.56423e-01, 6.01324e-01, 4.08022e-01, 2.38474e-01, 6.49036e-01]
62500 [3.09680e+00, 2.77970e-01, 9.63306e-01, 6.14501e-01, 4.09580e-01, 2.41675e-01, 6.50353e-01]
63000 [3.13823e+00, 2.79678e-01, 9.69750e-01, 6.03811e-01, 4.10381e-01, 2.38911e-01, 6.48201e-01]
63500 [3.17854e+00, 2.81865e-01, 9.76704e-01, 6.10470e-01, 4.11536e-01, 2.41397e-01, 6.45537e-01]
64000 [3.21442e+00, 2.83529e-01, 9.83312e-01, 6.19061e-01, 4.12878e-01, 2.44441e-01, 6.42849e-01]
64500 [3.25747e+00, 2.86151e-01, 9.90369e-01, 6.23381e-01, 4.14224e-01, 2.45891e-01, 6.39334e-01]
65000 [3.31722e+00, 2.88131e-01, 9.97387e-01, 6.44224e-01, 4.15385e-01, 2.52605e-01, 6.38639e-01]
65500 [3.35433e+00, 2.92037e-01, 1.00501e+00, 6.39950e-01, 4.17045e-01, 2.52464e-01, 6.37332e-01]
66000 [3.39603e+00, 2.94544e-01, 1.01245e+00, 6.41122e-01, 4.18426e-01, 2.53524e-01, 6.38623e-01]
66500 [3.43930e+00, 2.95662e-01, 1.02043e+00, 6.53369e-01, 4.19974e-01, 2.57879e-01, 6.38063e-01]
67000 [3.51394e+00, 2.77100e-01, 1.02839e+00, 6.71562e-01, 4.21852e-01, 2.64341e-01, 6.40059e-01]
67500 [3.53544e+00, 2.57552e-01, 1.02997e+00, 6.50366e-01, 4.22161e-01, 2.55587e-01, 6.43131e-01]
68000 [3.46729e+00, 2.50065e-01, 1.02897e+00, 6.26923e-01, 4.23142e-01, 2.46484e-01, 6.45690e-01]
68500 [3.40057e+00, 2.44303e-01, 1.02503e+00, 6.12548e-01, 4.23887e-01, 2.41381e-01, 6.45259e-01]
69000 [3.34131e+00, 2.38477e-01, 1.01906e+00, 6.03965e-01, 4.24482e-01, 2.38956e-01, 6.46022e-01]
69500 [3.28096e+00, 2.34771e-01, 1.01173e+00, 5.93779e-01, 4.25066e-01, 2.35301e-01, 6.46622e-01]
70000 [3.21009e+00, 2.36385e-01, 1.00432e+00, 5.70573e-01, 4.25781e-01, 2.25777e-01, 6.47105e-01]
70500 [3.14138e+00, 2.31751e-01, 9.97875e-01, 5.80629e-01, 4.26454e-01, 2.28364e-01, 6.50037e-01]
71000 [3.10681e+00, 2.29467e-01, 9.90407e-01, 5.61610e-01, 4.26829e-01, 2.21603e-01, 6.51666e-01]
71500 [3.07343e+00, 2.26284e-01, 9.82508e-01, 5.55780e-01, 4.27099e-01, 2.19157e-01, 6.55262e-01]
72000 [3.07104e+00, 2.23189e-01, 9.73670e-01, 5.62329e-01, 4.27389e-01, 2.21123e-01, 6.63401e-01]
72500 [3.07339e+00, 2.29095e-01, 9.66464e-01, 5.70981e-01, 4.27991e-01, 2.26940e-01, 6.68481e-01]
73000 [3.06666e+00, 2.27448e-01, 9.61921e-01, 5.60005e-01, 4.27900e-01, 2.20359e-01, 6.67824e-01]
73500 [3.05882e+00, 2.25063e-01, 9.55729e-01, 5.51863e-01, 4.27602e-01, 2.16942e-01, 6.66926e-01]
74000 [3.04218e+00, 2.28280e-01, 9.52707e-01, 5.56589e-01, 4.27854e-01, 2.19393e-01, 6.80767e-01]
74500 [3.02321e+00, 2.24283e-01, 9.48088e-01, 5.51203e-01, 4.27664e-01, 2.16989e-01, 6.82295e-01]
75000 [2.97375e+00, 2.45475e-01, 9.46652e-01, 5.56471e-01, 4.26656e-01, 2.20841e-01, 6.76277e-01]
75500 [2.99955e+00, 2.31652e-01, 9.47486e-01, 5.49936e-01, 4.27234e-01, 2.16840e-01, 6.79360e-01]
76000 [2.99087e+00, 2.25242e-01, 9.44206e-01, 5.49310e-01, 4.27045e-01, 2.15989e-01, 6.78492e-01]
76500 [2.97332e+00, 2.21545e-01, 9.39694e-01, 5.39519e-01, 4.26867e-01, 2.12814e-01, 6.77780e-01]
77000 [2.92335e+00, 2.21627e-01, 9.34796e-01, 5.24199e-01, 4.26665e-01, 2.07146e-01, 6.75833e-01]
77500 [2.90834e+00, 2.17106e-01, 9.29185e-01, 5.28832e-01, 4.26336e-01, 2.08716e-01, 6.73977e-01]
78000 [2.88042e+00, 2.16099e-01, 9.23522e-01, 5.26247e-01, 4.25986e-01, 2.07479e-01, 6.70261e-01]
78500 [2.83695e+00, 2.16100e-01, 9.17747e-01, 5.10945e-01, 4.25652e-01, 2.01812e-01, 6.69158e-01]
79000 [2.82045e+00, 2.16330e-01, 9.14338e-01, 5.20374e-01, 4.25312e-01, 2.05131e-01, 6.67846e-01]
79500 [2.84205e+00, 2.12680e-01, 9.08145e-01, 5.24796e-01, 4.24512e-01, 2.06372e-01, 6.67146e-01]
80000 [2.86414e+00, 2.10458e-01, 9.01911e-01, 5.26235e-01, 4.23770e-01, 2.06713e-01, 6.67438e-01]
80500 [2.85982e+00, 2.11530e-01, 8.95904e-01, 5.14093e-01, 4.23266e-01, 2.02706e-01, 6.68204e-01]
81000 [2.85344e+00, 2.08133e-01, 8.91265e-01, 5.21351e-01, 4.22966e-01, 2.04663e-01, 6.68109e-01]
81500 [2.85614e+00, 2.06925e-01, 8.85805e-01, 5.20895e-01, 4.22354e-01, 2.04722e-01, 6.69417e-01]
82000 [2.84535e+00, 2.07674e-01, 8.80630e-01, 5.13401e-01, 4.21732e-01, 2.02216e-01, 6.71310e-01]
82500 [2.81912e+00, 2.09387e-01, 8.76853e-01, 5.11880e-01, 4.21551e-01, 2.02307e-01, 6.69954e-01]
83000 [2.81778e+00, 2.08707e-01, 8.73638e-01, 5.11311e-01, 4.21172e-01, 2.03143e-01, 6.70979e-01]
83500 [2.81892e+00, 2.08851e-01, 8.71265e-01, 5.11594e-01, 4.21741e-01, 2.02303e-01, 6.78225e-01]
84000 [2.81961e+00, 2.06163e-01, 8.68064e-01, 5.17396e-01, 4.20839e-01, 2.03589e-01, 6.77377e-01]
84500 [2.81837e+00, 2.04856e-01, 8.64450e-01, 5.15921e-01, 4.20223e-01, 2.03335e-01, 6.77078e-01]
85000 [2.80328e+00, 2.05050e-01, 8.61228e-01, 5.09904e-01, 4.19793e-01, 2.01651e-01, 6.76795e-01]
85500 [2.80586e+00, 2.04400e-01, 8.57446e-01, 5.09388e-01, 4.19202e-01, 2.00978e-01, 6.76895e-01]
86000 [2.79947e+00, 2.03281e-01, 8.53835e-01, 5.12201e-01, 4.18556e-01, 2.02266e-01, 6.77393e-01]
86500 [2.79156e+00, 2.02581e-01, 8.50395e-01, 5.12052e-01, 4.18009e-01, 2.02163e-01, 6.77772e-01]
87000 [2.76599e+00, 2.03949e-01, 8.47499e-01, 5.00315e-01, 4.17368e-01, 1.97498e-01, 6.75565e-01]
87500 [2.76467e+00, 2.01148e-01, 8.44163e-01, 5.07618e-01, 4.16743e-01, 2.00294e-01, 6.77038e-01]
88000 [2.75528e+00, 2.00650e-01, 8.41260e-01, 5.06059e-01, 4.16144e-01, 1.98725e-01, 6.79635e-01]
88500 [2.74761e+00, 2.01049e-01, 8.37992e-01, 4.92053e-01, 4.15480e-01, 1.95461e-01, 6.86068e-01]
89000 [2.74336e+00, 1.99475e-01, 8.34964e-01, 5.04144e-01, 4.14808e-01, 1.98506e-01, 6.90961e-01]
89500 [2.72570e+00, 1.99710e-01, 8.32371e-01, 5.03163e-01, 4.14194e-01, 1.97373e-01, 6.96364e-01]
90000 [2.61405e+00, 2.18329e-01, 8.36182e-01, 4.85258e-01, 4.14783e-01, 1.91474e-01, 6.88139e-01]
90500 [2.58635e+00, 2.25069e-01, 8.37407e-01, 5.06803e-01, 4.13482e-01, 2.00798e-01, 6.90396e-01]
91000 [2.63964e+00, 2.28061e-01, 8.40341e-01, 5.27898e-01, 4.14141e-01, 2.08806e-01, 6.99754e-01]
91500 [2.65656e+00, 2.31064e-01, 8.42829e-01, 5.19356e-01, 4.13295e-01, 2.05087e-01, 7.01391e-01]
92000 [2.68276e+00, 2.34681e-01, 8.45381e-01, 5.21096e-01, 4.12793e-01, 2.06435e-01, 7.05707e-01]
92500 [2.70395e+00, 2.40024e-01, 8.50449e-01, 5.27099e-01, 4.12698e-01, 2.09398e-01, 7.04240e-01]
93000 [2.82394e+00, 2.22667e-01, 8.52377e-01, 5.43784e-01, 4.14687e-01, 2.14851e-01, 7.23310e-01]
93500 [2.84405e+00, 2.13785e-01, 8.52962e-01, 5.21075e-01, 4.14058e-01, 2.05728e-01, 7.26407e-01]
94000 [2.81750e+00, 2.09427e-01, 8.52309e-01, 5.09830e-01, 4.13447e-01, 2.01561e-01, 7.27060e-01]
94500 [2.78526e+00, 2.07237e-01, 8.51085e-01, 5.04290e-01, 4.13270e-01, 1.99340e-01, 7.27456e-01]
95000 [2.75902e+00, 2.05135e-01, 8.49158e-01, 4.99677e-01, 4.12791e-01, 1.97212e-01, 7.27593e-01]
95500 [2.73462e+00, 2.03575e-01, 8.46592e-01, 4.96239e-01, 4.12199e-01, 1.95617e-01, 7.28351e-01]
96000 [2.70557e+00, 2.04764e-01, 8.44139e-01, 4.85631e-01, 4.11894e-01, 1.91739e-01, 7.28224e-01]
96500 [2.68165e+00, 2.04303e-01, 8.41513e-01, 4.87695e-01, 4.11438e-01, 1.91742e-01, 7.39050e-01]
97000 [2.67944e+00, 2.02090e-01, 8.39181e-01, 4.91930e-01, 4.10473e-01, 1.93763e-01, 7.40419e-01]
97500 [2.69285e+00, 2.01522e-01, 8.36812e-01, 4.94016e-01, 4.09987e-01, 1.94811e-01, 7.40134e-01]
98000 [2.69244e+00, 1.99565e-01, 8.34284e-01, 4.92480e-01, 4.09589e-01, 1.94007e-01, 7.45193e-01]
98500 [2.69170e+00, 2.02499e-01, 8.34366e-01, 4.93290e-01, 4.10812e-01, 1.94933e-01, 7.36834e-01]
99000 [2.69352e+00, 2.00656e-01, 8.32499e-01, 4.92378e-01, 4.10153e-01, 1.93794e-01, 7.40214e-01]
99500 [2.68717e+00, 1.99623e-01, 8.30328e-01, 4.90101e-01, 4.09314e-01, 1.93379e-01, 7.41996e-01]
100000 [2.67567e+00, 1.98546e-01, 8.27842e-01, 4.88152e-01, 4.08785e-01, 1.92437e-01, 7.43821e-01]
100500 [2.66298e+00, 1.98417e-01, 8.25346e-01, 4.82945e-01, 4.08412e-01, 1.90653e-01, 7.46838e-01]
101000 [2.65361e+00, 1.97431e-01, 8.23170e-01, 4.85295e-01, 4.08167e-01, 1.91224e-01, 7.47229e-01]
101500 [2.64804e+00, 1.96711e-01, 8.20581e-01, 4.83651e-01, 4.07632e-01, 1.90673e-01, 7.47601e-01]
102000 [2.64171e+00, 1.96039e-01, 8.17902e-01, 4.82456e-01, 4.07035e-01, 1.90204e-01, 7.47999e-01]
102500 [2.63555e+00, 1.95534e-01, 8.15252e-01, 4.81377e-01, 4.06531e-01, 1.89754e-01, 7.48748e-01]
103000 [2.63031e+00, 1.95150e-01, 8.12571e-01, 4.80767e-01, 4.05931e-01, 1.89505e-01, 7.50242e-01]
103500 [2.62691e+00, 1.95162e-01, 8.09894e-01, 4.81074e-01, 4.05281e-01, 1.89577e-01, 7.53583e-01]
104000 [2.63011e+00, 1.98216e-01, 8.10255e-01, 4.83392e-01, 4.07966e-01, 1.90121e-01, 7.61130e-01]
104500 [2.62761e+00, 1.96653e-01, 8.09324e-01, 4.79953e-01, 4.07471e-01, 1.89300e-01, 7.64162e-01]
105000 [2.61926e+00, 1.95633e-01, 8.08038e-01, 4.77212e-01, 4.06815e-01, 1.88213e-01, 7.67030e-01]
105500 [2.59005e+00, 1.99377e-01, 8.07586e-01, 4.66162e-01, 4.06009e-01, 1.84196e-01, 7.78930e-01]
106000 [2.64163e+00, 2.05405e-01, 8.11513e-01, 5.02065e-01, 4.04862e-01, 1.98266e-01, 7.65011e-01]
106500 [2.67039e+00, 2.00429e-01, 8.10950e-01, 4.88591e-01, 4.04091e-01, 1.92925e-01, 7.67197e-01]
107000 [2.66696e+00, 1.98623e-01, 8.09747e-01, 4.86975e-01, 4.03396e-01, 1.92002e-01, 7.67825e-01]
107500 [2.65108e+00, 1.97560e-01, 8.08775e-01, 4.76017e-01, 4.03273e-01, 1.89025e-01, 7.69306e-01]
108000 [2.64618e+00, 1.98897e-01, 8.09586e-01, 4.84430e-01, 4.04619e-01, 1.91142e-01, 7.75691e-01]
108500 [2.63950e+00, 1.97474e-01, 8.08487e-01, 4.81009e-01, 4.03932e-01, 1.89804e-01, 7.77067e-01]
109000 [2.62656e+00, 1.96243e-01, 8.06846e-01, 4.78038e-01, 4.03021e-01, 1.88553e-01, 7.77755e-01]
109500 [2.61216e+00, 1.95242e-01, 8.05152e-01, 4.75668e-01, 4.02532e-01, 1.87613e-01, 7.77821e-01]
110000 [2.59880e+00, 1.94309e-01, 8.02986e-01, 4.73779e-01, 4.01875e-01, 1.86852e-01, 7.78575e-01]
110500 [2.59627e+00, 1.93717e-01, 8.01056e-01, 4.74672e-01, 4.01207e-01, 1.87350e-01, 7.81036e-01]
111000 [2.59393e+00, 1.93342e-01, 7.99214e-01, 4.74520e-01, 4.00637e-01, 1.87186e-01, 7.86097e-01]
111500 [2.59143e+00, 1.92965e-01, 7.97303e-01, 4.73924e-01, 3.99952e-01, 1.86962e-01, 7.90917e-01]
112000 [2.58875e+00, 1.92533e-01, 7.95389e-01, 4.72908e-01, 3.99352e-01, 1.86644e-01, 7.94787e-01]
112500 [2.59114e+00, 1.91500e-01, 7.95037e-01, 4.63076e-01, 4.00531e-01, 1.81553e-01, 8.11609e-01]
113000 [2.56996e+00, 1.91867e-01, 7.93099e-01, 4.67248e-01, 3.99782e-01, 1.84337e-01, 8.16082e-01]
113500 [2.56149e+00, 1.91597e-01, 7.90893e-01, 4.66740e-01, 3.98614e-01, 1.84118e-01, 8.14157e-01]
114000 [2.56165e+00, 1.92034e-01, 7.89499e-01, 4.67438e-01, 3.98073e-01, 1.83952e-01, 8.18598e-01]
114500 [2.55814e+00, 1.91268e-01, 7.87816e-01, 4.65881e-01, 3.97425e-01, 1.83471e-01, 8.19375e-01]
115000 [2.55171e+00, 1.91157e-01, 7.85963e-01, 4.66035e-01, 3.96567e-01, 1.83574e-01, 8.17520e-01]
115500 [2.54624e+00, 1.90572e-01, 7.84221e-01, 4.64325e-01, 3.95802e-01, 1.82951e-01, 8.15737e-01]
116000 [2.54140e+00, 1.90411e-01, 7.82582e-01, 4.63788e-01, 3.95044e-01, 1.82778e-01, 8.13230e-01]
116500 [2.53773e+00, 1.90122e-01, 7.81069e-01, 4.63122e-01, 3.94413e-01, 1.82351e-01, 8.09637e-01]
117000 [2.53369e+00, 1.89787e-01, 7.79317e-01, 4.62336e-01, 3.93507e-01, 1.82173e-01, 8.04739e-01]
117500 [2.53014e+00, 1.89557e-01, 7.77832e-01, 4.61919e-01, 3.92790e-01, 1.81975e-01, 7.98959e-01]
118000 [2.52559e+00, 1.89310e-01, 7.76387e-01, 4.61273e-01, 3.92059e-01, 1.81637e-01, 7.93869e-01]
118500 [2.52178e+00, 1.89037e-01, 7.74815e-01, 4.60505e-01, 3.91227e-01, 1.81292e-01, 7.88096e-01]
119000 [2.51774e+00, 1.88713e-01, 7.73330e-01, 4.59822e-01, 3.90456e-01, 1.81042e-01, 7.82317e-01]
119500 [2.51287e+00, 1.89049e-01, 7.72020e-01, 4.60691e-01, 3.89705e-01, 1.81010e-01, 7.80326e-01]
120000 [2.52430e+00, 1.88235e-01, 7.70801e-01, 4.63431e-01, 3.89170e-01, 1.81930e-01, 7.80784e-01]
120500 [2.49194e+00, 2.07745e-01, 7.74732e-01, 4.88579e-01, 3.89098e-01, 1.91478e-01, 7.61880e-01]
121000 [2.56907e+00, 2.08993e-01, 7.75354e-01, 5.02360e-01, 3.88316e-01, 1.95551e-01, 7.63301e-01]
121500 [2.62603e+00, 2.12366e-01, 7.77558e-01, 5.05694e-01, 3.87689e-01, 1.96381e-01, 7.61935e-01]
122000 [2.58487e+00, 2.19816e-01, 7.83398e-01, 5.06205e-01, 3.88168e-01, 1.98427e-01, 7.62786e-01]
122500 [2.71606e+00, 2.18705e-01, 7.87160e-01, 5.39389e-01, 3.87271e-01, 2.08305e-01, 7.62149e-01]
123000 [2.71456e+00, 2.28511e-01, 7.93413e-01, 5.20504e-01, 3.88658e-01, 2.03713e-01, 7.70467e-01]
123500 [2.71970e+00, 2.30183e-01, 7.97549e-01, 5.27753e-01, 3.88531e-01, 2.06771e-01, 7.77053e-01]
124000 [2.75331e+00, 2.23498e-01, 8.02615e-01, 5.15262e-01, 3.90318e-01, 2.10635e-01, 7.80331e-01]
124500 [2.76100e+00, 2.26452e-01, 8.05354e-01, 5.34719e-01, 3.90217e-01, 2.07890e-01, 7.74622e-01]
125000 [2.82280e+00, 2.27200e-01, 8.08347e-01, 5.59478e-01, 3.89719e-01, 2.14656e-01, 7.70183e-01]
125500 [2.85811e+00, 2.29815e-01, 8.13423e-01, 5.58872e-01, 3.89938e-01, 2.13982e-01, 7.70503e-01]
126000 [2.84636e+00, 2.35307e-01, 8.19964e-01, 5.38390e-01, 3.90383e-01, 2.10253e-01, 7.69783e-01]
126500 [2.96450e+00, 2.31501e-01, 8.24490e-01, 5.87620e-01, 3.90327e-01, 2.25363e-01, 7.72035e-01]
127000 [2.98993e+00, 2.37413e-01, 8.32067e-01, 5.79558e-01, 3.91624e-01, 2.23852e-01, 7.83191e-01]
127500 [3.06244e+00, 2.41289e-01, 8.38024e-01, 5.74286e-01, 3.91870e-01, 2.23565e-01, 7.96288e-01]
128000 [3.16781e+00, 2.38472e-01, 8.44595e-01, 6.35562e-01, 3.92299e-01, 2.41971e-01, 8.00038e-01]
128500 [3.18825e+00, 2.42972e-01, 8.52067e-01, 6.25392e-01, 3.93110e-01, 2.38009e-01, 8.08338e-01]
129000 [3.23328e+00, 2.47224e-01, 8.60683e-01, 6.25354e-01, 3.94182e-01, 2.38723e-01, 8.19332e-01]
129500 [3.22412e+00, 2.51062e-01, 8.70837e-01, 6.30278e-01, 3.95693e-01, 2.42287e-01, 8.26671e-01]
130000 [3.30951e+00, 2.47243e-01, 8.76637e-01, 6.42570e-01, 3.95845e-01, 2.44835e-01, 8.35781e-01]
130500 [3.20237e+00, 2.60886e-01, 8.84513e-01, 5.92767e-01, 3.98227e-01, 2.33706e-01, 8.40216e-01]
131000 [3.17947e+00, 2.62878e-01, 8.91208e-01, 5.98084e-01, 3.98832e-01, 2.35370e-01, 8.34533e-01]
131500 [3.19584e+00, 2.50278e-01, 8.98623e-01, 6.12902e-01, 4.01161e-01, 2.41555e-01, 8.25927e-01]
132000 [3.21737e+00, 2.42699e-01, 9.01669e-01, 5.98556e-01, 4.00965e-01, 2.35605e-01, 8.25223e-01]
132500 [3.21100e+00, 2.36546e-01, 9.04640e-01, 5.86513e-01, 4.01050e-01, 2.30431e-01, 8.24653e-01]
133000 [3.18270e+00, 2.32122e-01, 9.06960e-01, 5.77307e-01, 4.01766e-01, 2.26970e-01, 8.21947e-01]
133500 [3.14906e+00, 2.28510e-01, 9.07990e-01, 5.70329e-01, 4.02214e-01, 2.24395e-01, 8.17867e-01]
134000 [3.11634e+00, 2.25517e-01, 9.07894e-01, 5.64700e-01, 4.02603e-01, 2.22272e-01, 8.14901e-01]
134500 [3.08544e+00, 2.23050e-01, 9.06915e-01, 5.59881e-01, 4.02900e-01, 2.20551e-01, 8.13235e-01]
135000 [3.01610e+00, 2.19494e-01, 9.07561e-01, 5.33244e-01, 4.06202e-01, 2.10545e-01, 8.25783e-01]
135500 [2.96706e+00, 2.18983e-01, 9.05282e-01, 5.37143e-01, 4.05839e-01, 2.12242e-01, 8.22864e-01]
136000 [2.93883e+00, 2.16361e-01, 9.02208e-01, 5.32600e-01, 4.05417e-01, 2.09861e-01, 8.23236e-01]
136500 [2.90874e+00, 2.13928e-01, 8.98402e-01, 5.27429e-01, 4.05477e-01, 2.07837e-01, 8.22791e-01]
137000 [2.89156e+00, 2.20337e-01, 8.98868e-01, 5.26002e-01, 4.07050e-01, 2.07459e-01, 8.31447e-01]
137500 [2.87246e+00, 2.15396e-01, 8.96790e-01, 5.24590e-01, 4.06871e-01, 2.06312e-01, 8.33131e-01]
138000 [2.85623e+00, 2.13560e-01, 8.94103e-01, 5.19710e-01, 4.07193e-01, 2.04675e-01, 8.33583e-01]
138500 [2.83024e+00, 2.10833e-01, 8.90209e-01, 5.13388e-01, 4.07163e-01, 2.02269e-01, 8.33796e-01]
139000 [2.80309e+00, 2.08755e-01, 8.85587e-01, 5.08541e-01, 4.07089e-01, 2.00428e-01, 8.34931e-01]
139500 [2.77929e+00, 2.07074e-01, 8.80577e-01, 5.04598e-01, 4.06930e-01, 1.98938e-01, 8.37735e-01]
140000 [2.77061e+00, 2.08135e-01, 8.83109e-01, 5.03758e-01, 4.19805e-01, 1.97987e-01, 8.24606e-01]
140500 [2.76410e+00, 2.07091e-01, 8.80456e-01, 5.03978e-01, 4.19024e-01, 1.98159e-01, 8.26576e-01]
141000 [2.75662e+00, 2.06117e-01, 8.77161e-01, 5.01919e-01, 4.18245e-01, 1.97579e-01, 8.29260e-01]
141500 [2.74526e+00, 2.05004e-01, 8.72858e-01, 4.99349e-01, 4.17336e-01, 1.96673e-01, 8.33522e-01]
142000 [2.73122e+00, 2.04094e-01, 8.68194e-01, 4.97130e-01, 4.16617e-01, 1.95836e-01, 8.37803e-01]
142500 [2.71698e+00, 2.02874e-01, 8.63143e-01, 4.94399e-01, 4.16009e-01, 1.94765e-01, 8.43208e-01]
143000 [2.70244e+00, 2.01902e-01, 8.58013e-01, 4.92220e-01, 4.15403e-01, 1.93924e-01, 8.49135e-01]
143500 [2.68870e+00, 2.00950e-01, 8.52762e-01, 4.89800e-01, 4.14631e-01, 1.92982e-01, 8.56509e-01]
144000 [2.67760e+00, 2.00158e-01, 8.47691e-01, 4.87765e-01, 4.13775e-01, 1.92143e-01, 8.63865e-01]
144500 [2.66560e+00, 1.99340e-01, 8.42658e-01, 4.85889e-01, 4.12998e-01, 1.91441e-01, 8.73302e-01]
145000 [2.65465e+00, 1.98653e-01, 8.37666e-01, 4.84533e-01, 4.12118e-01, 1.90897e-01, 8.83634e-01]
145500 [2.64403e+00, 1.98260e-01, 8.33223e-01, 4.82616e-01, 4.11366e-01, 1.90102e-01, 8.92586e-01]
146000 [2.63617e+00, 1.96978e-01, 8.28410e-01, 4.80582e-01, 4.09999e-01, 1.89168e-01, 9.00240e-01]
146500 [2.63292e+00, 1.97616e-01, 8.25453e-01, 4.82320e-01, 4.09135e-01, 1.89941e-01, 9.03129e-01]
147000 [2.63135e+00, 1.96459e-01, 8.22717e-01, 4.81883e-01, 4.08279e-01, 1.90234e-01, 9.04500e-01]
147500 [2.63006e+00, 1.95932e-01, 8.19716e-01, 4.81189e-01, 4.07463e-01, 1.89707e-01, 9.04674e-01]
148000 [2.61649e+00, 1.97879e-01, 8.17654e-01, 4.78564e-01, 4.07278e-01, 1.88471e-01, 9.04752e-01]
148500 [2.62181e+00, 1.97218e-01, 8.15594e-01, 4.81580e-01, 4.06285e-01, 1.89250e-01, 9.12051e-01]
149000 [2.63091e+00, 1.95710e-01, 8.12806e-01, 4.80249e-01, 4.05359e-01, 1.89100e-01, 9.15001e-01]
149500 [2.64333e+00, 2.02367e-01, 8.17577e-01, 4.84451e-01, 4.08793e-01, 1.91258e-01, 9.17960e-01]
150000 [2.64536e+00, 2.00290e-01, 8.16819e-01, 4.84128e-01, 4.08617e-01, 1.90802e-01, 9.24633e-01]
150500 [2.64346e+00, 1.98895e-01, 8.15952e-01, 4.82780e-01, 4.08059e-01, 1.90136e-01, 9.26282e-01]
151000 [2.63848e+00, 1.97770e-01, 8.14666e-01, 4.81038e-01, 4.07211e-01, 1.89469e-01, 9.27439e-01]
151500 [2.63703e+00, 1.96515e-01, 8.12604e-01, 4.82978e-01, 4.06162e-01, 1.90192e-01, 9.31340e-01]
152000 [2.63631e+00, 1.95583e-01, 8.10103e-01, 4.82726e-01, 4.04996e-01, 1.89858e-01, 9.34880e-01]
152500 [2.62091e+00, 1.96258e-01, 8.08224e-01, 4.81081e-01, 4.04195e-01, 1.89089e-01, 9.34962e-01]
153000 [2.62315e+00, 1.97077e-01, 8.06100e-01, 4.74135e-01, 4.03252e-01, 1.87150e-01, 9.37837e-01]
153500 [2.61508e+00, 1.95463e-01, 8.04533e-01, 4.76504e-01, 4.02392e-01, 1.87737e-01, 9.44074e-01]
154000 [2.60604e+00, 1.95050e-01, 8.02755e-01, 4.75561e-01, 4.01744e-01, 1.87265e-01, 9.46591e-01]
154500 [2.59594e+00, 1.94302e-01, 8.00699e-01, 4.73713e-01, 4.00912e-01, 1.86608e-01, 9.50728e-01]
155000 [2.58333e+00, 1.98767e-01, 8.02535e-01, 4.81608e-01, 4.03750e-01, 1.88193e-01, 9.79564e-01]
155500 [2.58543e+00, 1.95702e-01, 8.03022e-01, 4.75042e-01, 4.03325e-01, 1.86963e-01, 9.64961e-01]
156000 [2.58589e+00, 1.94619e-01, 8.01763e-01, 4.72908e-01, 4.02492e-01, 1.86062e-01, 9.65272e-01]
156500 [2.58183e+00, 1.93927e-01, 7.99996e-01, 4.71288e-01, 4.01586e-01, 1.85543e-01, 9.65336e-01]
157000 [2.57726e+00, 1.93418e-01, 7.98169e-01, 4.70477e-01, 4.00792e-01, 1.85162e-01, 9.64923e-01]
157500 [2.57279e+00, 1.93217e-01, 7.96333e-01, 4.70005e-01, 4.00135e-01, 1.85096e-01, 9.63541e-01]
158000 [2.56620e+00, 1.93027e-01, 7.94464e-01, 4.69529e-01, 3.99312e-01, 1.84801e-01, 9.61309e-01]
158500 [2.54602e+00, 1.93636e-01, 7.93210e-01, 4.65679e-01, 3.98550e-01, 1.83616e-01, 9.51289e-01]
159000 [2.55620e+00, 1.91495e-01, 7.91223e-01, 4.65775e-01, 3.97980e-01, 1.83678e-01, 9.50342e-01]
159500 [2.55208e+00, 1.91214e-01, 7.89211e-01, 4.65409e-01, 3.97081e-01, 1.83323e-01, 9.46337e-01]
160000 [2.53818e+00, 1.92646e-01, 7.87440e-01, 4.62728e-01, 3.96211e-01, 1.81999e-01, 9.42391e-01]
160500 [2.54894e+00, 1.90949e-01, 7.85824e-01, 4.69093e-01, 3.95421e-01, 1.84300e-01, 9.42046e-01]
161000 [2.56925e+00, 1.90022e-01, 7.84088e-01, 4.71986e-01, 3.94737e-01, 1.84918e-01, 9.40979e-01]
161500 [2.45702e+00, 2.13388e-01, 7.88292e-01, 4.64796e-01, 3.94749e-01, 1.84506e-01, 9.29706e-01]
162000 [2.45991e+00, 2.18996e-01, 7.89998e-01, 4.82008e-01, 3.94089e-01, 1.90962e-01, 9.17386e-01]
162500 [2.50868e+00, 2.23645e-01, 7.93493e-01, 4.93073e-01, 3.94006e-01, 1.95363e-01, 9.14511e-01]
163000 [2.56724e+00, 2.27952e-01, 7.98799e-01, 5.01119e-01, 3.94108e-01, 1.98764e-01, 9.10431e-01]
163500 [2.62198e+00, 2.31444e-01, 8.04639e-01, 5.13070e-01, 3.94051e-01, 2.03196e-01, 9.11215e-01]
164000 [2.64126e+00, 2.37664e-01, 8.12186e-01, 5.10013e-01, 3.94339e-01, 2.03118e-01, 9.11073e-01]
164500 [2.66245e+00, 2.42312e-01, 8.20576e-01, 5.15115e-01, 3.94442e-01, 2.05806e-01, 9.08075e-01]
165000 [2.70346e+00, 2.44530e-01, 8.29338e-01, 5.32857e-01, 3.94675e-01, 2.11650e-01, 9.06573e-01]
165500 [2.73641e+00, 2.48779e-01, 8.39101e-01, 5.30188e-01, 3.95193e-01, 2.12204e-01, 9.01152e-01]
166000 [2.78149e+00, 2.49916e-01, 8.48502e-01, 5.47193e-01, 3.95792e-01, 2.17056e-01, 8.95690e-01]
166500 [2.85652e+00, 2.49112e-01, 8.55777e-01, 5.86513e-01, 3.97829e-01, 2.28656e-01, 9.05204e-01]
167000 [3.00075e+00, 2.41250e-01, 8.58217e-01, 6.05071e-01, 3.97273e-01, 2.31931e-01, 9.18078e-01]
167500 [3.05345e+00, 2.48188e-01, 8.61292e-01, 5.82515e-01, 4.07325e-01, 2.27916e-01, 9.13201e-01]
168000 [3.06997e+00, 2.48056e-01, 8.64847e-01, 5.85668e-01, 4.07061e-01, 2.28028e-01, 9.11983e-01]
168500 [3.08676e+00, 2.50674e-01, 8.70057e-01, 5.91125e-01, 4.06908e-01, 2.31068e-01, 9.18922e-01]
169000 [3.10621e+00, 2.54276e-01, 8.76679e-01, 5.84045e-01, 4.07496e-01, 2.28503e-01, 9.15103e-01]
169500 [3.12953e+00, 2.55367e-01, 8.82993e-01, 5.97034e-01, 4.08295e-01, 2.32952e-01, 9.18123e-01]
170000 [3.15470e+00, 2.68863e-01, 8.91645e-01, 6.18232e-01, 4.08868e-01, 2.40548e-01, 9.28902e-01]
170500 [3.14886e+00, 2.71231e-01, 8.99179e-01, 5.94909e-01, 4.09428e-01, 2.36032e-01, 9.26569e-01]
171000 [3.10907e+00, 2.74210e-01, 9.08368e-01, 5.88764e-01, 4.09953e-01, 2.35710e-01, 9.24546e-01]
171500 [3.12528e+00, 2.74671e-01, 9.17690e-01, 5.97088e-01, 4.10730e-01, 2.38374e-01, 9.31414e-01]
172000 [3.15597e+00, 2.75861e-01, 9.26887e-01, 6.08498e-01, 4.11677e-01, 2.41529e-01, 9.38120e-01]
172500 [3.19615e+00, 2.77733e-01, 9.36036e-01, 6.08439e-01, 4.13087e-01, 2.42398e-01, 9.46587e-01]
173000 [3.24655e+00, 2.78684e-01, 9.45241e-01, 6.33342e-01, 4.14216e-01, 2.46787e-01, 9.51615e-01]
173500 [3.29762e+00, 2.79587e-01, 9.54201e-01, 6.39473e-01, 4.16075e-01, 2.50590e-01, 9.53086e-01]
174000 [3.37736e+00, 2.80191e-01, 9.61264e-01, 6.30237e-01, 4.16519e-01, 2.46770e-01, 9.66930e-01]
174500 [3.41605e+00, 2.79891e-01, 9.68854e-01, 6.41671e-01, 4.17871e-01, 2.50008e-01, 9.75437e-01]
175000 [3.45213e+00, 2.79419e-01, 9.76291e-01, 6.46637e-01, 4.18918e-01, 2.51585e-01, 9.80573e-01]
175500 [3.46828e+00, 2.84076e-01, 9.84557e-01, 6.55358e-01, 4.20481e-01, 2.56198e-01, 9.98911e-01]
176000 [3.48304e+00, 2.88577e-01, 9.93598e-01, 6.46307e-01, 4.21930e-01, 2.53743e-01, 9.92527e-01]
176500 [3.49541e+00, 2.91729e-01, 1.00343e+00, 6.61542e-01, 4.23377e-01, 2.60650e-01, 9.84923e-01]
177000 [3.56651e+00, 2.79249e-01, 1.01326e+00, 6.97186e-01, 4.26652e-01, 2.74031e-01, 9.90981e-01]
177500 [3.60421e+00, 2.66461e-01, 1.01699e+00, 6.69680e-01, 4.27209e-01, 2.64301e-01, 9.92184e-01]
178000 [3.56797e+00, 2.59168e-01, 1.01865e+00, 6.54039e-01, 4.28023e-01, 2.58676e-01, 9.90674e-01]
178500 [3.51789e+00, 2.53187e-01, 1.01797e+00, 6.39365e-01, 4.28505e-01, 2.53242e-01, 9.88286e-01]
179000 [3.46520e+00, 2.48448e-01, 1.01603e+00, 6.28044e-01, 4.28859e-01, 2.48906e-01, 9.86768e-01]
179500 [3.41226e+00, 2.44471e-01, 1.01295e+00, 6.18377e-01, 4.29186e-01, 2.45071e-01, 9.85163e-01]
180000 [3.35617e+00, 2.42573e-01, 1.00916e+00, 6.13198e-01, 4.29473e-01, 2.42950e-01, 9.81389e-01]
180500 [3.32991e+00, 2.47830e-01, 1.02105e+00, 6.20559e-01, 4.32235e-01, 2.47677e-01, 9.90472e-01]
181000 [3.32896e+00, 2.40617e-01, 1.01690e+00, 6.09708e-01, 4.32510e-01, 2.41261e-01, 9.86359e-01]
181500 [3.28764e+00, 2.40361e-01, 1.01247e+00, 5.88292e-01, 4.32624e-01, 2.32598e-01, 9.83843e-01]
182000 [3.26860e+00, 2.37305e-01, 1.00783e+00, 5.98752e-01, 4.33271e-01, 2.36385e-01, 9.79155e-01]
182500 [3.24618e+00, 2.33906e-01, 1.00188e+00, 5.92323e-01, 4.33306e-01, 2.34151e-01, 9.83683e-01]
183000 [3.21349e+00, 2.31503e-01, 9.95455e-01, 5.86159e-01, 4.33281e-01, 2.32038e-01, 9.86126e-01]
183500 [3.15597e+00, 2.31302e-01, 9.89507e-01, 5.63422e-01, 4.33363e-01, 2.23447e-01, 9.82906e-01]
184000 [3.09048e+00, 2.29895e-01, 9.83490e-01, 5.64445e-01, 4.33361e-01, 2.24505e-01, 9.75402e-01]
184500 [3.05308e+00, 2.28009e-01, 9.76718e-01, 5.60817e-01, 4.33328e-01, 2.22877e-01, 9.73818e-01]
185000 [3.02764e+00, 2.26180e-01, 9.69974e-01, 5.58174e-01, 4.33284e-01, 2.21315e-01, 9.74061e-01]
185500 [3.00208e+00, 2.27236e-01, 9.63364e-01, 5.40324e-01, 4.33781e-01, 2.15112e-01, 9.75303e-01]
186000 [2.98784e+00, 2.22699e-01, 9.57547e-01, 5.53067e-01, 4.33182e-01, 2.18635e-01, 9.67784e-01]
186500 [2.96499e+00, 2.22357e-01, 9.50847e-01, 5.33540e-01, 4.32930e-01, 2.13660e-01, 9.60767e-01]
187000 [2.93436e+00, 2.19957e-01, 9.44434e-01, 5.39593e-01, 4.32693e-01, 2.13488e-01, 9.57061e-01]
187500 [2.91981e+00, 2.20373e-01, 9.39133e-01, 5.36412e-01, 4.33021e-01, 2.11236e-01, 9.55789e-01]
188000 [2.91296e+00, 2.19154e-01, 9.33552e-01, 5.30868e-01, 4.32554e-01, 2.10001e-01, 9.51180e-01]
188500 [2.90075e+00, 2.16885e-01, 9.27537e-01, 5.37794e-01, 4.32029e-01, 2.11432e-01, 9.47920e-01]
189000 [2.85380e+00, 2.33390e-01, 9.25517e-01, 5.20684e-01, 4.32252e-01, 2.05834e-01, 9.65678e-01]
189500 [2.81178e+00, 2.39360e-01, 9.24579e-01, 5.31410e-01, 4.32511e-01, 2.09729e-01, 9.56792e-01]
190000 [2.85091e+00, 2.43207e-01, 9.22547e-01, 5.81244e-01, 4.30826e-01, 2.25034e-01, 9.71442e-01]
190500 [2.98607e+00, 2.36587e-01, 9.22088e-01, 5.79013e-01, 4.31634e-01, 2.29076e-01, 9.80202e-01]
191000 [3.05107e+00, 2.28905e-01, 9.21014e-01, 5.75343e-01, 4.30685e-01, 2.27025e-01, 9.77082e-01]
191500 [3.06641e+00, 2.24785e-01, 9.19284e-01, 5.67370e-01, 4.29907e-01, 2.24242e-01, 9.76485e-01]
192000 [3.05583e+00, 2.22181e-01, 9.17162e-01, 5.60957e-01, 4.29545e-01, 2.21976e-01, 9.77023e-01]
192500 [3.03734e+00, 2.20305e-01, 9.14706e-01, 5.55949e-01, 4.29403e-01, 2.20340e-01, 9.80365e-01]
193000 [3.01751e+00, 2.18637e-01, 9.11732e-01, 5.51459e-01, 4.28999e-01, 2.18662e-01, 9.86353e-01]
193500 [2.99779e+00, 2.17192e-01, 9.08503e-01, 5.47838e-01, 4.28700e-01, 2.17220e-01, 9.95447e-01]
194000 [2.97925e+00, 2.15821e-01, 9.05042e-01, 5.44551e-01, 4.28363e-01, 2.15832e-01, 1.00655e+00]
194500 [2.94114e+00, 2.16277e-01, 9.02136e-01, 5.29772e-01, 4.28117e-01, 2.09432e-01, 1.01095e+00]
195000 [2.90509e+00, 2.14821e-01, 8.98919e-01, 5.26493e-01, 4.27705e-01, 2.07914e-01, 1.00868e+00]
195500 [2.87969e+00, 2.13322e-01, 8.95308e-01, 5.23047e-01, 4.27183e-01, 2.06444e-01, 1.00815e+00]
196000 [2.85985e+00, 2.12031e-01, 8.91428e-01, 5.20268e-01, 4.26590e-01, 2.05312e-01, 1.00693e+00]
196500 [2.84441e+00, 2.10989e-01, 8.87607e-01, 5.19139e-01, 4.26187e-01, 2.04495e-01, 1.00642e+00]
197000 [2.83104e+00, 2.10275e-01, 8.83563e-01, 5.15679e-01, 4.25589e-01, 2.03838e-01, 1.00600e+00]
197500 [2.83152e+00, 2.08703e-01, 8.79233e-01, 5.22023e-01, 4.24809e-01, 2.05981e-01, 1.00383e+00]
198000 [2.85298e+00, 2.06973e-01, 8.74821e-01, 5.23369e-01, 4.24069e-01, 2.06325e-01, 1.00823e+00]
198500 [2.82098e+00, 2.08633e-01, 8.71633e-01, 5.12478e-01, 4.23603e-01, 2.02402e-01, 1.01003e+00]
199000 [2.80320e+00, 2.07608e-01, 8.68002e-01, 5.10465e-01, 4.22876e-01, 2.01457e-01, 1.01016e+00]
199500 [2.78981e+00, 2.06762e-01, 8.64432e-01, 5.08591e-01, 4.22248e-01, 2.00736e-01, 1.01215e+00]
200000 [2.77704e+00, 2.05766e-01, 8.60642e-01, 5.06110e-01, 4.21374e-01, 1.99702e-01, 1.01649e+00]
