0 [2.52000e+00, 2.16000e-01, 7.74000e-01, 4.87000e-01, 3.62000e-01, 1.90000e-01, 5.70000e-01]
500 [2.51729e+00, 2.14418e-01, 7.74916e-01, 4.94836e-01, 3.62464e-01, 1.89902e-01, 5.69635e-01]
1000 [2.51585e+00, 2.14323e-01, 7.74634e-01, 4.95102e-01, 3.62745e-01, 1.90012e-01, 5.71007e-01]
1500 [2.51425e+00, 2.13612e-01, 7.74798e-01, 4.96860e-01, 3.63385e-01, 1.90337e-01, 5.70068e-01]
2000 [2.51353e+00, 2.13282e-01, 7.75014e-01, 4.95603e-01, 3.63664e-01, 1.90027e-01, 5.66804e-01]
2500 [2.51271e+00, 2.12785e-01, 7.75369e-01, 4.97255e-01, 3.64107e-01, 1.90490e-01, 5.63694e-01]
3000 [2.51193e+00, 2.12426e-01, 7.75674e-01, 5.01224e-01, 3.64422e-01, 1.90922e-01, 5.61467e-01]
3500 [2.51147e+00, 2.12720e-01, 7.75678e-01, 5.02519e-01, 3.64781e-01, 1.91569e-01, 5.60578e-01]
4000 [2.51144e+00, 2.12966e-01, 7.75736e-01, 5.02656e-01, 3.65065e-01, 1.92089e-01, 5.60741e-01]
4500 [2.51204e+00, 2.13256e-01, 7.75756e-01, 5.01706e-01, 3.65402e-01, 1.92515e-01, 5.61769e-01]
5000 [2.51303e+00, 2.13514e-01, 7.75758e-01, 5.01178e-01, 3.65760e-01, 1.93064e-01, 5.62281e-01]
5500 [2.51405e+00, 2.13696e-01, 7.75809e-01, 5.02321e-01, 3.66147e-01, 1.94050e-01, 5.61092e-01]
6000 [2.51412e+00, 2.13862e-01, 7.75931e-01, 5.01007e-01, 3.66461e-01, 1.94946e-01, 5.60116e-01]
6500 [2.51509e+00, 2.14144e-01, 7.76155e-01, 5.00190e-01, 3.66941e-01, 1.95089e-01, 5.59063e-01]
7000 [2.51600e+00, 2.14213e-01, 7.76373e-01, 5.00581e-01, 3.67242e-01, 1.95427e-01, 5.58139e-01]
7500 [2.51793e+00, 2.14278e-01, 7.76705e-01, 5.02374e-01, 3.67855e-01, 1.96327e-01, 5.58576e-01]
8000 [2.52069e+00, 2.14851e-01, 7.77035e-01, 5.03940e-01, 3.68964e-01, 1.96350e-01, 5.60389e-01]
8500 [2.52087e+00, 2.14698e-01, 7.76982e-01, 5.04064e-01, 3.68942e-01, 1.96509e-01, 5.60066e-01]
9000 [2.52097e+00, 2.14647e-01, 7.76953e-01, 5.03941e-01, 3.69053e-01, 1.96664e-01, 5.59709e-01]
9500 [2.52327e+00, 2.15139e-01, 7.77256e-01, 5.07963e-01, 3.69908e-01, 1.97404e-01, 5.59282e-01]
10000 [2.52436e+00, 2.14695e-01, 7.77211e-01, 5.08761e-01, 3.69918e-01, 1.97179e-01, 5.58507e-01]
10500 [2.52409e+00, 2.14435e-01, 7.77176e-01, 5.09276e-01, 3.70265e-01, 1.97825e-01, 5.57399e-01]
11000 [2.52327e+00, 2.14735e-01, 7.77312e-01, 5.08728e-01, 3.70662e-01, 1.98719e-01, 5.55791e-01]
11500 [2.52274e+00, 2.14740e-01, 7.77371e-01, 5.08304e-01, 3.71082e-01, 1.98697e-01, 5.53645e-01]
12000 [2.52334e+00, 2.14905e-01, 7.78403e-01, 5.09482e-01, 3.71556e-01, 1.99292e-01, 5.51377e-01]
12500 [2.52384e+00, 2.14654e-01, 7.78297e-01, 5.09348e-01, 3.71736e-01, 1.99066e-01, 5.51100e-01]
13000 [2.52467e+00, 2.14674e-01, 7.78314e-01, 5.08265e-01, 3.72109e-01, 1.99152e-01, 5.51115e-01]
13500 [2.52544e+00, 2.14671e-01, 7.78342e-01, 5.06741e-01, 3.72529e-01, 1.99129e-01, 5.51163e-01]
14000 [2.52618e+00, 2.14590e-01, 7.78358e-01, 5.06052e-01, 3.72866e-01, 1.99207e-01, 5.51173e-01]
14500 [2.52685e+00, 2.14487e-01, 7.78389e-01, 5.04969e-01, 3.73228e-01, 1.99075e-01, 5.51464e-01]
15000 [2.52712e+00, 2.14466e-01, 7.78510e-01, 5.05844e-01, 3.73687e-01, 1.99481e-01, 5.52218e-01]
15500 [2.52828e+00, 2.14204e-01, 7.78593e-01, 5.06353e-01, 3.74092e-01, 1.99707e-01, 5.51999e-01]
16000 [2.52979e+00, 2.13943e-01, 7.78609e-01, 5.07195e-01, 3.74477e-01, 1.99814e-01, 5.52514e-01]
16500 [2.53040e+00, 2.14050e-01, 7.78651e-01, 5.05766e-01, 3.74847e-01, 1.99856e-01, 5.52520e-01]
17000 [2.53116e+00, 2.14365e-01, 7.79439e-01, 5.06562e-01, 3.75912e-01, 2.00182e-01, 5.51098e-01]
17500 [2.53302e+00, 2.14041e-01, 7.79358e-01, 5.06210e-01, 3.75897e-01, 2.00666e-01, 5.51753e-01]
18000 [2.53404e+00, 2.13900e-01, 7.79338e-01, 5.05513e-01, 3.76090e-01, 2.00546e-01, 5.51804e-01]
18500 [2.53483e+00, 2.13722e-01, 7.79403e-01, 5.05187e-01, 3.76346e-01, 2.00348e-01, 5.51951e-01]
19000 [2.53550e+00, 2.13697e-01, 7.79478e-01, 5.04318e-01, 3.76761e-01, 2.00347e-01, 5.52212e-01]
19500 [2.53608e+00, 2.13721e-01, 7.79585e-01, 5.03879e-01, 3.77113e-01, 2.00539e-01, 5.51706e-01]
20000 [2.53695e+00, 2.13698e-01, 7.79489e-01, 5.02208e-01, 3.77391e-01, 2.00591e-01, 5.52127e-01]
20500 [2.53768e+00, 2.13671e-01, 7.79540e-01, 5.01525e-01, 3.77835e-01, 2.00561e-01, 5.52346e-01]
21000 [2.53755e+00, 2.13895e-01, 7.79905e-01, 5.02110e-01, 3.78554e-01, 2.00702e-01, 5.52658e-01]
21500 [2.53834e+00, 2.13680e-01, 7.79882e-01, 5.02048e-01, 3.78639e-01, 2.00368e-01, 5.52985e-01]
22000 [2.53843e+00, 2.13667e-01, 7.79903e-01, 5.01262e-01, 3.79024e-01, 2.00230e-01, 5.53091e-01]
22500 [2.53872e+00, 2.13665e-01, 7.79911e-01, 5.00177e-01, 3.79367e-01, 2.00144e-01, 5.53268e-01]
23000 [2.53957e+00, 2.13237e-01, 7.80031e-01, 5.01111e-01, 3.79782e-01, 2.00375e-01, 5.53848e-01]
23500 [2.54008e+00, 2.13288e-01, 7.80026e-01, 5.00753e-01, 3.80070e-01, 2.00324e-01, 5.54006e-01]
24000 [2.54041e+00, 2.13309e-01, 7.80039e-01, 4.99486e-01, 3.80414e-01, 2.00200e-01, 5.54270e-01]
24500 [2.54092e+00, 2.13629e-01, 7.80181e-01, 5.00984e-01, 3.80959e-01, 2.00378e-01, 5.54845e-01]
25000 [2.54250e+00, 2.13390e-01, 7.80208e-01, 5.01444e-01, 3.81173e-01, 2.00251e-01, 5.55025e-01]
25500 [2.54328e+00, 2.13327e-01, 7.80221e-01, 5.00257e-01, 3.81467e-01, 2.00530e-01, 5.55067e-01]
26000 [2.54415e+00, 2.13203e-01, 7.80316e-01, 4.99731e-01, 3.81875e-01, 2.00646e-01, 5.55039e-01]
26500 [2.54482e+00, 2.13185e-01, 7.80390e-01, 5.00081e-01, 3.82286e-01, 2.00847e-01, 5.55236e-01]
27000 [2.54537e+00, 2.13227e-01, 7.80450e-01, 4.99761e-01, 3.82523e-01, 2.00409e-01, 5.55073e-01]
27500 [2.54609e+00, 2.13365e-01, 7.80533e-01, 4.99596e-01, 3.82882e-01, 2.00399e-01, 5.54825e-01]
28000 [2.54635e+00, 2.13599e-01, 7.80453e-01, 4.98283e-01, 3.83188e-01, 2.00411e-01, 5.54942e-01]
28500 [2.54664e+00, 2.13763e-01, 7.80407e-01, 4.97424e-01, 3.83508e-01, 2.00146e-01, 5.54776e-01]
29000 [2.54730e+00, 2.13828e-01, 7.80402e-01, 4.98176e-01, 3.83906e-01, 2.00485e-01, 5.54085e-01]
29500 [2.54799e+00, 2.13897e-01, 7.80469e-01, 4.98252e-01, 3.84304e-01, 2.00574e-01, 5.54552e-01]
30000 [2.54817e+00, 2.13822e-01, 7.80391e-01, 4.98520e-01, 3.84615e-01, 2.00184e-01, 5.54675e-01]
30500 [2.54881e+00, 2.13718e-01, 7.80496e-01, 4.99233e-01, 3.84994e-01, 2.00179e-01, 5.54967e-01]
31000 [2.55015e+00, 2.13707e-01, 7.80495e-01, 5.01241e-01, 3.85428e-01, 2.00788e-01, 5.54938e-01]
31500 [2.55134e+00, 2.13432e-01, 7.80564e-01, 5.02500e-01, 3.85643e-01, 2.00995e-01, 5.55904e-01]
32000 [2.55163e+00, 2.13448e-01, 7.80624e-01, 5.02616e-01, 3.85930e-01, 2.00840e-01, 5.56221e-01]
32500 [2.55093e+00, 2.13876e-01, 7.80548e-01, 5.02763e-01, 3.86368e-01, 2.00800e-01, 5.56442e-01]
33000 [2.55109e+00, 2.13917e-01, 7.80683e-01, 5.03162e-01, 3.86649e-01, 2.00707e-01, 5.56653e-01]
33500 [2.55118e+00, 2.13805e-01, 7.80847e-01, 5.03272e-01, 3.86931e-01, 2.00858e-01, 5.57162e-01]
34000 [2.55111e+00, 2.13884e-01, 7.80988e-01, 5.03162e-01, 3.87277e-01, 2.00924e-01, 5.57921e-01]
34500 [2.55141e+00, 2.13856e-01, 7.81095e-01, 5.03342e-01, 3.87637e-01, 2.00999e-01, 5.58394e-01]
35000 [2.55156e+00, 2.13784e-01, 7.81345e-01, 5.03898e-01, 3.87976e-01, 2.00992e-01, 5.59015e-01]
35500 [2.55141e+00, 2.13866e-01, 7.81349e-01, 5.04347e-01, 3.88402e-01, 2.01482e-01, 5.59322e-01]
36000 [2.55184e+00, 2.13739e-01, 7.81397e-01, 5.04177e-01, 3.88641e-01, 2.01368e-01, 5.59950e-01]
36500 [2.55197e+00, 2.13925e-01, 7.81351e-01, 5.03665e-01, 3.89040e-01, 2.01299e-01, 5.60525e-01]
37000 [2.55216e+00, 2.13863e-01, 7.81337e-01, 5.03447e-01, 3.89275e-01, 2.01255e-01, 5.60877e-01]
37500 [2.55254e+00, 2.13971e-01, 7.81629e-01, 5.02792e-01, 3.89676e-01, 2.01496e-01, 5.61850e-01]
38000 [2.55255e+00, 2.13970e-01, 7.81465e-01, 5.02509e-01, 3.89941e-01, 2.01379e-01, 5.62225e-01]
38500 [2.55283e+00, 2.14028e-01, 7.81628e-01, 5.02538e-01, 3.90322e-01, 2.01421e-01, 5.62429e-01]
39000 [2.55316e+00, 2.13961e-01, 7.81675e-01, 5.02493e-01, 3.90593e-01, 2.01369e-01, 5.63157e-01]
39500 [2.55343e+00, 2.14032e-01, 7.81626e-01, 5.02350e-01, 3.90905e-01, 2.01348e-01, 5.63480e-01]
40000 [2.55410e+00, 2.14266e-01, 7.82458e-01, 5.03016e-01, 3.91855e-01, 2.01849e-01, 5.62893e-01]
40500 [2.55405e+00, 2.13998e-01, 7.82483e-01, 5.03425e-01, 3.91866e-01, 2.01826e-01, 5.62661e-01]
41000 [2.55202e+00, 2.14420e-01, 7.82320e-01, 5.01557e-01, 3.91999e-01, 2.01852e-01, 5.61728e-01]
41500 [2.55135e+00, 2.14569e-01, 7.82166e-01, 5.01106e-01, 3.92332e-01, 2.01866e-01, 5.61078e-01]
42000 [2.55162e+00, 2.14634e-01, 7.82032e-01, 5.00476e-01, 3.92666e-01, 2.01840e-01, 5.61167e-01]
42500 [2.55256e+00, 2.14536e-01, 7.82158e-01, 5.00594e-01, 3.92951e-01, 2.01606e-01, 5.62186e-01]
43000 [2.55305e+00, 2.14509e-01, 7.82300e-01, 5.00525e-01, 3.93267e-01, 2.01685e-01, 5.61911e-01]
43500 [2.55385e+00, 2.14571e-01, 7.82465e-01, 5.00460e-01, 3.93623e-01, 2.01524e-01, 5.62468e-01]
44000 [2.55413e+00, 2.14789e-01, 7.82541e-01, 5.00868e-01, 3.94060e-01, 2.01233e-01, 5.63014e-01]
44500 [2.55439e+00, 2.14605e-01, 7.82630e-01, 5.01676e-01, 3.94285e-01, 2.01245e-01, 5.63191e-01]
45000 [2.55518e+00, 2.15429e-01, 7.82314e-01, 5.04086e-01, 3.95137e-01, 2.01599e-01, 5.63358e-01]
45500 [2.55687e+00, 2.15368e-01, 7.82887e-01, 5.01850e-01, 3.95708e-01, 2.02962e-01, 5.66980e-01]
46000 [2.55747e+00, 2.15205e-01, 7.82831e-01, 5.02280e-01, 3.95696e-01, 2.02900e-01, 5.66346e-01]
46500 [2.55827e+00, 2.15128e-01, 7.82814e-01, 5.02749e-01, 3.95816e-01, 2.02585e-01, 5.66685e-01]
47000 [2.55868e+00, 2.15242e-01, 7.82675e-01, 5.02841e-01, 3.96094e-01, 2.02388e-01, 5.67195e-01]
47500 [2.55885e+00, 2.15471e-01, 7.82500e-01, 5.02419e-01, 3.96446e-01, 2.02269e-01, 5.67151e-01]
48000 [2.55920e+00, 2.15542e-01, 7.82685e-01, 5.02012e-01, 3.96775e-01, 2.02044e-01, 5.66821e-01]
48500 [2.55961e+00, 2.15463e-01, 7.82743e-01, 5.02098e-01, 3.97011e-01, 2.01899e-01, 5.66405e-01]
49000 [2.56009e+00, 2.15456e-01, 7.82846e-01, 5.02217e-01, 3.97365e-01, 2.01893e-01, 5.65930e-01]
49500 [2.56059e+00, 2.15302e-01, 7.83171e-01, 5.02424e-01, 3.97708e-01, 2.01918e-01, 5.65885e-01]
50000 [2.56082e+00, 2.15485e-01, 7.83000e-01, 5.02525e-01, 3.98061e-01, 2.01995e-01, 5.65858e-01]
50500 [2.56140e+00, 2.15540e-01, 7.82950e-01, 5.02266e-01, 3.98380e-01, 2.02006e-01, 5.66153e-01]
51000 [2.56176e+00, 2.15434e-01, 7.83100e-01, 5.02353e-01, 3.98728e-01, 2.02063e-01, 5.66172e-01]
51500 [2.56206e+00, 2.15350e-01, 7.83386e-01, 5.02013e-01, 3.99063e-01, 2.02159e-01, 5.65589e-01]
52000 [2.56234e+00, 2.15418e-01, 7.83540e-01, 5.02361e-01, 3.99419e-01, 2.02143e-01, 5.67948e-01]
52500 [2.56286e+00, 2.15497e-01, 7.83448e-01, 5.02449e-01, 3.99719e-01, 2.02238e-01, 5.68137e-01]
53000 [2.56337e+00, 2.15491e-01, 7.83455e-01, 5.02618e-01, 3.99984e-01, 2.02235e-01, 5.68295e-01]
53500 [2.56401e+00, 2.15639e-01, 7.83490e-01, 5.02843e-01, 4.00395e-01, 2.02277e-01, 5.68592e-01]
54000 [2.56469e+00, 2.15554e-01, 7.83716e-01, 5.02872e-01, 4.00711e-01, 2.02344e-01, 5.68701e-01]
54500 [2.56519e+00, 2.15624e-01, 7.83743e-01, 5.03088e-01, 4.01056e-01, 2.02392e-01, 5.68951e-01]
55000 [2.56612e+00, 2.16343e-01, 7.84255e-01, 5.04653e-01, 4.02275e-01, 2.03136e-01, 5.68517e-01]
55500 [2.56647e+00, 2.16258e-01, 7.84137e-01, 5.04665e-01, 4.02252e-01, 2.02935e-01, 5.69673e-01]
56000 [2.56697e+00, 2.16080e-01, 7.84033e-01, 5.04948e-01, 4.02235e-01, 2.02827e-01, 5.69741e-01]
56500 [2.56744e+00, 2.15902e-01, 7.84164e-01, 5.05474e-01, 4.02498e-01, 2.02892e-01, 5.69809e-01]
57000 [2.56788e+00, 2.16018e-01, 7.84223e-01, 5.05532e-01, 4.02794e-01, 2.02986e-01, 5.69938e-01]
57500 [2.56842e+00, 2.16208e-01, 7.84214e-01, 5.05824e-01, 4.03202e-01, 2.03032e-01, 5.70235e-01]
58000 [2.56899e+00, 2.16303e-01, 7.84236e-01, 5.06047e-01, 4.03502e-01, 2.03023e-01, 5.70614e-01]
58500 [2.56963e+00, 2.16271e-01, 7.84374e-01, 5.06254e-01, 4.03770e-01, 2.03034e-01, 5.70946e-01]
59000 [2.57035e+00, 2.16259e-01, 7.84494e-01, 5.06350e-01, 4.04102e-01, 2.03084e-01, 5.71355e-01]
59500 [2.57104e+00, 2.16271e-01, 7.84634e-01, 5.06404e-01, 4.04421e-01, 2.03099e-01, 5.71700e-01]
60000 [2.57165e+00, 2.16334e-01, 7.84701e-01, 5.06680e-01, 4.04774e-01, 2.03141e-01, 5.72170e-01]
60500 [2.57227e+00, 2.16335e-01, 7.84753e-01, 5.06771e-01, 4.05028e-01, 2.03149e-01, 5.72451e-01]
61000 [2.57488e+00, 2.16382e-01, 7.85220e-01, 5.06530e-01, 4.05626e-01, 2.04139e-01, 5.70000e-01]
61500 [2.57582e+00, 2.16253e-01, 7.85167e-01, 5.06594e-01, 4.05800e-01, 2.03877e-01, 5.70698e-01]
62000 [2.57644e+00, 2.16425e-01, 7.85354e-01, 5.06880e-01, 4.06167e-01, 2.03867e-01, 5.72853e-01]
62500 [2.57707e+00, 2.16442e-01, 7.85345e-01, 5.07114e-01, 4.06449e-01, 2.03831e-01, 5.73171e-01]
63000 [2.57798e+00, 2.16538e-01, 7.85483e-01, 5.07244e-01, 4.06772e-01, 2.03799e-01, 5.74255e-01]
63500 [2.57820e+00, 2.16988e-01, 7.85505e-01, 5.07370e-01, 4.07209e-01, 2.04057e-01, 5.76386e-01]
64000 [2.57935e+00, 2.16842e-01, 7.85612e-01, 5.07712e-01, 4.07436e-01, 2.04213e-01, 5.76573e-01]
64500 [2.58039e+00, 2.16921e-01, 7.85642e-01, 5.07885e-01, 4.07780e-01, 2.04249e-01, 5.76744e-01]
65000 [2.58136e+00, 2.16945e-01, 7.85665e-01, 5.07928e-01, 4.08060e-01, 2.04324e-01, 5.76850e-01]
65500 [2.58224e+00, 2.17087e-01, 7.85685e-01, 5.07939e-01, 4.08435e-01, 2.04354e-01, 5.76914e-01]
66000 [2.58331e+00, 2.17024e-01, 7.85813e-01, 5.08161e-01, 4.08687e-01, 2.04430e-01, 5.76950e-01]
66500 [2.58436e+00, 2.17077e-01, 7.85972e-01, 5.08322e-01, 4.09042e-01, 2.04497e-01, 5.77085e-01]
67000 [2.58528e+00, 2.17168e-01, 7.86035e-01, 5.08371e-01, 4.09375e-01, 2.04478e-01, 5.77148e-01]
67500 [2.58621e+00, 2.17253e-01, 7.86122e-01, 5.08785e-01, 4.09723e-01, 2.04568e-01, 5.77089e-01]
68000 [2.58747e+00, 2.17632e-01, 7.86431e-01, 5.09229e-01, 4.10494e-01, 2.05112e-01, 5.77552e-01]
68500 [2.58836e+00, 2.17387e-01, 7.86392e-01, 5.09171e-01, 4.10483e-01, 2.04994e-01, 5.77598e-01]
69000 [2.58915e+00, 2.17404e-01, 7.86400e-01, 5.09077e-01, 4.10695e-01, 2.04927e-01, 5.77733e-01]
69500 [2.58998e+00, 2.17715e-01, 7.86486e-01, 5.09332e-01, 4.11085e-01, 2.05103e-01, 5.77620e-01]
70000 [2.59070e+00, 2.17730e-01, 7.86660e-01, 5.09735e-01, 4.11330e-01, 2.04891e-01, 5.78416e-01]
70500 [2.59144e+00, 2.17779e-01, 7.86635e-01, 5.10343e-01, 4.11586e-01, 2.04891e-01, 5.78706e-01]
71000 [2.59203e+00, 2.18446e-01, 7.87182e-01, 5.10246e-01, 4.12553e-01, 2.05229e-01, 5.80145e-01]
71500 [2.59266e+00, 2.18250e-01, 7.87136e-01, 5.09612e-01, 4.12536e-01, 2.04994e-01, 5.79987e-01]
72000 [2.59325e+00, 2.18462e-01, 7.86990e-01, 5.08877e-01, 4.12866e-01, 2.05228e-01, 5.79816e-01]
72500 [2.59413e+00, 2.18544e-01, 7.87042e-01, 5.08141e-01, 4.13166e-01, 2.05227e-01, 5.79943e-01]
73000 [2.59497e+00, 2.18606e-01, 7.87026e-01, 5.07437e-01, 4.13438e-01, 2.05220e-01, 5.80078e-01]
73500 [2.59595e+00, 2.18597e-01, 7.87304e-01, 5.06770e-01, 4.13765e-01, 2.05288e-01, 5.80278e-01]
74000 [2.59690e+00, 2.18739e-01, 7.87383e-01, 5.06322e-01, 4.14160e-01, 2.05318e-01, 5.80508e-01]
74500 [2.59767e+00, 2.19009e-01, 7.87268e-01, 5.06273e-01, 4.14557e-01, 2.05310e-01, 5.80710e-01]
75000 [2.59835e+00, 2.18918e-01, 7.87644e-01, 5.06000e-01, 4.14802e-01, 2.05286e-01, 5.80579e-01]
75500 [2.59933e+00, 2.18899e-01, 7.87675e-01, 5.06836e-01, 4.15105e-01, 2.05330e-01, 5.80520e-01]
76000 [2.60050e+00, 2.18925e-01, 7.87715e-01, 5.07971e-01, 4.15423e-01, 2.05301e-01, 5.80604e-01]
76500 [2.60163e+00, 2.18982e-01, 7.87800e-01, 5.09072e-01, 4.15746e-01, 2.05396e-01, 5.80629e-01]
77000 [2.60284e+00, 2.18991e-01, 7.87920e-01, 5.10096e-01, 4.16074e-01, 2.05385e-01, 5.80844e-01]
77500 [2.60396e+00, 2.19024e-01, 7.88050e-01, 5.10965e-01, 4.16401e-01, 2.05451e-01, 5.80870e-01]
78000 [2.60513e+00, 2.19130e-01, 7.88162e-01, 5.12101e-01, 4.16760e-01, 2.05504e-01, 5.80886e-01]
78500 [2.60579e+00, 2.19188e-01, 7.88330e-01, 5.11878e-01, 4.17066e-01, 2.05645e-01, 5.82043e-01]
79000 [2.60669e+00, 2.19328e-01, 7.88457e-01, 5.10858e-01, 4.17429e-01, 2.05711e-01, 5.82061e-01]
79500 [2.60747e+00, 2.19349e-01, 7.88435e-01, 5.10554e-01, 4.17684e-01, 2.05601e-01, 5.82041e-01]
80000 [2.60834e+00, 2.19332e-01, 7.88544e-01, 5.10206e-01, 4.17988e-01, 2.05495e-01, 5.82054e-01]
80500 [2.60807e+00, 2.20120e-01, 7.89916e-01, 5.09526e-01, 4.19211e-01, 2.06435e-01, 5.84724e-01]
81000 [2.60855e+00, 2.19914e-01, 7.89897e-01, 5.09233e-01, 4.19210e-01, 2.06197e-01, 5.84621e-01]
81500 [2.60960e+00, 2.19554e-01, 7.89943e-01, 5.09752e-01, 4.19320e-01, 2.05795e-01, 5.84548e-01]
82000 [2.61084e+00, 2.19452e-01, 7.90089e-01, 5.10876e-01, 4.19666e-01, 2.05821e-01, 5.83054e-01]
82500 [2.61178e+00, 2.19366e-01, 7.90153e-01, 5.12717e-01, 4.19961e-01, 2.05899e-01, 5.83030e-01]
83000 [2.61277e+00, 2.19352e-01, 7.90214e-01, 5.14156e-01, 4.20292e-01, 2.05994e-01, 5.82935e-01]
83500 [2.61379e+00, 2.19329e-01, 7.90240e-01, 5.15392e-01, 4.20584e-01, 2.06141e-01, 5.81768e-01]
84000 [2.61464e+00, 2.19427e-01, 7.90533e-01, 5.12464e-01, 4.20946e-01, 2.06282e-01, 5.81604e-01]
84500 [2.61572e+00, 2.19289e-01, 7.90640e-01, 5.11565e-01, 4.21238e-01, 2.06242e-01, 5.81968e-01]
85000 [2.61494e+00, 2.20102e-01, 7.92028e-01, 5.12771e-01, 4.23243e-01, 2.07021e-01, 5.82663e-01]
85500 [2.61522e+00, 2.19962e-01, 7.91970e-01, 5.12298e-01, 4.23237e-01, 2.06849e-01, 5.82095e-01]
86000 [2.61559e+00, 2.19811e-01, 7.91902e-01, 5.11713e-01, 4.23230e-01, 2.06653e-01, 5.81868e-01]
86500 [2.61607e+00, 2.19623e-01, 7.91816e-01, 5.11023e-01, 4.23220e-01, 2.06401e-01, 5.81748e-01]
87000 [2.61687e+00, 2.19966e-01, 7.91822e-01, 5.11741e-01, 4.23462e-01, 2.05794e-01, 5.81851e-01]
87500 [2.61727e+00, 2.19782e-01, 7.91996e-01, 5.14090e-01, 4.23851e-01, 2.05899e-01, 5.81498e-01]
88000 [2.61794e+00, 2.19458e-01, 7.92093e-01, 5.16211e-01, 4.24068e-01, 2.05997e-01, 5.80986e-01]
88500 [2.61913e+00, 2.19404e-01, 7.92172e-01, 5.17504e-01, 4.24407e-01, 2.06157e-01, 5.81486e-01]
89000 [2.62023e+00, 2.19454e-01, 7.92239e-01, 5.17940e-01, 4.24727e-01, 2.06373e-01, 5.80591e-01]
89500 [2.62105e+00, 2.19408e-01, 7.92308e-01, 5.18462e-01, 4.24999e-01, 2.06293e-01, 5.79855e-01]
90000 [2.62199e+00, 2.19433e-01, 7.92410e-01, 5.18976e-01, 4.25305e-01, 2.06226e-01, 5.79689e-01]
90500 [2.62290e+00, 2.19373e-01, 7.92458e-01, 5.19117e-01, 4.25543e-01, 2.06163e-01, 5.79602e-01]
91000 [2.62397e+00, 2.19527e-01, 7.92699e-01, 5.19700e-01, 4.26003e-01, 2.06341e-01, 5.79863e-01]
91500 [2.62341e+00, 2.20104e-01, 7.93467e-01, 5.19846e-01, 4.27096e-01, 2.06840e-01, 5.80058e-01]
92000 [2.62401e+00, 2.19915e-01, 7.93378e-01, 5.19316e-01, 4.27087e-01, 2.06704e-01, 5.79953e-01]
92500 [2.62489e+00, 2.19698e-01, 7.93356e-01, 5.19110e-01, 4.27198e-01, 2.06460e-01, 5.79844e-01]
93000 [2.62852e+00, 2.19208e-01, 7.93345e-01, 5.18296e-01, 4.27524e-01, 2.07182e-01, 5.81640e-01]
93500 [2.62963e+00, 2.19193e-01, 7.93393e-01, 5.18839e-01, 4.27804e-01, 2.07100e-01, 5.81605e-01]
94000 [2.63054e+00, 2.19142e-01, 7.93446e-01, 5.19633e-01, 4.28111e-01, 2.07100e-01, 5.81545e-01]
94500 [2.63114e+00, 2.19109e-01, 7.93587e-01, 5.20666e-01, 4.28512e-01, 2.07301e-01, 5.81609e-01]
95000 [2.63211e+00, 2.19174e-01, 7.93635e-01, 5.20073e-01, 4.28746e-01, 2.07013e-01, 5.82121e-01]
95500 [2.63362e+00, 2.19469e-01, 7.94216e-01, 5.19691e-01, 4.29743e-01, 2.07594e-01, 5.82791e-01]
96000 [2.63334e+00, 2.19680e-01, 7.93956e-01, 5.17245e-01, 4.29713e-01, 2.07139e-01, 5.82639e-01]
96500 [2.63373e+00, 2.19521e-01, 7.94134e-01, 5.17895e-01, 4.29913e-01, 2.06451e-01, 5.82506e-01]
97000 [2.63538e+00, 2.19208e-01, 7.94218e-01, 5.18930e-01, 4.30242e-01, 2.06442e-01, 5.82925e-01]
97500 [2.63654e+00, 2.19378e-01, 7.94312e-01, 5.18167e-01, 4.30582e-01, 2.06483e-01, 5.83133e-01]
98000 [2.63775e+00, 2.19182e-01, 7.94462e-01, 5.18770e-01, 4.30953e-01, 2.06561e-01, 5.83262e-01]
98500 [2.63779e+00, 2.19023e-01, 7.94634e-01, 5.21504e-01, 4.31372e-01, 2.06259e-01, 5.83395e-01]
99000 [2.63834e+00, 2.19081e-01, 7.94563e-01, 5.21040e-01, 4.31525e-01, 2.06113e-01, 5.84214e-01]
99500 [2.63911e+00, 2.18931e-01, 7.94714e-01, 5.22927e-01, 4.31869e-01, 2.06131e-01, 5.84940e-01]
100000 [2.63974e+00, 2.18925e-01, 7.94811e-01, 5.22345e-01, 4.32160e-01, 2.06172e-01, 5.84898e-01]
100500 [2.63999e+00, 2.18964e-01, 7.95180e-01, 5.22089e-01, 4.32806e-01, 2.06215e-01, 5.84913e-01]
101000 [2.63968e+00, 2.19004e-01, 7.95047e-01, 5.20911e-01, 4.32881e-01, 2.06123e-01, 5.84500e-01]
101500 [2.64027e+00, 2.18901e-01, 7.95041e-01, 5.22021e-01, 4.33167e-01, 2.06144e-01, 5.85151e-01]
102000 [2.64107e+00, 2.18920e-01, 7.95108e-01, 5.22986e-01, 4.33516e-01, 2.06259e-01, 5.85794e-01]
102500 [2.64127e+00, 2.18892e-01, 7.95411e-01, 5.25782e-01, 4.33927e-01, 2.06215e-01, 5.86597e-01]
103000 [2.64229e+00, 2.18840e-01, 7.95541e-01, 5.26289e-01, 4.34246e-01, 2.05891e-01, 5.87247e-01]
103500 [2.64279e+00, 2.18860e-01, 7.95553e-01, 5.25445e-01, 4.34582e-01, 2.05927e-01, 5.86894e-01]
104000 [2.64420e+00, 2.18798e-01, 7.95527e-01, 5.24386e-01, 4.34862e-01, 2.05975e-01, 5.87071e-01]
104500 [2.64538e+00, 2.18780e-01, 7.95507e-01, 5.23335e-01, 4.35167e-01, 2.06020e-01, 5.87236e-01]
105000 [2.64655e+00, 2.18775e-01, 7.95540e-01, 5.22139e-01, 4.35511e-01, 2.06020e-01, 5.87304e-01]
105500 [2.64573e+00, 2.19171e-01, 7.96560e-01, 5.26437e-01, 4.36681e-01, 2.05724e-01, 5.87247e-01]
106000 [2.64665e+00, 2.19012e-01, 7.96597e-01, 5.24608e-01, 4.36617e-01, 2.05848e-01, 5.86805e-01]
106500 [2.64767e+00, 2.18804e-01, 7.96479e-01, 5.22560e-01, 4.36692e-01, 2.05843e-01, 5.86803e-01]
107000 [2.64878e+00, 2.18740e-01, 7.96465e-01, 5.21072e-01, 4.37012e-01, 2.06189e-01, 5.86807e-01]
107500 [2.64925e+00, 2.18710e-01, 7.96533e-01, 5.19443e-01, 4.37311e-01, 2.06641e-01, 5.87524e-01]
108000 [2.64990e+00, 2.18550e-01, 7.96527e-01, 5.18614e-01, 4.37580e-01, 2.06751e-01, 5.88663e-01]
108500 [2.65046e+00, 2.18485e-01, 7.96548e-01, 5.18139e-01, 4.37916e-01, 2.06777e-01, 5.89576e-01]
109000 [2.65092e+00, 2.18541e-01, 7.96636e-01, 5.18578e-01, 4.38289e-01, 2.06834e-01, 5.90285e-01]
109500 [2.65134e+00, 2.18507e-01, 7.96640e-01, 5.19060e-01, 4.38617e-01, 2.06760e-01, 5.90675e-01]
110000 [2.65164e+00, 2.18543e-01, 7.96711e-01, 5.18876e-01, 4.38939e-01, 2.06790e-01, 5.91237e-01]
110500 [2.65144e+00, 2.18829e-01, 7.97530e-01, 5.21924e-01, 4.40221e-01, 2.07030e-01, 5.91700e-01]
111000 [2.65165e+00, 2.18680e-01, 7.97445e-01, 5.21375e-01, 4.40211e-01, 2.06920e-01, 5.91934e-01]
111500 [2.65190e+00, 2.18509e-01, 7.97323e-01, 5.20382e-01, 4.40198e-01, 2.06783e-01, 5.92108e-01]
112000 [2.65296e+00, 2.18669e-01, 7.97418e-01, 5.18323e-01, 4.40486e-01, 2.07130e-01, 5.92181e-01]
112500 [2.65371e+00, 2.18686e-01, 7.97441e-01, 5.18224e-01, 4.40768e-01, 2.06904e-01, 5.91916e-01]
113000 [2.65460e+00, 2.18700e-01, 7.97482e-01, 5.18263e-01, 4.41119e-01, 2.06742e-01, 5.91839e-01]
113500 [2.65549e+00, 2.18671e-01, 7.97463e-01, 5.17758e-01, 4.41447e-01, 2.06621e-01, 5.91836e-01]
114000 [2.65630e+00, 2.18721e-01, 7.97466e-01, 5.17637e-01, 4.41709e-01, 2.06501e-01, 5.91495e-01]
114500 [2.65746e+00, 2.18797e-01, 7.97540e-01, 5.17032e-01, 4.42122e-01, 2.06574e-01, 5.91912e-01]
115000 [2.65642e+00, 2.18944e-01, 7.99677e-01, 5.36855e-01, 4.44634e-01, 2.07437e-01, 5.94404e-01]
115500 [2.65652e+00, 2.18919e-01, 7.99615e-01, 5.34136e-01, 4.44611e-01, 2.07278e-01, 5.94576e-01]
116000 [2.65664e+00, 2.18869e-01, 7.99546e-01, 5.31183e-01, 4.44595e-01, 2.07149e-01, 5.94676e-01]
116500 [2.65686e+00, 2.18807e-01, 7.99463e-01, 5.27894e-01, 4.44582e-01, 2.06978e-01, 5.94705e-01]
117000 [2.65713e+00, 2.18727e-01, 7.99359e-01, 5.24333e-01, 4.44568e-01, 2.06749e-01, 5.94678e-01]
117500 [2.65734e+00, 2.18955e-01, 7.99310e-01, 5.20091e-01, 4.44807e-01, 2.06536e-01, 5.94412e-01]
118000 [2.65792e+00, 2.19228e-01, 7.99100e-01, 5.16080e-01, 4.44958e-01, 2.06036e-01, 5.94323e-01]
118500 [2.65856e+00, 2.19385e-01, 7.98980e-01, 5.12992e-01, 4.45166e-01, 2.05626e-01, 5.94364e-01]
119000 [2.65927e+00, 2.19442e-01, 7.98905e-01, 5.11198e-01, 4.45495e-01, 2.05288e-01, 5.94584e-01]
119500 [2.65996e+00, 2.19436e-01, 7.98837e-01, 5.10316e-01, 4.45899e-01, 2.05116e-01, 5.94849e-01]
120000 [2.66061e+00, 2.19369e-01, 7.98798e-01, 5.09645e-01, 4.46188e-01, 2.04961e-01, 5.95053e-01]
120500 [2.66127e+00, 2.19350e-01, 7.98809e-01, 5.09674e-01, 4.46511e-01, 2.04866e-01, 5.95206e-01]
121000 [2.66181e+00, 2.19325e-01, 7.98714e-01, 5.09931e-01, 4.46804e-01, 2.04742e-01, 5.95282e-01]
121500 [2.66287e+00, 2.19416e-01, 7.99055e-01, 5.11905e-01, 4.47579e-01, 2.04887e-01, 5.95628e-01]
122000 [2.66330e+00, 2.19330e-01, 7.98944e-01, 5.10707e-01, 4.47662e-01, 2.04753e-01, 5.95999e-01]
122500 [2.66397e+00, 2.19261e-01, 7.98842e-01, 5.10781e-01, 4.47938e-01, 2.04462e-01, 5.96316e-01]
123000 [2.66464e+00, 2.19327e-01, 7.98855e-01, 5.11222e-01, 4.48312e-01, 2.04457e-01, 5.96432e-01]
123500 [2.66529e+00, 2.19306e-01, 7.98785e-01, 5.11766e-01, 4.48571e-01, 2.04315e-01, 5.96543e-01]
124000 [2.66609e+00, 2.19472e-01, 7.98950e-01, 5.11908e-01, 4.48915e-01, 2.04350e-01, 5.96877e-01]
124500 [2.66733e+00, 2.19798e-01, 8.00505e-01, 5.12972e-01, 4.50002e-01, 2.05463e-01, 5.98521e-01]
125000 [2.66758e+00, 2.19715e-01, 8.00423e-01, 5.12480e-01, 4.49990e-01, 2.05316e-01, 5.98551e-01]
125500 [2.66792e+00, 2.19595e-01, 8.00317e-01, 5.11900e-01, 4.49978e-01, 2.05124e-01, 5.98583e-01]
126000 [2.66846e+00, 2.19603e-01, 8.00346e-01, 5.11770e-01, 4.50180e-01, 2.04849e-01, 5.98668e-01]
126500 [2.66887e+00, 2.19539e-01, 8.00273e-01, 5.11690e-01, 4.50426e-01, 2.04541e-01, 5.98820e-01]
127000 [2.66951e+00, 2.19666e-01, 8.00335e-01, 5.11302e-01, 4.50861e-01, 2.04464e-01, 5.99102e-01]
127500 [2.67000e+00, 2.19584e-01, 8.00240e-01, 5.11809e-01, 4.51120e-01, 2.04219e-01, 5.99204e-01]
128000 [2.67059e+00, 2.19560e-01, 8.00127e-01, 5.11448e-01, 4.51447e-01, 2.04111e-01, 5.99362e-01]
128500 [2.67119e+00, 2.19634e-01, 8.00085e-01, 5.11517e-01, 4.51789e-01, 2.04058e-01, 5.99446e-01]
129000 [2.67173e+00, 2.19642e-01, 8.00007e-01, 5.11590e-01, 4.52088e-01, 2.04003e-01, 5.99525e-01]
129500 [2.67241e+00, 2.19631e-01, 8.00056e-01, 5.12518e-01, 4.52443e-01, 2.03928e-01, 5.99727e-01]
130000 [2.67311e+00, 2.19565e-01, 8.00059e-01, 5.13619e-01, 4.52882e-01, 2.03810e-01, 6.00021e-01]
130500 [2.67366e+00, 2.19549e-01, 8.00034e-01, 5.12940e-01, 4.53076e-01, 2.03716e-01, 6.00132e-01]
131000 [2.67420e+00, 2.19634e-01, 8.00099e-01, 5.13464e-01, 4.53372e-01, 2.03768e-01, 6.00166e-01]
131500 [2.67443e+00, 2.19624e-01, 8.00245e-01, 5.16258e-01, 4.55272e-01, 2.04328e-01, 6.01159e-01]
132000 [2.67467e+00, 2.19534e-01, 8.00165e-01, 5.15190e-01, 4.55266e-01, 2.04186e-01, 6.01038e-01]
132500 [2.67499e+00, 2.19446e-01, 8.00120e-01, 5.14033e-01, 4.55242e-01, 2.04055e-01, 6.01047e-01]
133000 [2.67537e+00, 2.19327e-01, 8.00065e-01, 5.12770e-01, 4.55212e-01, 2.03901e-01, 6.01091e-01]
133500 [2.67566e+00, 2.19541e-01, 8.00114e-01, 5.11829e-01, 4.55567e-01, 2.03556e-01, 6.01397e-01]
134000 [2.67611e+00, 2.19532e-01, 8.00123e-01, 5.11514e-01, 4.55827e-01, 2.03305e-01, 6.01724e-01]
134500 [2.67662e+00, 2.19563e-01, 8.00144e-01, 5.11570e-01, 4.56118e-01, 2.03173e-01, 6.01924e-01]
135000 [2.67711e+00, 2.19530e-01, 8.00085e-01, 5.11569e-01, 4.56361e-01, 2.03069e-01, 6.02038e-01]
135500 [2.67776e+00, 2.19611e-01, 8.00094e-01, 5.11259e-01, 4.56732e-01, 2.03130e-01, 6.02115e-01]
136000 [2.67848e+00, 2.19531e-01, 8.00168e-01, 5.11893e-01, 4.57061e-01, 2.02946e-01, 6.02490e-01]
136500 [2.67898e+00, 2.19514e-01, 8.00183e-01, 5.12264e-01, 4.57300e-01, 2.02922e-01, 6.02552e-01]
137000 [2.67954e+00, 2.19551e-01, 8.00168e-01, 5.12212e-01, 4.57590e-01, 2.02883e-01, 6.02601e-01]
137500 [2.68022e+00, 2.19631e-01, 8.00331e-01, 5.12596e-01, 4.57961e-01, 2.03011e-01, 6.02749e-01]
138000 [2.68080e+00, 2.19679e-01, 8.00290e-01, 5.12415e-01, 4.58280e-01, 2.02943e-01, 6.02699e-01]
138500 [2.68148e+00, 2.19660e-01, 8.00355e-01, 5.13300e-01, 4.58612e-01, 2.02943e-01, 6.03104e-01]
139000 [2.68192e+00, 2.19638e-01, 8.00342e-01, 5.13437e-01, 4.58866e-01, 2.02920e-01, 6.03097e-01]
139500 [2.68176e+00, 2.19870e-01, 8.00068e-01, 5.14579e-01, 4.61364e-01, 2.02941e-01, 6.02778e-01]
140000 [2.68189e+00, 2.19781e-01, 7.99990e-01, 5.13104e-01, 4.61361e-01, 2.02870e-01, 6.02719e-01]
140500 [2.68214e+00, 2.19685e-01, 7.99947e-01, 5.11752e-01, 4.61341e-01, 2.02804e-01, 6.02708e-01]
141000 [2.68248e+00, 2.19571e-01, 7.99931e-01, 5.10485e-01, 4.61309e-01, 2.02755e-01, 6.02695e-01]
141500 [2.68291e+00, 2.19503e-01, 8.00045e-01, 5.09995e-01, 4.61326e-01, 2.02731e-01, 6.03039e-01]
142000 [2.68363e+00, 2.19520e-01, 8.00077e-01, 5.09862e-01, 4.61585e-01, 2.02257e-01, 6.03783e-01]
142500 [2.68425e+00, 2.19543e-01, 8.00137e-01, 5.10096e-01, 4.61943e-01, 2.02243e-01, 6.04324e-01]
143000 [2.68481e+00, 2.19515e-01, 8.00186e-01, 5.10601e-01, 4.62176e-01, 2.02303e-01, 6.04530e-01]
143500 [2.68542e+00, 2.19499e-01, 8.00154e-01, 5.10875e-01, 4.62445e-01, 2.02219e-01, 6.04609e-01]
144000 [2.68603e+00, 2.19577e-01, 8.00255e-01, 5.10826e-01, 4.62791e-01, 2.02329e-01, 6.04685e-01]
144500 [2.68639e+00, 2.19523e-01, 8.00242e-01, 5.11571e-01, 4.63009e-01, 2.02369e-01, 6.04755e-01]
145000 [2.68689e+00, 2.19573e-01, 8.00299e-01, 5.11697e-01, 4.63327e-01, 2.02435e-01, 6.04828e-01]
145500 [2.68736e+00, 2.19597e-01, 8.00361e-01, 5.12454e-01, 4.63605e-01, 2.02440e-01, 6.04874e-01]
146000 [2.68784e+00, 2.19616e-01, 8.00382e-01, 5.12919e-01, 4.63847e-01, 2.02444e-01, 6.04954e-01]
146500 [2.68847e+00, 2.19708e-01, 8.00491e-01, 5.13131e-01, 4.64225e-01, 2.02518e-01, 6.05132e-01]
147000 [2.68848e+00, 2.19589e-01, 8.00289e-01, 5.15583e-01, 4.66103e-01, 2.02523e-01, 6.09817e-01]
147500 [2.68860e+00, 2.19506e-01, 8.00206e-01, 5.13902e-01, 4.66096e-01, 2.02475e-01, 6.09795e-01]
148000 [2.68883e+00, 2.19423e-01, 8.00185e-01, 5.12283e-01, 4.66070e-01, 2.02445e-01, 6.09777e-01]
148500 [2.68916e+00, 2.19326e-01, 8.00200e-01, 5.10912e-01, 4.66030e-01, 2.02413e-01, 6.09769e-01]
149000 [2.68962e+00, 2.19380e-01, 8.00240e-01, 5.09955e-01, 4.66165e-01, 2.02363e-01, 6.10275e-01]
149500 [2.69025e+00, 2.19375e-01, 8.00244e-01, 5.09615e-01, 4.66473e-01, 2.02210e-01, 6.10573e-01]
150000 [2.69081e+00, 2.19384e-01, 8.00284e-01, 5.09537e-01, 4.66721e-01, 2.02193e-01, 6.10678e-01]
150500 [2.69131e+00, 2.19398e-01, 8.00295e-01, 5.09752e-01, 4.67075e-01, 2.02202e-01, 6.10843e-01]
151000 [2.69168e+00, 2.19334e-01, 8.00310e-01, 5.10270e-01, 4.67283e-01, 2.02203e-01, 6.10796e-01]
151500 [2.69206e+00, 2.19377e-01, 8.00342e-01, 5.10953e-01, 4.67584e-01, 2.02224e-01, 6.10831e-01]
152000 [2.69258e+00, 2.19465e-01, 8.00440e-01, 5.11047e-01, 4.67933e-01, 2.02295e-01, 6.10921e-01]
152500 [2.69309e+00, 2.19431e-01, 8.00469e-01, 5.11437e-01, 4.68187e-01, 2.02213e-01, 6.11075e-01]
153000 [2.69359e+00, 2.19547e-01, 8.00557e-01, 5.11904e-01, 4.68557e-01, 2.02272e-01, 6.11210e-01]
153500 [2.69408e+00, 2.19566e-01, 8.00589e-01, 5.12373e-01, 4.68840e-01, 2.02261e-01, 6.11205e-01]
154000 [2.69444e+00, 2.19522e-01, 8.00583e-01, 5.12698e-01, 4.69033e-01, 2.02228e-01, 6.11252e-01]
154500 [2.69538e+00, 2.19711e-01, 8.00327e-01, 5.13708e-01, 4.70935e-01, 2.03028e-01, 6.11972e-01]
155000 [2.69551e+00, 2.19623e-01, 8.00238e-01, 5.12791e-01, 4.70931e-01, 2.02941e-01, 6.11971e-01]
155500 [2.69575e+00, 2.19528e-01, 8.00210e-01, 5.11820e-01, 4.70908e-01, 2.02862e-01, 6.11981e-01]
156000 [2.69608e+00, 2.19414e-01, 8.00225e-01, 5.10922e-01, 4.70870e-01, 2.02773e-01, 6.12015e-01]
156500 [2.69652e+00, 2.19407e-01, 8.00470e-01, 5.11065e-01, 4.71078e-01, 2.02255e-01, 6.12653e-01]
157000 [2.69671e+00, 2.19441e-01, 8.00537e-01, 5.11073e-01, 4.71427e-01, 2.02092e-01, 6.12841e-01]
157500 [2.69693e+00, 2.19417e-01, 8.00564e-01, 5.10947e-01, 4.71639e-01, 2.02032e-01, 6.12921e-01]
158000 [2.69729e+00, 2.19496e-01, 8.00662e-01, 5.11031e-01, 4.71983e-01, 2.02027e-01, 6.12722e-01]
158500 [2.69749e+00, 2.19505e-01, 8.00672e-01, 5.11406e-01, 4.72245e-01, 2.02036e-01, 6.12814e-01]
159000 [2.69778e+00, 2.19529e-01, 8.00683e-01, 5.11759e-01, 4.72534e-01, 2.02047e-01, 6.13031e-01]
159500 [2.69821e+00, 2.19524e-01, 8.00721e-01, 5.11999e-01, 4.72794e-01, 2.02012e-01, 6.13053e-01]
160000 [2.69863e+00, 2.19565e-01, 8.00768e-01, 5.12200e-01, 4.73110e-01, 2.02016e-01, 6.12873e-01]
160500 [2.69908e+00, 2.19652e-01, 8.00847e-01, 5.12729e-01, 4.73420e-01, 2.02062e-01, 6.13060e-01]
161000 [2.69960e+00, 2.19695e-01, 8.00902e-01, 5.12819e-01, 4.73734e-01, 2.02090e-01, 6.12922e-01]
161500 [2.70053e+00, 2.19742e-01, 8.00692e-01, 5.14072e-01, 4.75659e-01, 2.02361e-01, 6.17703e-01]
162000 [2.70068e+00, 2.19668e-01, 8.00635e-01, 5.12879e-01, 4.75650e-01, 2.02312e-01, 6.17438e-01]
162500 [2.70090e+00, 2.19581e-01, 8.00615e-01, 5.11734e-01, 4.75630e-01, 2.02272e-01, 6.17354e-01]
163000 [2.70118e+00, 2.19475e-01, 8.00625e-01, 5.10761e-01, 4.75600e-01, 2.02230e-01, 6.17311e-01]
163500 [2.70160e+00, 2.19479e-01, 8.00785e-01, 5.10509e-01, 4.75765e-01, 2.02041e-01, 6.17749e-01]
164000 [2.70191e+00, 2.19482e-01, 8.00809e-01, 5.10591e-01, 4.76046e-01, 2.01874e-01, 6.17694e-01]
164500 [2.70210e+00, 2.19487e-01, 8.00845e-01, 5.10918e-01, 4.76302e-01, 2.01901e-01, 6.17812e-01]
165000 [2.70233e+00, 2.19541e-01, 8.00876e-01, 5.11092e-01, 4.76622e-01, 2.01953e-01, 6.17760e-01]
165500 [2.70258e+00, 2.19570e-01, 8.00909e-01, 5.11402e-01, 4.76918e-01, 2.01960e-01, 6.17859e-01]
166000 [2.70286e+00, 2.19595e-01, 8.00931e-01, 5.11459e-01, 4.77218e-01, 2.01982e-01, 6.17665e-01]
166500 [2.70315e+00, 2.19591e-01, 8.00947e-01, 5.12065e-01, 4.77469e-01, 2.01923e-01, 6.17760e-01]
167000 [2.70359e+00, 2.19675e-01, 8.01012e-01, 5.12565e-01, 4.77789e-01, 2.01916e-01, 6.17661e-01]
167500 [2.70400e+00, 2.19692e-01, 8.01046e-01, 5.12912e-01, 4.78056e-01, 2.01960e-01, 6.17759e-01]
168000 [2.70436e+00, 2.19706e-01, 8.01042e-01, 5.13199e-01, 4.78309e-01, 2.01981e-01, 6.17865e-01]
168500 [2.70499e+00, 2.19794e-01, 8.01160e-01, 5.13491e-01, 4.78679e-01, 2.02053e-01, 6.17816e-01]
169000 [2.70552e+00, 2.19988e-01, 8.01380e-01, 5.15432e-01, 4.81357e-01, 2.01862e-01, 6.18822e-01]
169500 [2.70553e+00, 2.19937e-01, 8.01302e-01, 5.14370e-01, 4.81355e-01, 2.01874e-01, 6.19414e-01]
170000 [2.70569e+00, 2.19854e-01, 8.01264e-01, 5.13051e-01, 4.81349e-01, 2.01845e-01, 6.19429e-01]
170500 [2.70591e+00, 2.19757e-01, 8.01250e-01, 5.11915e-01, 4.81336e-01, 2.01814e-01, 6.19412e-01]
171000 [2.70617e+00, 2.19636e-01, 8.01218e-01, 5.10966e-01, 4.81318e-01, 2.01764e-01, 6.19414e-01]
171500 [2.70702e+00, 2.19689e-01, 8.01255e-01, 5.10151e-01, 4.81591e-01, 2.01480e-01, 6.19686e-01]
172000 [2.70740e+00, 2.19619e-01, 8.01277e-01, 5.10445e-01, 4.81777e-01, 2.01563e-01, 6.20242e-01]
172500 [2.70792e+00, 2.19561e-01, 8.01250e-01, 5.10521e-01, 4.82044e-01, 2.01517e-01, 6.20170e-01]
173000 [2.70834e+00, 2.19533e-01, 8.01229e-01, 5.10598e-01, 4.82325e-01, 2.01560e-01, 6.20343e-01]
173500 [2.70877e+00, 2.19603e-01, 8.01292e-01, 5.10983e-01, 4.82671e-01, 2.01615e-01, 6.20440e-01]
174000 [2.70903e+00, 2.19577e-01, 8.01276e-01, 5.11419e-01, 4.82900e-01, 2.01641e-01, 6.20597e-01]
174500 [2.70940e+00, 2.19657e-01, 8.01356e-01, 5.11786e-01, 4.83236e-01, 2.01690e-01, 6.20671e-01]
175000 [2.70970e+00, 2.19668e-01, 8.01304e-01, 5.12302e-01, 4.83542e-01, 2.01680e-01, 6.20742e-01]
175500 [2.71024e+00, 2.19688e-01, 8.01356e-01, 5.12440e-01, 4.83806e-01, 2.01699e-01, 6.20760e-01]
176000 [2.71060e+00, 2.19706e-01, 8.01366e-01, 5.12979e-01, 4.84082e-01, 2.01708e-01, 6.20729e-01]
176500 [2.71100e+00, 2.19764e-01, 8.01359e-01, 5.13353e-01, 4.84390e-01, 2.01744e-01, 6.20998e-01]
177000 [2.71140e+00, 2.19763e-01, 8.01347e-01, 5.13621e-01, 4.84668e-01, 2.01758e-01, 6.21001e-01]
177500 [2.71195e+00, 2.19776e-01, 8.01395e-01, 5.13667e-01, 4.84974e-01, 2.01808e-01, 6.21217e-01]
178000 [2.71226e+00, 2.19813e-01, 8.01355e-01, 5.14032e-01, 4.85268e-01, 2.01838e-01, 6.21321e-01]
178500 [2.71387e+00, 2.19835e-01, 8.01370e-01, 5.15012e-01, 4.87027e-01, 2.02945e-01, 6.21922e-01]
179000 [2.71425e+00, 2.19940e-01, 8.01339e-01, 5.15204e-01, 4.87339e-01, 2.02370e-01, 6.23363e-01]
179500 [2.71440e+00, 2.19839e-01, 8.01289e-01, 5.14085e-01, 4.87337e-01, 2.02314e-01, 6.23315e-01]
180000 [2.71459e+00, 2.19723e-01, 8.01253e-01, 5.13082e-01, 4.87333e-01, 2.02243e-01, 6.23303e-01]
180500 [2.71497e+00, 2.19613e-01, 8.01294e-01, 5.12412e-01, 4.87381e-01, 2.01958e-01, 6.23408e-01]
181000 [2.71534e+00, 2.19605e-01, 8.01314e-01, 5.11988e-01, 4.87635e-01, 2.01690e-01, 6.23601e-01]
181500 [2.71551e+00, 2.19666e-01, 8.01300e-01, 5.12011e-01, 4.87981e-01, 2.01712e-01, 6.23681e-01]
182000 [2.71575e+00, 2.19537e-01, 8.01240e-01, 5.11859e-01, 4.88133e-01, 2.01558e-01, 6.23847e-01]
182500 [2.71601e+00, 2.19593e-01, 8.01280e-01, 5.12038e-01, 4.88454e-01, 2.01574e-01, 6.23945e-01]
183000 [2.71626e+00, 2.19642e-01, 8.01303e-01, 5.12139e-01, 4.88778e-01, 2.01602e-01, 6.23809e-01]
183500 [2.71647e+00, 2.19683e-01, 8.01308e-01, 5.12501e-01, 4.89051e-01, 2.01628e-01, 6.23966e-01]
184000 [2.71680e+00, 2.19756e-01, 8.01364e-01, 5.12744e-01, 4.89391e-01, 2.01669e-01, 6.23975e-01]
184500 [2.71706e+00, 2.19895e-01, 8.01366e-01, 5.13000e-01, 4.89722e-01, 2.01735e-01, 6.24201e-01]
185000 [2.71734e+00, 2.19850e-01, 8.01337e-01, 5.13718e-01, 4.89961e-01, 2.01653e-01, 6.24079e-01]
185500 [2.71769e+00, 2.19959e-01, 8.01372e-01, 5.14021e-01, 4.90298e-01, 2.01736e-01, 6.24135e-01]
186000 [2.71867e+00, 2.19905e-01, 8.01422e-01, 5.14345e-01, 4.90676e-01, 2.01741e-01, 6.25301e-01]
186500 [2.71887e+00, 2.19807e-01, 8.01282e-01, 5.13896e-01, 4.90865e-01, 2.01702e-01, 6.25047e-01]
187000 [2.71928e+00, 2.19913e-01, 8.01361e-01, 5.14045e-01, 4.91239e-01, 2.01788e-01, 6.25017e-01]
187500 [2.71947e+00, 2.19976e-01, 8.01355e-01, 5.14342e-01, 4.91514e-01, 2.01817e-01, 6.24946e-01]
188000 [2.71974e+00, 2.19947e-01, 8.01286e-01, 5.14620e-01, 4.91748e-01, 2.01775e-01, 6.24911e-01]
188500 [2.72014e+00, 2.20074e-01, 8.01341e-01, 5.15003e-01, 4.92093e-01, 2.01841e-01, 6.25104e-01]
189000 [2.72172e+00, 2.20234e-01, 8.01387e-01, 5.16273e-01, 4.93692e-01, 2.02379e-01, 6.29108e-01]
189500 [2.72185e+00, 2.20148e-01, 8.01303e-01, 5.15254e-01, 4.93684e-01, 2.02325e-01, 6.29101e-01]
190000 [2.72207e+00, 2.20059e-01, 8.01327e-01, 5.14147e-01, 4.93688e-01, 2.02274e-01, 6.29036e-01]
190500 [2.72239e+00, 2.20034e-01, 8.01518e-01, 5.13332e-01, 4.93723e-01, 2.02169e-01, 6.28864e-01]
191000 [2.72274e+00, 2.20046e-01, 8.01583e-01, 5.12881e-01, 4.93866e-01, 2.02008e-01, 6.29089e-01]
191500 [2.72316e+00, 2.20067e-01, 8.01667e-01, 5.12724e-01, 4.94097e-01, 2.01949e-01, 6.29241e-01]
192000 [2.72351e+00, 2.20137e-01, 8.01779e-01, 5.13027e-01, 4.94358e-01, 2.02027e-01, 6.29237e-01]
192500 [2.72380e+00, 2.20107e-01, 8.01778e-01, 5.13121e-01, 4.94572e-01, 2.02025e-01, 6.29197e-01]
193000 [2.72411e+00, 2.20140e-01, 8.01864e-01, 5.13440e-01, 4.94799e-01, 2.02082e-01, 6.29151e-01]
193500 [2.72451e+00, 2.20294e-01, 8.02010e-01, 5.13866e-01, 4.95132e-01, 2.02230e-01, 6.29113e-01]
194000 [2.72483e+00, 2.20333e-01, 8.02067e-01, 5.14328e-01, 4.95356e-01, 2.02287e-01, 6.29150e-01]
194500 [2.72519e+00, 2.20443e-01, 8.02157e-01, 5.14795e-01, 4.95624e-01, 2.02395e-01, 6.29146e-01]
195000 [2.72347e+00, 2.21091e-01, 8.03684e-01, 5.17939e-01, 4.96747e-01, 2.01688e-01, 6.30831e-01]
195500 [2.72387e+00, 2.21012e-01, 8.03575e-01, 5.17462e-01, 4.96729e-01, 2.01713e-01, 6.30778e-01]
196000 [2.72438e+00, 2.20901e-01, 8.03459e-01, 5.16808e-01, 4.96705e-01, 2.01742e-01, 6.30811e-01]
196500 [2.72517e+00, 2.20760e-01, 8.03321e-01, 5.16037e-01, 4.96670e-01, 2.01769e-01, 6.31006e-01]
197000 [2.72680e+00, 2.20638e-01, 8.03148e-01, 5.14921e-01, 4.96795e-01, 2.02095e-01, 6.31303e-01]
197500 [2.72863e+00, 2.20550e-01, 8.03102e-01, 5.14524e-01, 4.97081e-01, 2.02437e-01, 6.31994e-01]
198000 [2.73015e+00, 2.20450e-01, 8.03147e-01, 5.14941e-01, 4.97372e-01, 2.02833e-01, 6.32493e-01]
198500 [2.73148e+00, 2.20294e-01, 8.03155e-01, 5.15848e-01, 4.97554e-01, 2.03054e-01, 6.32355e-01]
199000 [2.73267e+00, 2.20340e-01, 8.03379e-01, 5.17480e-01, 4.97792e-01, 2.03314e-01, 6.32459e-01]
199500 [2.73381e+00, 2.20371e-01, 8.03523e-01, 5.18498e-01, 4.98049e-01, 2.03525e-01, 6.32247e-01]
200000 [2.73408e+00, 2.20206e-01, 8.03484e-01, 5.18676e-01, 4.98171e-01, 2.03727e-01, 6.32320e-01]
