0.0020822
0.0062488
0.010416
0.014582
0.018749
0.022916
0.027082
0.031249
0.035416
0.039582
0.043749
0.047916
0.052082
0.056249
0.060416
0.064582
0.068749
0.072916
0.077082
0.081249
0.085416
0.089582
0.093749
0.097916
0.10208
0.10625
0.11042
0.11458
0.11875
0.12292
0.12708
0.13125
0.13542
0.13958
0.14375
0.14792
0.15208
0.15625
0.16042
0.16458
0.16875
0.17292
0.17708
0.18125
0.18542
0.18958
0.19375
0.19792
0.20208
0.20625
0.21042
0.21458
0.21875
0.22292
0.22708
0.23125
0.23542
0.23958
0.24375
0.24792
0.25208
0.25625
0.26042
0.26458
0.26875
0.27292
0.27708
0.28125
0.28542
0.28958
0.29375
0.29792
0.30208
0.30625
0.31042
0.31458
0.31875
0.32292
0.32708
0.33125
0.33542
0.33958
0.34375
0.34792
0.35208
0.35625
0.36042
0.36458
0.36875
0.37292
0.37708
0.38125
0.38542
0.38958
0.39375
0.39792
0.40208
0.40625
0.41042
0.41458
0.41875
0.42292
0.42708
0.43125
0.43542
0.43958
0.44375
0.44792
0.45208
0.45625
0.46042
0.46458
0.46875
0.47292
0.47708
0.48125
0.48542
0.48958
0.49375
0.49792
0.50208
0.50625
0.51042
0.51458
0.51875
0.52292
0.52708
0.53125
0.53542
0.53958
0.54375
0.54792
0.55208
0.55625
0.56042
0.56458
0.56875
0.57292
0.57708
0.58125
0.58542
0.58958
0.59375
0.59792
0.60208
0.60625
0.61042
0.61458
0.61875
0.62292
0.62708
0.63125
0.63542
0.63958
0.64375
0.64792
0.65208
0.65625
0.66042
0.66458
0.66875
0.67292
0.67708
0.68125
0.68542
0.68958
0.69375
0.69792
0.70208
0.70625
0.71042
0.71458
0.71875
0.72292
0.72708
0.73125
0.73542
0.73958
0.74375
0.74792
0.75208
0.75625
0.76042
0.76458
0.76875
0.77292
0.77708
0.78125
0.78542
0.78958
0.79375
0.79792
0.80208
0.80625
0.81042
0.81458
0.81875
0.82292
0.82708
0.83125
0.83542
0.83958
0.84375
0.84792
0.85208
0.85625
0.86042
0.86458
0.86875
0.87292
0.87708
0.88125
0.88542
0.88958
0.89375
0.89792
0.90208
0.90625
0.91042
0.91458
0.91875
0.92292
0.92708
0.93125
0.93542
0.93958
0.94375
0.94792
0.95208
0.95625
0.96042
0.96458
0.96875
0.97292
0.97708
0.98125
0.98542
0.98958
0.99375
0.99792
1.0021
1.0062
1.0104
1.0146
1.0187
1.0229
1.0271
1.0312
1.0354
1.0396
1.0437
1.0479
1.0521
1.0562
1.0604
1.0646
1.0687
1.0729
1.0771
1.0812
1.0854
1.0896
1.0937
1.0979
1.1021
1.1062
1.1104
1.1146
1.1187
1.1229
1.1271
1.1312
1.1354
1.1396
1.1437
1.1479
1.1521
1.1562
1.1604
1.1646
1.1687
1.1729
1.1771
1.1812
1.1854
1.1896
1.1937
1.1979
1.2021
1.2062
1.2104
1.2146
1.2187
1.2229
1.2271
1.2312
1.2354
1.2396
1.2437
1.2479
1.2521
1.2562
1.2604
1.2646
1.2687
1.2729
1.2771
1.2812
1.2854
1.2896
1.2937
1.2979
1.3021
1.3062
1.3104
1.3146
1.3187
1.3229
1.3271
1.3312
1.3354
1.3396
1.3437
1.3479
1.3521
1.3562
1.3604
1.3646
1.3687
1.3729
1.3771
1.3812
1.3854
1.3896
1.3937
1.3979
1.4021
1.4062
1.4104
1.4146
1.4187
1.4229
1.4271
1.4312
1.4354
1.4396
1.4437
1.4479
1.4521
1.4562
1.4604
1.4646
1.4687
1.4729
1.4771
1.4812
1.4854
1.4896
1.4937
1.4979
1.5021
1.5062
1.5104
1.5146
1.5187
1.5229
1.5271
1.5312
1.5354
1.5396
1.5437
1.5479
1.5521
1.5562
1.5604
1.5646
1.5687
1.5729
1.5771
1.5812
1.5854
1.5896
1.5937
1.5979
1.6021
1.6062
1.6104
1.6146
1.6187
1.6229
1.6271
1.6312
1.6354
1.6396
1.6437
1.6479
1.6521
1.6562
1.6604
1.6646
1.6687
1.6729
1.6771
1.6812
1.6854
1.6896
1.6937
1.6979
1.7021
1.7062
1.7104
1.7146
1.7187
1.7229
1.7271
1.7312
1.7354
1.7396
1.7437
1.7479
1.7521
1.7562
1.7604
1.7646
1.7687
1.7729
1.7771
1.7812
1.7854
1.7896
1.7937
1.7979
1.8021
1.8062
1.8104
1.8146
1.8187
1.8229
1.8271
1.8312
1.8354
1.8396
1.8437
1.8479
1.8521
1.8562
1.8604
1.8646
1.8687
1.8729
1.8771
1.8812
1.8854
1.8896
1.8937
1.8979
1.9021
1.9062
1.9104
1.9146
1.9187
1.9229
1.9271
1.9312
1.9354
1.9396
1.9437
1.9479
1.9521
1.9562
1.9604
1.9646
1.9687
1.9729
1.9771
1.9812
1.9854
1.9896
1.9937
1.9979
2.0021
2.0062
2.0104
2.0146
2.0187
2.0229
2.0271
2.0312
2.0354
2.0396
2.0437
2.0479
2.0521
2.0562
2.0604
2.0646
2.0687
2.0729
2.0771
2.0812
2.0854
2.0896
2.0937
2.0979
2.1021
2.1062
2.1104
2.1146
2.1187
2.1229
2.1271
2.1312
2.1354
2.1396
2.1437
2.1479
2.1521
2.1562
2.1604
2.1646
2.1687
2.1729
2.1771
2.1812
2.1854
2.1896
2.1937
2.1979
2.2021
2.2062
2.2104
2.2146
2.2187
2.2229
2.2271
2.2312
2.2354
2.2396
2.2437
2.2479
2.2521
2.2562
2.2604
2.2646
2.2687
2.2729
2.2771
2.2812
2.2854
2.2896
2.2937
2.2979
2.3021
2.3062
2.3104
2.3146
2.3187
2.3229
2.3271
2.3312
2.3354
2.3396
2.3437
2.3479
2.3521
2.3562
2.3604
2.3646
2.3687
2.3729
2.3771
2.3812
2.3854
2.3896
2.3937
2.3979
2.4021
2.4062
2.4104
2.4146
2.4187
2.4229
2.4271
2.4312
2.4354
2.4396
2.4437
2.4479
2.4521
2.4562
2.4604
2.4646
2.4687
2.4729
2.4771
2.4812
2.4854
2.4896
2.4937
2.4979
2.5021
2.5062
2.5104
2.5146
2.5187
2.5229
2.5271
2.5312
2.5354
2.5396
2.5437
2.5479
2.5521
2.5562
2.5604
2.5646
2.5687
2.5729
2.5771
2.5812
2.5854
2.5896
2.5937
2.5979
2.6021
2.6062
2.6104
2.6146
2.6187
2.6229
2.6271
2.6312
2.6354
2.6396
2.6437
2.6479
2.6521
2.6562
2.6604
2.6646
2.6687
2.6729
2.6771
2.6812
2.6854
2.6896
2.6937
2.6979
2.7021
2.7062
2.7104
2.7146
2.7187
2.7229
2.7271
2.7312
2.7354
2.7396
2.7437
2.7479
2.7521
2.7562
2.7604
2.7646
2.7687
2.7729
2.7771
2.7812
2.7854
2.7896
2.7937
2.7979
2.8021
2.8062
2.8104
2.8146
2.8187
2.8229
2.8271
2.8312
2.8354
2.8396
2.8437
2.8479
2.8521
2.8562
2.8604
2.8646
2.8687
2.8729
2.8771
2.8812
2.8854
2.8896
2.8937
2.8979
2.9021
2.9062
2.9104
2.9146
2.9187
2.9229
2.9271
2.9312
2.9354
2.9396
2.9437
2.9479
2.9521
2.9562
2.9604
2.9646
2.9687
2.9729
2.9771
2.9812
2.9854
2.9896
2.9937
2.9979
3.0021
3.0062
3.0104
3.0146
3.0187
3.0229
3.0271
3.0312
3.0354
3.0396
3.0437
3.0479
3.0521
3.0562
3.0604
3.0646
3.0687
3.0729
3.0771
3.0812
3.0854
3.0896
3.0937
3.0979
3.1021
3.1062
3.1104
3.1146
3.1187
3.1229
3.1271
3.1312
3.1354
3.1396
3.1437
3.1479
3.1521
3.1562
3.1604
3.1646
3.1687
3.1729
3.1771
3.1812
3.1854
3.1896
3.1937
3.1979
3.2021
3.2062
3.2104
3.2146
3.2187
3.2229
3.2271
3.2312
3.2354
3.2396
3.2437
3.2479
3.2521
3.2562
3.2604
3.2646
3.2687
3.2729
3.2771
3.2812
3.2854
3.2896
3.2937
3.2979
3.3021
3.3062
3.3104
3.3146
3.3187
3.3229
3.3271
3.3312
3.3354
3.3396
3.3437
3.3479
3.3521
3.3562
3.3604
3.3646
3.3687
3.3729
3.3771
3.3812
3.3854
3.3896
3.3937
3.3979
3.4021
3.4062
3.4104
3.4146
3.4187
3.4229
3.4271
3.4312
3.4354
3.4396
3.4437
3.4479
3.4521
3.4562
3.4604
3.4646
3.4687
3.4729
3.4771
3.4812
3.4854
3.4896
3.4937
3.4979
3.5021
3.5062
3.5104
3.5146
3.5187
3.5229
3.5271
3.5312
3.5354
3.5396
3.5437
3.5479
3.5521
3.5562
3.5604
3.5646
3.5687
3.5729
3.5771
3.5812
3.5854
3.5896
3.5937
3.5979
3.6021
3.6062
3.6104
3.6146
3.6187
3.6229
3.6271
3.6312
3.6354
3.6396
3.6437
3.6479
3.6521
3.6562
3.6604
3.6646
3.6687
3.6729
3.6771
3.6812
3.6854
3.6896
3.6937
3.6979
3.7021
3.7062
3.7104
3.7146
3.7187
3.7229
3.7271
3.7312
3.7354
3.7396
3.7437
3.7479
3.7521
3.7562
3.7604
3.7646
3.7687
3.7729
3.7771
3.7812
3.7854
3.7896
3.7937
3.7979
3.8021
3.8062
3.8104
3.8146
3.8187
3.8229
3.8271
3.8312
3.8354
3.8396
3.8437
3.8479
3.8521
3.8562
3.8604
3.8646
3.8687
3.8729
3.8771
3.8812
3.8854
3.8896
3.8937
3.8979
3.9021
3.9062
3.9104
3.9146
3.9187
3.9229
3.9271
3.9312
3.9354
3.9396
3.9437
3.9479
3.9521
3.9562
3.9604
3.9646
3.9687
3.9729
3.9771
3.9812
3.9854
3.9896
3.9937
3.9979
4.0021
4.0062
4.0104
4.0146
4.0187
4.0229
4.0271
4.0312
4.0354
4.0396
4.0437
4.0479
4.0521
4.0562
4.0604
4.0646
4.0687
4.0729
4.0771
4.0812
4.0854
4.0896
4.0937
4.0979
4.1021
4.1062
4.1104
4.1146
4.1187
4.1229
4.1271
4.1312
4.1354
4.1396
4.1437
4.1479
4.1521
4.1562
4.1604
4.1646
4.1687
4.1729
4.1771
4.1812
4.1854
4.1896
4.1937
4.1979
4.2021
4.2062
4.2104
4.2146
4.2187
4.2229
4.2271
4.2312
4.2354
4.2396
4.2437
4.2479
4.2521
4.2562
4.2604
4.2646
4.2687
4.2729
4.2771
4.2812
4.2854
4.2896
4.2937
4.2979
4.3021
4.3062
4.3104
4.3146
4.3187
4.3229
4.3271
4.3312
4.3354
4.3396
4.3437
4.3479
4.3521
4.3562
4.3604
4.3646
4.3687
4.3729
4.3771
4.3812
4.3854
4.3896
4.3937
4.3979
4.4021
4.4062
4.4104
4.4146
4.4187
4.4229
4.4271
4.4312
4.4354
4.4396
4.4437
4.4479
4.4521
4.4562
4.4604
4.4646
4.4687
4.4729
4.4771
4.4812
4.4854
4.4896
4.4937
4.4979
4.5021
4.5062
4.5104
4.5146
4.5187
4.5229
4.5271
4.5312
4.5354
4.5396
4.5437
4.5479
4.5521
4.5562
4.5604
4.5646
4.5687
4.5729
4.5771
4.5812
4.5854
4.5896
4.5937
4.5979
4.6021
4.6062
4.6104
4.6146
4.6187
4.6229
4.6271
4.6312
4.6354
4.6396
4.6437
4.6479
4.6521
4.6562
4.6604
4.6646
4.6687
4.6729
4.6771
4.6812
4.6854
4.6896
4.6937
4.6979
4.7021
4.7062
4.7104
4.7146
4.7187
4.7229
4.7271
4.7312
4.7354
4.7396
4.7437
4.7479
4.7521
4.7562
4.7604
4.7646
4.7687
4.7729
4.7771
4.7812
4.7854
4.7896
4.7937
4.7979
4.8021
4.8062
4.8104
4.8146
4.8187
4.8229
4.8271
4.8312
4.8354
4.8396
4.8437
4.8479
4.8521
4.8562
4.8604
4.8646
4.8687
4.8729
4.8771
4.8812
4.8854
4.8896
4.8937
4.8979
4.9021
4.9062
4.9104
4.9146
4.9187
4.9229
4.9271
4.9312
4.9354
4.9396
4.9437
4.9479
4.9521
4.9562
4.9604
4.9646
4.9687
4.9729
4.9771
4.9812
4.9854
4.9896
4.9937
4.9979
5.0021
5.0062
5.0104
5.0146
5.0187
5.0229
5.0271
5.0312
5.0354
5.0396
5.0437
5.0479
5.0521
5.0562
5.0604
5.0646
5.0687
5.0729
5.0771
5.0812
5.0854
5.0896
5.0937
5.0979
5.1021
5.1062
5.1104
5.1146
5.1187
5.1229
5.1271
5.1312
5.1354
5.1396
5.1437
5.1479
5.1521
5.1562
5.1604
5.1646
5.1687
5.1729
5.1771
5.1812
5.1854
5.1896
5.1937
5.1979
5.2021
5.2062
5.2104
5.2146
5.2187
5.2229
5.2271
5.2312
5.2354
5.2396
5.2437
5.2479
5.2521
5.2562
5.2604
5.2646
5.2687
5.2729
5.2771
5.2812
5.2854
5.2896
5.2937
5.2979
5.3021
5.3062
5.3104
5.3146
5.3187
5.3229
5.3271
5.3312
5.3354
5.3396
5.3437
5.3479
5.3521
5.3562
5.3604
5.3646
5.3687
5.3729
5.3771
5.3812
5.3854
5.3896
5.3937
5.3979
5.4021
5.4062
5.4104
5.4146
5.4187
5.4229
5.4271
5.4312
5.4354
5.4396
5.4437
5.4479
5.4521
5.4562
5.4604
5.4646
5.4687
5.4729
5.4771
5.4812
5.4854
5.4896
5.4937
5.4979
5.5021
5.5062
5.5104
5.5146
5.5187
5.5229
5.5271
5.5312
5.5354
5.5396
5.5437
5.5479
5.5521
5.5562
5.5604
5.5646
5.5687
5.5729
5.5771
5.5812
5.5854
5.5896
5.5937
5.5979
5.6021
5.6062
5.6104
5.6146
5.6187
5.6229
5.6271
5.6312
5.6354
5.6396
5.6437
5.6479
5.6521
5.6562
5.6604
5.6646
5.6687
5.6729
5.6771
5.6812
5.6854
5.6896
5.6937
5.6979
5.7021
5.7062
5.7104
5.7146
5.7187
5.7229
5.7271
5.7312
5.7354
5.7396
5.7437
5.7479
5.7521
5.7562
5.7604
5.7646
5.7687
5.7729
5.7771
5.7812
5.7854
5.7896
5.7937
5.7979
5.8021
5.8062
5.8104
5.8146
5.8187
5.8229
5.8271
5.8312
5.8354
5.8396
5.8437
5.8479
5.8521
5.8562
5.8604
5.8646
5.8687
5.8729
5.8771
5.8812
5.8854
5.8896
5.8937
5.8979
5.9021
5.9062
5.9104
5.9146
5.9187
5.9229
5.9271
5.9312
5.9354
5.9396
5.9437
5.9479
5.9521
5.9562
5.9604
5.9646
5.9687
5.9729
5.9771
5.9812
5.9854
5.9896
5.9937
5.9979
6.0021
6.0062
6.0104
6.0146
6.0187
6.0229
6.0271
6.0312
6.0354
6.0396
6.0437
6.0479
6.0521
6.0562
6.0604
6.0646
6.0687
6.0729
6.0771
6.0812
6.0854
6.0896
6.0937
6.0979
6.1021
6.1062
6.1104
6.1146
6.1187
6.1229
6.1271
6.1312
6.1354
6.1396
6.1437
6.1479
6.1521
6.1562
6.1604
6.1646
6.1687
6.1729
6.1771
6.1812
6.1854
6.1896
6.1937
6.1979
6.2021
6.2062
6.2104
6.2146
6.2187
6.2229
6.2271
6.2312
6.2354
6.2396
6.2437
6.2479
6.2521
6.2562
6.2604
6.2646
6.2687
6.2729
6.2771
6.2812
6.2854
6.2896
6.2937
6.2979
6.3021
6.3062
6.3104
6.3146
6.3187
6.3229
6.3271
6.3312
6.3354
6.3396
6.3437
6.3479
6.3521
6.3562
6.3604
6.3646
6.3687
6.3729
6.3771
6.3812
6.3854
6.3896
6.3937
6.3979
6.4021
6.4062
6.4104
6.4146
6.4187
6.4229
6.4271
6.4312
6.4354
6.4396
6.4437
6.4479
6.4521
6.4562
6.4604
6.4646
6.4687
6.4729
6.4771
6.4812
6.4854
6.4896
6.4937
6.4979
6.5021
6.5062
6.5104
6.5146
6.5187
6.5229
6.5271
6.5312
6.5354
6.5396
6.5437
6.5479
6.5521
6.5562
6.5604
6.5646
6.5687
6.5729
6.5771
6.5812
6.5854
6.5896
6.5937
6.5979
6.6021
6.6062
6.6104
6.6146
6.6187
6.6229
6.6271
6.6312
6.6354
6.6396
6.6437
6.6479
6.6521
6.6562
6.6604
6.6646
6.6687
6.6729
6.6771
6.6812
6.6854
6.6896
6.6937
6.6979
6.7021
6.7062
6.7104
6.7146
6.7187
6.7229
6.7271
6.7312
6.7354
6.7396
6.7437
6.7479
6.7521
6.7562
6.7604
6.7646
6.7687
6.7729
6.7771
6.7812
6.7854
6.7896
6.7937
6.7979
6.8021
6.8062
6.8104
6.8146
6.8187
6.8229
6.8271
6.8312
6.8354
6.8396
6.8437
6.8479
6.8521
6.8562
6.8604
6.8646
6.8687
6.8729
6.8771
6.8812
6.8854
6.8896
6.8937
6.8979
6.9021
6.9062
6.9104
6.9146
6.9187
6.9229
6.9271
6.9312
6.9354
6.9396
6.9437
6.9479
6.9521
6.9562
6.9604
6.9646
6.9687
6.9729
6.9771
6.9812
6.9854
6.9896
6.9937
6.9979
7.0021
7.0062
7.0104
7.0146
7.0187
7.0229
7.0271
7.0312
7.0354
7.0396
7.0437
7.0479
7.0521
7.0562
7.0604
7.0646
7.0687
7.0729
7.0771
7.0812
7.0854
7.0896
7.0937
7.0979
7.1021
7.1062
7.1104
7.1146
7.1187
7.1229
7.1271
7.1312
7.1354
7.1396
7.1437
7.1479
7.1521
7.1562
7.1604
7.1646
7.1687
7.1729
7.1771
7.1812
7.1854
7.1896
7.1937
7.1979
7.2021
7.2062
7.2104
7.2146
7.2187
7.2229
7.2271
7.2312
7.2354
7.2396
7.2437
7.2479
7.2521
7.2562
7.2604
7.2646
7.2687
7.2729
7.2771
7.2812
7.2854
7.2896
7.2937
7.2979
7.3021
7.3062
7.3104
7.3146
7.3187
7.3229
7.3271
7.3312
7.3354
7.3396
7.3437
7.3479
7.3521
7.3562
7.3604
7.3646
7.3687
7.3729
7.3771
7.3812
7.3854
7.3896
7.3937
7.3979
7.4021
7.4062
7.4104
7.4146
7.4187
7.4229
7.4271
7.4312
7.4354
7.4396
7.4437
7.4479
7.4521
7.4562
7.4604
7.4646
7.4687
7.4729
7.4771
7.4812
7.4854
7.4896
7.4937
7.4979
7.5021
7.5062
7.5104
7.5146
7.5187
7.5229
7.5271
7.5312
7.5354
7.5396
7.5437
7.5479
7.5521
7.5562
7.5604
7.5646
7.5687
7.5729
7.5771
7.5812
7.5854
7.5896
7.5937
7.5979
7.6021
7.6062
7.6104
7.6146
7.6187
7.6229
7.6271
7.6312
7.6354
7.6396
7.6437
7.6479
7.6521
7.6562
7.6604
7.6646
7.6687
7.6729
7.6771
7.6812
7.6854
7.6896
7.6937
7.6979
7.7021
7.7062
7.7104
7.7146
7.7187
7.7229
7.7271
7.7312
7.7354
7.7396
7.7437
7.7479
7.7521
7.7562
7.7604
7.7646
7.7687
7.7729
7.7771
7.7812
7.7854
7.7896
7.7937
7.7979
7.8021
7.8062
7.8104
7.8146
7.8187
7.8229
7.8271
7.8312
7.8354
7.8396
7.8437
7.8479
7.8521
7.8562
7.8604
7.8646
7.8687
7.8729
7.8771
7.8812
7.8854
7.8896
7.8937
7.8979
7.9021
7.9062
7.9104
7.9146
7.9187
7.9229
7.9271
7.9312
7.9354
7.9396
7.9437
7.9479
7.9521
7.9562
7.9604
7.9646
7.9687
7.9729
7.9771
7.9812
7.9854
7.9896
7.9937
7.9979
8.0021
8.0062
8.0104
8.0146
8.0187
8.0229
8.0271
8.0312
8.0354
8.0396
8.0437
8.0479
8.0521
8.0562
8.0604
8.0646
8.0687
8.0729
8.0771
8.0812
8.0854
8.0896
8.0937
8.0979
8.1021
8.1062
8.1104
8.1146
8.1187
8.1229
8.1271
8.1312
8.1354
8.1396
8.1437
8.1479
8.1521
8.1562
8.1604
8.1646
8.1687
8.1729
8.1771
8.1812
8.1854
8.1896
8.1937
8.1979
8.2021
8.2062
8.2104
8.2146
8.2187
8.2229
8.2271
8.2312
8.2354
8.2396
8.2437
8.2479
8.2521
8.2562
8.2604
8.2646
8.2687
8.2729
8.2771
8.2812
8.2854
8.2896
8.2937
8.2979
8.3021
8.3062
8.3104
8.3146
8.3187
8.3229
8.3271
8.3312
8.3354
8.3396
8.3437
8.3479
8.3521
8.3562
8.3604
8.3646
8.3687
8.3729
8.3771
8.3812
8.3854
8.3896
8.3937
8.3979
8.4021
8.4062
8.4104
8.4146
8.4187
8.4229
8.4271
8.4312
8.4354
8.4396
8.4437
8.4479
8.4521
8.4562
8.4604
8.4646
8.4687
8.4729
8.4771
8.4812
8.4854
8.4896
8.4937
8.4979
8.5021
8.5062
8.5104
8.5146
8.5187
8.5229
8.5271
8.5312
8.5354
8.5396
8.5437
8.5479
8.5521
8.5562
8.5604
8.5646
8.5687
8.5729
8.5771
8.5812
8.5854
8.5896
8.5937
8.5979
8.6021
8.6062
8.6104
8.6146
8.6187
8.6229
8.6271
8.6312
8.6354
8.6396
8.6437
8.6479
8.6521
8.6562
8.6604
8.6646
8.6687
8.6729
8.6771
8.6812
8.6854
8.6896
8.6937
8.6979
8.7021
8.7062
8.7104
8.7146
8.7187
8.7229
8.7271
8.7312
8.7354
8.7396
8.7437
8.7479
8.7521
8.7562
8.7604
8.7646
8.7687
8.7729
8.7771
8.7812
8.7854
8.7896
8.7937
8.7979
8.8021
8.8062
8.8104
8.8146
8.8187
8.8229
8.8271
8.8312
8.8354
8.8396
8.8437
8.8479
8.8521
8.8562
8.8604
8.8646
8.8687
8.8729
8.8771
8.8812
8.8854
8.8896
8.8937
8.8979
8.9021
8.9062
8.9104
8.9146
8.9187
8.9229
8.9271
8.9312
8.9354
8.9396
8.9437
8.9479
8.9521
8.9562
8.9604
8.9646
8.9687
8.9729
8.9771
8.9812
8.9854
8.9896
8.9937
8.9979
9.0021
9.0062
9.0104
9.0146
9.0187
9.0229
9.0271
9.0312
9.0354
9.0396
9.0437
9.0479
9.0521
9.0562
9.0604
9.0646
9.0687
9.0729
9.0771
9.0812
9.0854
9.0896
9.0937
9.0979
9.1021
9.1062
9.1104
9.1146
9.1187
9.1229
9.1271
9.1312
9.1354
9.1396
9.1437
9.1479
9.1521
9.1562
9.1604
9.1646
9.1687
9.1729
9.1771
9.1812
9.1854
9.1896
9.1937
9.1979
9.2021
9.2062
9.2104
9.2146
9.2187
9.2229
9.2271
9.2312
9.2354
9.2396
9.2437
9.2479
9.2521
9.2562
9.2604
9.2646
9.2687
9.2729
9.2771
9.2812
9.2854
9.2896
9.2937
9.2979
9.3021
9.3062
9.3104
9.3146
9.3187
9.3229
9.3271
9.3312
9.3354
9.3396
9.3437
9.3479
9.3521
9.3562
9.3604
9.3646
9.3687
9.3729
9.3771
9.3812
9.3854
9.3896
9.3937
9.3979
9.4021
9.4062
9.4104
9.4146
9.4187
9.4229
9.4271
9.4312
9.4354
9.4396
9.4437
9.4479
9.4521
9.4562
9.4604
9.4646
9.4687
9.4729
9.4771
9.4812
9.4854
9.4896
9.4937
9.4979
9.5021
9.5062
9.5104
9.5146
9.5187
9.5229
9.5271
9.5312
9.5354
9.5396
9.5437
9.5479
9.5521
9.5562
9.5604
9.5646
9.5687
9.5729
9.5771
9.5812
9.5854
9.5896
9.5937
9.5979
9.6021
9.6062
9.6104
9.6146
9.6187
9.6229
9.6271
9.6312
9.6354
9.6396
9.6437
9.6479
9.6521
9.6562
9.6604
9.6646
9.6687
9.6729
9.6771
9.6812
9.6854
9.6896
9.6937
9.6979
9.7021
9.7062
9.7104
9.7146
9.7187
9.7229
9.7271
9.7312
9.7354
9.7396
9.7437
9.7479
9.7521
9.7562
9.7604
9.7646
9.7687
9.7729
9.7771
9.7812
9.7854
9.7896
9.7937
9.7979
9.8021
9.8062
9.8104
9.8146
9.8187
9.8229
9.8271
9.8312
9.8354
9.8396
9.8437
9.8479
9.8521
9.8562
9.8604
9.8646
9.8687
9.8729
9.8771
9.8812
9.8854
9.8896
9.8937
9.8979
9.9021
9.9062
9.9104
9.9146
9.9187
9.9229
9.9271
9.9312
9.9354
9.9396
9.9437
9.9479
9.9521
9.9562
9.9604
9.9646
9.9687
9.9729
9.9771
9.9812
9.9854
9.9896
9.9937
9.9979
10.002
10.006
10.01
10.015
10.019
10.023
10.027
10.031
10.035
10.04
10.044
10.048
10.052
10.056
10.06
10.065
10.069
10.073
10.077
10.081
10.085
10.09
10.094
10.098
10.102
10.106
10.11
10.115
10.119
10.123
10.127
10.131
10.135
10.14
10.144
10.148
10.152
10.156
10.16
10.165
10.169
10.173
10.177
10.181
10.185
10.19
10.194
10.198
10.202
10.206
10.21
10.215
10.219
10.223
10.227
10.231
10.235
10.24
10.244
10.248
10.252
10.256
10.26
10.265
10.269
10.273
10.277
10.281
10.285
10.29
10.294
10.298
10.302
10.306
10.31
10.315
10.319
10.323
10.327
10.331
10.335
10.34
10.344
10.348
10.352
10.356
10.36
10.365
10.369
10.373
10.377
10.381
10.385
10.39
10.394
10.398
10.402
10.406
10.41
10.415
10.419
10.423
10.427
10.431
10.435
10.44
10.444
10.448
10.452
10.456
10.46
10.465
10.469
10.473
10.477
10.481
10.485
10.49
10.494
10.498
10.502
10.506
10.51
10.515
10.519
10.523
10.527
10.531
10.535
10.54
10.544
10.548
10.552
10.556
10.56
10.565
10.569
10.573
10.577
10.581
10.585
10.59
10.594
10.598
10.602
10.606
10.61
10.615
10.619
10.623
10.627
10.631
10.635
10.64
10.644
10.648
10.652
10.656
10.66
10.665
10.669
10.673
10.677
10.681
10.685
10.69
10.694
10.698
10.702
10.706
10.71
10.715
10.719
10.723
10.727
10.731
10.735
10.74
10.744
10.748
10.752
10.756
10.76
10.765
10.769
10.773
10.777
10.781
10.785
10.79
10.794
10.798
10.802
10.806
10.81
10.815
10.819
10.823
10.827
10.831
10.835
10.84
10.844
10.848
10.852
10.856
10.86
10.865
10.869
10.873
10.877
10.881
10.885
10.89
10.894
10.898
10.902
10.906
10.91
10.915
10.919
10.923
10.927
10.931
10.935
10.94
10.944
10.948
10.952
10.956
10.96
10.965
10.969
10.973
10.977
10.981
10.985
10.99
10.994
10.998
11.002
11.006
11.01
11.015
11.019
11.023
11.027
11.031
11.035
11.04
11.044
11.048
11.052
11.056
11.06
11.065
11.069
11.073
11.077
11.081
11.085
11.09
11.094
11.098
11.102
11.106
11.11
11.115
11.119
11.123
11.127
11.131
11.135
11.14
11.144
11.148
11.152
11.156
11.16
11.165
11.169
11.173
11.177
11.181
11.185
11.19
11.194
11.198
11.202
11.206
11.21
11.215
11.219
11.223
11.227
11.231
11.235
11.24
11.244
11.248
11.252
11.256
11.26
11.265
11.269
11.273
11.277
11.281
11.285
11.29
11.294
11.298
11.302
11.306
11.31
11.315
11.319
11.323
11.327
11.331
11.335
11.34
11.344
11.348
11.352
11.356
11.36
11.365
11.369
11.373
11.377
11.381
11.385
11.39
11.394
11.398
11.402
11.406
11.41
11.415
11.419
11.423
11.427
11.431
11.435
11.44
11.444
11.448
11.452
11.456
11.46
11.465
11.469
11.473
11.477
11.481
11.485
11.49
11.494
11.498
11.502
11.506
11.51
11.515
11.519
11.523
11.527
11.531
11.535
11.54
11.544
11.548
11.552
11.556
11.56
11.565
11.569
11.573
11.577
11.581
11.585
11.59
11.594
11.598
11.602
11.606
11.61
11.615
11.619
11.623
11.627
11.631
11.635
11.64
11.644
11.648
11.652
11.656
11.66
11.665
11.669
11.673
11.677
11.681
11.685
11.69
11.694
11.698
11.702
11.706
11.71
11.715
11.719
11.723
11.727
11.731
11.735
11.74
11.744
11.748
11.752
11.756
11.76
11.765
11.769
11.773
11.777
11.781
11.785
11.79
11.794
11.798
11.802
11.806
11.81
11.815
11.819
11.823
11.827
11.831
11.835
11.84
11.844
11.848
11.852
11.856
11.86
11.865
11.869
11.873
11.877
11.881
11.885
11.89
11.894
11.898
11.902
11.906
11.91
11.915
11.919
11.923
11.927
11.931
11.935
11.94
11.944
11.948
11.952
11.956
11.96
11.965
11.969
11.973
11.977
11.981
11.985
11.99
11.994
11.998
12.002
12.006
12.01
12.015
12.019
12.023
12.027
12.031
12.035
12.04
12.044
12.048
12.052
12.056
12.06
12.065
12.069
12.073
12.077
12.081
12.085
12.09
12.094
12.098
12.102
12.106
12.11
12.115
12.119
12.123
12.127
12.131
12.135
12.14
12.144
12.148
12.152
12.156
12.16
12.165
12.169
12.173
12.177
12.181
12.185
12.19
12.194
12.198
12.202
12.206
12.21
12.215
12.219
12.223
12.227
12.231
12.235
12.24
12.244
12.248
12.252
12.256
12.26
12.265
12.269
12.273
12.277
12.281
12.285
12.29
12.294
12.298
12.302
12.306
12.31
12.315
12.319
12.323
12.327
12.331
12.335
12.34
12.344
12.348
12.352
12.356
12.36
12.365
12.369
12.373
12.377
12.381
12.385
12.39
12.394
12.398
12.402
12.406
12.41
12.415
12.419
12.423
12.427
12.431
12.435
12.44
12.444
12.448
12.452
12.456
12.46
12.465
12.469
12.473
12.477
12.481
12.485
12.49
12.494
12.498
12.502
12.506
12.51
12.515
12.519
12.523
12.527
12.531
12.535
12.54
12.544
12.548
12.552
12.556
12.56
12.565
12.569
12.573
12.577
12.581
12.585
12.59
12.594
12.598
12.602
12.606
12.61
12.615
12.619
12.623
12.627
12.631
12.635
12.64
12.644
12.648
12.652
12.656
12.66
12.665
12.669
12.673
12.677
12.681
12.685
12.69
12.694
12.698
12.702
12.706
12.71
12.715
12.719
12.723
12.727
12.731
12.735
12.74
12.744
12.748
12.752
12.756
12.76
12.765
12.769
12.773
12.777
12.781
12.785
12.79
12.794
12.798
12.802
12.806
12.81
12.815
12.819
12.823
12.827
12.831
12.835
12.84
12.844
12.848
12.852
12.856
12.86
12.865
12.869
12.873
12.877
12.881
12.885
12.89
12.894
12.898
12.902
12.906
12.91
12.915
12.919
12.923
12.927
12.931
12.935
12.94
12.944
12.948
12.952
12.956
12.96
12.965
12.969
12.973
12.977
12.981
12.985
12.99
12.994
12.998
13.002
13.006
13.01
13.015
13.019
13.023
13.027
13.031
13.035
13.04
13.044
13.048
13.052
13.056
13.06
13.065
13.069
13.073
13.077
13.081
13.085
13.09
13.094
13.098
13.102
13.106
13.11
13.115
13.119
13.123
13.127
13.131
13.135
13.14
13.144
13.148
13.152
13.156
13.16
13.165
13.169
13.173
13.177
13.181
13.185
13.19
13.194
13.198
13.202
13.206
13.21
13.215
13.219
13.223
13.227
13.231
13.235
13.24
13.244
13.248
13.252
13.256
13.26
13.265
13.269
13.273
13.277
13.281
13.285
13.29
13.294
13.298
13.302
13.306
13.31
13.315
13.319
13.323
13.327
13.331
13.335
13.34
13.344
13.348
13.352
13.356
13.36
13.365
13.369
13.373
13.377
13.381
13.385
13.39
13.394
13.398
13.402
13.406
13.41
13.415
13.419
13.423
13.427
13.431
13.435
13.44
13.444
13.448
13.452
13.456
13.46
13.465
13.469
13.473
13.477
13.481
13.485
13.49
13.494
13.498
13.502
13.506
13.51
13.515
13.519
13.523
13.527
13.531
13.535
13.54
13.544
13.548
13.552
13.556
13.56
13.565
13.569
13.573
13.577
13.581
13.585
13.59
13.594
13.598
13.602
13.606
13.61
13.615
13.619
13.623
13.627
13.631
13.635
13.64
13.644
13.648
13.652
13.656
13.66
13.665
13.669
13.673
13.677
13.681
13.685
13.69
13.694
13.698
13.702
13.706
13.71
13.715
13.719
13.723
13.727
13.731
13.735
13.74
13.744
13.748
13.752
13.756
13.76
13.765
13.769
13.773
13.777
13.781
13.785
13.79
13.794
13.798
13.802
13.806
13.81
13.815
13.819
13.823
13.827
13.831
13.835
13.84
13.844
13.848
13.852
13.856
13.86
13.865
13.869
13.873
13.877
13.881
13.885
13.89
13.894
13.898
13.902
13.906
13.91
13.915
13.919
13.923
13.927
13.931
13.935
13.94
13.944
13.948
13.952
13.956
13.96
13.965
13.969
13.973
13.977
13.981
13.985
13.99
13.994
13.998
14.002
14.006
14.01
14.015
14.019
14.023
14.027
14.031
14.035
14.04
14.044
14.048
14.052
14.056
14.06
14.065
14.069
14.073
14.077
14.081
14.085
14.09
14.094
14.098
14.102
14.106
14.11
14.115
14.119
14.123
14.127
14.131
14.135
14.14
14.144
14.148
14.152
14.156
14.16
14.165
14.169
14.173
14.177
14.181
14.185
14.19
14.194
14.198
14.202
14.206
14.21
14.215
14.219
14.223
14.227
14.231
14.235
14.24
14.244
14.248
14.252
14.256
14.26
14.265
14.269
14.273
14.277
14.281
14.285
14.29
14.294
14.298
14.302
14.306
14.31
14.315
14.319
14.323
14.327
14.331
14.335
14.34
14.344
14.348
14.352
14.356
14.36
14.365
14.369
14.373
14.377
14.381
14.385
14.39
14.394
14.398
14.402
14.406
14.41
14.415
14.419
14.423
14.427
14.431
14.435
14.44
14.444
14.448
14.452
14.456
14.46
14.465
14.469
14.473
14.477
14.481
14.485
14.49
14.494
14.498
14.502
14.506
14.51
14.515
14.519
14.523
14.527
14.531
14.535
14.54
14.544
14.548
14.552
14.556
14.56
14.565
14.569
14.573
14.577
14.581
14.585
14.59
14.594
14.598
14.602
14.606
14.61
14.615
14.619
14.623
14.627
14.631
14.635
14.64
14.644
14.648
14.652
14.656
14.66
14.665
14.669
14.673
14.677
14.681
14.685
14.69
14.694
14.698
14.702
14.706
14.71
14.715
14.719
14.723
14.727
14.731
14.735
14.74
14.744
14.748
14.752
14.756
14.76
14.765
14.769
14.773
14.777
14.781
14.785
14.79
14.794
14.798
14.802
14.806
14.81
14.815
14.819
14.823
14.827
14.831
14.835
14.84
14.844
14.848
14.852
14.856
14.86
14.865
14.869
14.873
14.877
14.881
14.885
14.89
14.894
14.898
14.902
14.906
14.91
14.915
14.919
14.923
14.927
14.931
14.935
14.94
14.944
14.948
14.952
14.956
14.96
14.965
14.969
14.973
14.977
14.981
14.985
14.99
14.994
14.998
15.002
15.006
15.01
15.015
15.019
15.023
15.027
15.031
15.035
15.04
15.044
15.048
15.052
15.056
15.06
15.065
15.069
15.073
15.077
15.081
15.085
15.09
15.094
15.098
15.102
15.106
15.11
15.115
15.119
15.123
15.127
15.131
15.135
15.14
15.144
15.148
15.152
15.156
15.16
15.165
15.169
15.173
15.177
15.181
15.185
15.19
15.194
15.198
15.202
15.206
15.21
15.215
15.219
15.223
15.227
15.231
15.235
15.24
15.244
15.248
15.252
15.256
15.26
15.265
15.269
15.273
15.277
15.281
15.285
15.29
15.294
15.298
15.302
15.306
15.31
15.315
15.319
15.323
15.327
15.331
15.335
15.34
15.344
15.348
15.352
15.356
15.36
15.365
15.369
15.373
15.377
15.381
15.385
15.39
15.394
15.398
15.402
15.406
15.41
15.415
15.419
15.423
15.427
15.431
15.435
15.44
15.444
15.448
15.452
15.456
15.46
15.465
15.469
15.473
15.477
15.481
15.485
15.49
15.494
15.498
15.502
15.506
15.51
15.515
15.519
15.523
15.527
15.531
15.535
15.54
15.544
15.548
15.552
15.556
15.56
15.565
15.569
15.573
15.577
15.581
15.585
15.59
15.594
15.598
15.602
15.606
15.61
15.615
15.619
15.623
15.627
15.631
15.635
15.64
15.644
15.648
15.652
15.656
15.66
15.665
15.669
15.673
15.677
15.681
15.685
15.69
15.694
15.698
15.702
15.706
15.71
15.715
15.719
15.723
15.727
15.731
15.735
15.74
15.744
15.748
15.752
15.756
15.76
15.765
15.769
15.773
15.777
15.781
15.785
15.79
15.794
15.798
15.802
15.806
15.81
15.815
15.819
15.823
15.827
15.831
15.835
15.84
15.844
15.848
15.852
15.856
15.86
15.865
15.869
15.873
15.877
15.881
15.885
15.89
15.894
15.898
15.902
15.906
15.91
15.915
15.919
15.923
15.927
15.931
15.935
15.94
15.944
15.948
15.952
15.956
15.96
15.965
15.969
15.973
15.977
15.981
15.985
15.99
15.994
15.998
16.002
16.006
16.01
16.015
16.019
16.023
16.027
16.031
16.035
16.04
16.044
16.048
16.052
16.056
16.06
16.065
16.069
16.073
16.077
16.081
16.085
16.09
16.094
16.098
16.102
16.106
16.11
16.115
16.119
16.123
16.127
16.131
16.135
16.14
16.144
16.148
16.152
16.156
16.16
16.165
16.169
16.173
16.177
16.181
16.185
16.19
16.194
16.198
16.202
16.206
16.21
16.215
16.219
16.223
16.227
16.231
16.235
16.24
16.244
16.248
16.252
16.256
16.26
16.265
16.269
16.273
16.277
16.281
16.285
16.29
16.294
16.298
16.302
16.306
16.31
16.315
16.319
16.323
16.327
16.331
16.335
16.34
16.344
16.348
16.352
16.356
16.36
16.365
16.369
16.373
16.377
16.381
16.385
16.39
16.394
16.398
16.402
16.406
16.41
16.415
16.419
16.423
16.427
16.431
16.435
16.44
16.444
16.448
16.452
16.456
16.46
16.465
16.469
16.473
16.477
16.481
16.485
16.49
16.494
16.498
16.502
16.506
16.51
16.515
16.519
16.523
16.527
16.531
16.535
16.54
16.544
16.548
16.552
16.556
16.56
16.565
16.569
16.573
16.577
16.581
16.585
16.59
16.594
16.598
16.602
16.606
16.61
16.615
16.619
16.623
16.627
16.631
16.635
16.64
16.644
16.648
16.652
16.656
16.66
16.665
16.669
16.673
16.677
16.681
16.685
16.69
16.694
16.698
16.702
16.706
16.71
16.715
16.719
16.723
16.727
16.731
16.735
16.74
16.744
16.748
16.752
16.756
16.76
16.765
16.769
16.773
16.777
16.781
16.785
16.79
16.794
16.798
16.802
16.806
16.81
16.815
16.819
16.823
16.827
16.831
16.835
16.84
16.844
16.848
16.852
16.856
16.86
16.865
16.869
16.873
16.877
16.881
16.885
16.89
16.894
16.898
16.902
16.906
16.91
16.915
16.919
16.923
16.927
16.931
16.935
16.94
16.944
16.948
16.952
16.956
16.96
16.965
16.969
16.973
16.977
16.981
16.985
16.99
16.994
16.998
17.002
17.006
17.01
17.015
17.019
17.023
17.027
17.031
17.035
17.04
17.044
17.048
17.052
17.056
17.06
17.065
17.069
17.073
17.077
17.081
17.085
17.09
17.094
17.098
17.102
17.106
17.11
17.115
17.119
17.123
17.127
17.131
17.135
17.14
17.144
17.148
17.152
17.156
17.16
17.165
17.169
17.173
17.177
17.181
17.185
17.19
17.194
17.198
17.202
17.206
17.21
17.215
17.219
17.223
17.227
17.231
17.235
17.24
17.244
17.248
17.252
17.256
17.26
17.265
17.269
17.273
17.277
17.281
17.285
17.29
17.294
17.298
17.302
17.306
17.31
17.315
17.319
17.323
17.327
17.331
17.335
17.34
17.344
17.348
17.352
17.356
17.36
17.365
17.369
17.373
17.377
17.381
17.385
17.39
17.394
17.398
17.402
17.406
17.41
17.415
17.419
17.423
17.427
17.431
17.435
17.44
17.444
17.448
17.452
17.456
17.46
17.465
17.469
17.473
17.477
17.481
17.485
17.49
17.494
17.498
17.502
17.506
17.51
17.515
17.519
17.523
17.527
17.531
17.535
17.54
17.544
17.548
17.552
17.556
17.56
17.565
17.569
17.573
17.577
17.581
17.585
17.59
17.594
17.598
17.602
17.606
17.61
17.615
17.619
17.623
17.627
17.631
17.635
17.64
17.644
17.648
17.652
17.656
17.66
17.665
17.669
17.673
17.677
17.681
17.685
17.69
17.694
17.698
17.702
17.706
17.71
17.715
17.719
17.723
17.727
17.731
17.735
17.74
17.744
17.748
17.752
17.756
17.76
17.765
17.769
17.773
17.777
17.781
17.785
17.79
17.794
17.798
17.802
17.806
17.81
17.815
17.819
17.823
17.827
17.831
17.835
17.84
17.844
17.848
17.852
17.856
17.86
17.865
17.869
17.873
17.877
17.881
17.885
17.89
17.894
17.898
17.902
17.906
17.91
17.915
17.919
17.923
17.927
17.931
17.935
17.94
17.944
17.948
17.952
17.956
17.96
17.965
17.969
17.973
17.977
17.981
17.985
17.99
17.994
17.998
18.002
18.006
18.01
18.015
18.019
18.023
18.027
18.031
18.035
18.04
18.044
18.048
18.052
18.056
18.06
18.065
18.069
18.073
18.077
18.081
18.085
18.09
18.094
18.098
18.102
18.106
18.11
18.115
18.119
18.123
18.127
18.131
18.135
18.14
18.144
18.148
18.152
18.156
18.16
18.165
18.169
18.173
18.177
18.181
18.185
18.19
18.194
18.198
18.202
18.206
18.21
18.215
18.219
18.223
18.227
18.231
18.235
18.24
18.244
18.248
18.252
18.256
18.26
18.265
18.269
18.273
18.277
18.281
18.285
18.29
18.294
18.298
18.302
18.306
18.31
18.315
18.319
18.323
18.327
18.331
18.335
18.34
18.344
18.348
18.352
18.356
18.36
18.365
18.369
18.373
18.377
18.381
18.385
18.39
18.394
18.398
18.402
18.406
18.41
18.415
18.419
18.423
18.427
18.431
18.435
18.44
18.444
18.448
18.452
18.456
18.46
18.465
18.469
18.473
18.477
18.481
18.485
18.49
18.494
18.498
18.502
18.506
18.51
18.515
18.519
18.523
18.527
18.531
18.535
18.54
18.544
18.548
18.552
18.556
18.56
18.565
18.569
18.573
18.577
18.581
18.585
18.59
18.594
18.598
18.602
18.606
18.61
18.615
18.619
18.623
18.627
18.631
18.635
18.64
18.644
18.648
18.652
18.656
18.66
18.665
18.669
18.673
18.677
18.681
18.685
18.69
18.694
18.698
18.702
18.706
18.71
18.715
18.719
18.723
18.727
18.731
18.735
18.74
18.744
18.748
18.752
18.756
18.76
18.765
18.769
18.773
18.777
18.781
18.785
18.79
18.794
18.798
18.802
18.806
18.81
18.815
18.819
18.823
18.827
18.831
18.835
18.84
18.844
18.848
18.852
18.856
18.86
18.865
18.869
18.873
18.877
18.881
18.885
18.89
18.894
18.898
18.902
18.906
18.91
18.915
18.919
18.923
18.927
18.931
18.935
18.94
18.944
18.948
18.952
18.956
18.96
18.965
18.969
18.973
18.977
18.981
18.985
18.99
18.994
18.998
19.002
19.006
19.01
19.015
19.019
19.023
19.027
19.031
19.035
19.04
19.044
19.048
19.052
19.056
19.06
19.065
19.069
19.073
19.077
19.081
19.085
19.09
19.094
19.098
19.102
19.106
19.11
19.115
19.119
19.123
19.127
19.131
19.135
19.14
19.144
19.148
19.152
19.156
19.16
19.165
19.169
19.173
19.177
19.181
19.185
19.19
19.194
19.198
19.202
19.206
19.21
19.215
19.219
19.223
19.227
19.231
19.235
19.24
19.244
19.248
19.252
19.256
19.26
19.265
19.269
19.273
19.277
19.281
19.285
19.29
19.294
19.298
19.302
19.306
19.31
19.315
19.319
19.323
19.327
19.331
19.335
19.34
19.344
19.348
19.352
19.356
19.36
19.365
19.369
19.373
19.377
19.381
19.385
19.39
19.394
19.398
19.402
19.406
19.41
19.415
19.419
19.423
19.427
19.431
19.435
19.44
19.444
19.448
19.452
19.456
19.46
19.465
19.469
19.473
19.477
19.481
19.485
19.49
19.494
19.498
19.502
19.506
19.51
19.515
19.519
19.523
19.527
19.531
19.535
19.54
19.544
19.548
19.552
19.556
19.56
19.565
19.569
19.573
19.577
19.581
19.585
19.59
19.594
19.598
19.602
19.606
19.61
19.615
19.619
19.623
19.627
19.631
19.635
19.64
19.644
19.648
19.652
19.656
19.66
19.665
19.669
19.673
19.677
19.681
19.685
19.69
19.694
19.698
19.702
19.706
19.71
19.715
19.719
19.723
19.727
19.731
19.735
19.74
19.744
19.748
19.752
19.756
19.76
19.765
19.769
19.773
19.777
19.781
19.785
19.79
19.794
19.798
19.802
19.806
19.81
19.815
19.819
19.823
19.827
19.831
19.835
19.84
19.844
19.848
19.852
19.856
19.86
19.865
19.869
19.873
19.877
19.881
19.885
19.89
19.894
19.898
19.902
19.906
19.91
19.915
19.919
19.923
19.927
19.931
19.935
19.94
19.944
19.948
19.952
19.956
19.96
19.965
19.969
19.973
19.977
19.981
19.985
19.99
19.994
19.998
20.002
20.006
20.01
20.015
20.019
20.023
20.027
20.031
20.035
20.04
20.044
20.048
20.052
20.056
20.06
20.065
20.069
20.073
20.077
20.081
20.085
20.09
20.094
20.098
20.102
20.106
20.11
20.115
20.119
20.123
20.127
20.131
20.135
20.14
20.144
20.148
20.152
20.156
20.16
20.165
20.169
20.173
20.177
20.181
20.185
20.19
20.194
20.198
20.202
20.206
20.21
20.215
20.219
20.223
20.227
20.231
20.235
20.24
20.244
20.248
20.252
20.256
20.26
20.265
20.269
20.273
20.277
20.281
20.285
20.29
20.294
20.298
20.302
20.306
20.31
20.315
20.319
20.323
20.327
20.331
20.335
20.34
20.344
20.348
20.352
20.356
20.36
20.365
20.369
20.373
20.377
20.381
20.385
20.39
20.394
20.398
20.402
20.406
20.41
20.415
20.419
20.423
20.427
20.431
20.435
20.44
20.444
20.448
20.452
20.456
20.46
20.465
20.469
20.473
20.477
20.481
20.485
20.49
20.494
20.498
20.502
20.506
20.51
20.515
20.519
20.523
20.527
20.531
20.535
20.54
20.544
20.548
20.552
20.556
20.56
20.565
20.569
20.573
20.577
20.581
20.585
20.59
20.594
20.598
20.602
20.606
20.61
20.615
20.619
20.623
20.627
20.631
20.635
20.64
20.644
20.648
20.652
20.656
20.66
20.665
20.669
20.673
20.677
20.681
20.685
20.69
20.694
20.698
20.702
20.706
20.71
20.715
20.719
20.723
20.727
20.731
20.735
20.74
20.744
20.748
20.752
20.756
20.76
20.765
20.769
20.773
20.777
20.781
20.785
20.79
20.794
20.798
20.802
20.806
20.81
20.815
20.819
20.823
20.827
20.831
20.835
20.84
20.844
20.848
20.852
20.856
20.86
20.865
20.869
20.873
20.877
20.881
20.885
20.89
20.894
20.898
20.902
20.906
20.91
20.915
20.919
20.923
20.927
20.931
20.935
20.94
20.944
20.948
20.952
20.956
20.96
20.965
20.969
20.973
20.977
20.981
20.985
20.99
20.994
20.998
21.002
21.006
21.01
21.015
21.019
21.023
21.027
21.031
21.035
21.04
21.044
21.048
21.052
21.056
21.06
21.065
21.069
21.073
21.077
21.081
21.085
21.09
21.094
21.098
21.102
21.106
21.11
21.115
21.119
21.123
21.127
21.131
21.135
21.14
21.144
21.148
21.152
21.156
21.16
21.165
21.169
21.173
21.177
21.181
21.185
21.19
21.194
21.198
21.202
21.206
21.21
21.215
21.219
21.223
21.227
21.231
21.235
21.24
21.244
21.248
21.252
21.256
21.26
21.265
21.269
21.273
21.277
21.281
21.285
21.29
21.294
21.298
21.302
21.306
21.31
21.315
21.319
21.323
21.327
21.331
21.335
21.34
21.344
21.348
21.352
21.356
21.36
21.365
21.369
21.373
21.377
21.381
21.385
21.39
21.394
21.398
21.402
21.406
21.41
21.415
21.419
21.423
21.427
21.431
21.435
21.44
21.444
21.448
21.452
21.456
21.46
21.465
21.469
21.473
21.477
21.481
21.485
21.49
21.494
21.498
21.502
21.506
21.51
21.515
21.519
21.523
21.527
21.531
21.535
21.54
21.544
21.548
21.552
21.556
21.56
21.565
21.569
21.573
21.577
21.581
21.585
21.59
21.594
21.598
21.602
21.606
21.61
21.615
21.619
21.623
21.627
21.631
21.635
21.64
21.644
21.648
21.652
21.656
21.66
21.665
21.669
21.673
21.677
21.681
21.685
21.69
21.694
21.698
21.702
21.706
21.71
21.715
21.719
21.723
21.727
21.731
21.735
21.74
21.744
21.748
21.752
21.756
21.76
21.765
21.769
21.773
21.777
21.781
21.785
21.79
21.794
21.798
21.802
21.806
21.81
21.815
21.819
21.823
21.827
21.831
21.835
21.84
21.844
21.848
21.852
21.856
21.86
21.865
21.869
21.873
21.877
21.881
21.885
21.89
21.894
21.898
21.902
21.906
21.91
21.915
21.919
21.923
21.927
21.931
21.935
21.94
21.944
21.948
21.952
21.956
21.96
21.965
21.969
21.973
21.977
21.981
21.985
21.99
21.994
21.998
22
