0 [1.00e+00, 1.00e+00, 1.00e+00, 1.00e+00, 1.00e+00, 1.00e+00, 1.00e+00]
1000 [1.28e+00, 6.37e-01, 1.04e+00, 1.55e+00, 1.02e+00, 6.59e-01, 9.80e-01]
2000 [2.05e+00, 3.15e-01, 1.05e+00, 7.83e-01, 9.83e-01, 2.91e-01, 9.00e-01]
3000 [2.54e+00, 2.43e-01, 1.05e+00, 5.67e-01, 9.38e-01, 2.25e-01, 8.54e-01]
4000 [2.70e+00, 2.34e-01, 1.04e+00, 5.46e-01, 9.27e-01, 2.16e-01, 8.49e-01]
5000 [2.79e+00, 2.33e-01, 1.04e+00, 5.42e-01, 9.17e-01, 2.14e-01, 8.49e-01]
6000 [2.85e+00, 2.33e-01, 1.03e+00, 5.43e-01, 9.08e-01, 2.14e-01, 8.49e-01]
7000 [2.88e+00, 2.34e-01, 1.03e+00, 5.45e-01, 9.00e-01, 2.15e-01, 8.48e-01]
8000 [2.91e+00, 2.35e-01, 1.02e+00, 5.46e-01, 8.91e-01, 2.15e-01, 8.48e-01]
9000 [2.93e+00, 2.35e-01, 1.02e+00, 5.48e-01, 8.82e-01, 2.16e-01, 8.47e-01]
10000 [2.94e+00, 2.35e-01, 1.02e+00, 5.46e-01, 8.72e-01, 2.16e-01, 8.47e-01]
11000 [2.94e+00, 2.35e-01, 1.01e+00, 5.45e-01, 8.62e-01, 2.15e-01, 8.47e-01]
12000 [2.95e+00, 2.37e-01, 1.01e+00, 5.62e-01, 8.53e-01, 2.20e-01, 8.47e-01]
13000 [2.98e+00, 2.33e-01, 1.01e+00, 5.54e-01, 8.43e-01, 2.19e-01, 8.44e-01]
14000 [2.98e+00, 2.31e-01, 1.00e+00, 5.51e-01, 8.33e-01, 2.17e-01, 8.45e-01]
15000 [2.98e+00, 2.30e-01, 9.99e-01, 5.49e-01, 8.23e-01, 2.17e-01, 8.46e-01]
16000 [2.97e+00, 2.28e-01, 1.00e+00, 5.32e-01, 8.23e-01, 2.11e-01, 8.55e-01]
17000 [2.96e+00, 2.31e-01, 9.99e-01, 5.50e-01, 8.18e-01, 2.16e-01, 8.57e-01]
18000 [2.96e+00, 2.29e-01, 9.98e-01, 5.46e-01, 8.12e-01, 2.15e-01, 8.58e-01]
19000 [2.95e+00, 2.27e-01, 9.94e-01, 5.41e-01, 8.03e-01, 2.14e-01, 8.59e-01]
20000 [2.93e+00, 2.25e-01, 9.90e-01, 5.38e-01, 7.93e-01, 2.12e-01, 8.59e-01]
21000 [2.91e+00, 2.24e-01, 9.84e-01, 5.34e-01, 7.83e-01, 2.11e-01, 8.59e-01]
22000 [2.89e+00, 2.23e-01, 9.79e-01, 5.31e-01, 7.73e-01, 2.10e-01, 8.60e-01]
23000 [2.87e+00, 2.21e-01, 9.74e-01, 5.28e-01, 7.64e-01, 2.08e-01, 8.61e-01]
24000 [2.86e+00, 2.20e-01, 9.68e-01, 5.25e-01, 7.54e-01, 2.07e-01, 8.61e-01]
25000 [2.84e+00, 2.19e-01, 9.62e-01, 5.22e-01, 7.45e-01, 2.06e-01, 8.61e-01]
26000 [2.82e+00, 2.17e-01, 9.56e-01, 5.18e-01, 7.36e-01, 2.05e-01, 8.61e-01]
27000 [2.80e+00, 2.16e-01, 9.50e-01, 5.16e-01, 7.27e-01, 2.04e-01, 8.61e-01]
28000 [2.79e+00, 2.15e-01, 9.44e-01, 5.13e-01, 7.18e-01, 2.02e-01, 8.60e-01]
29000 [2.77e+00, 2.13e-01, 9.37e-01, 5.09e-01, 7.09e-01, 2.01e-01, 8.60e-01]
30000 [2.75e+00, 2.12e-01, 9.31e-01, 5.07e-01, 7.01e-01, 2.00e-01, 8.60e-01]
31000 [2.74e+00, 2.11e-01, 9.25e-01, 5.05e-01, 6.93e-01, 1.99e-01, 8.61e-01]
32000 [2.73e+00, 2.10e-01, 9.19e-01, 5.02e-01, 6.85e-01, 1.98e-01, 8.61e-01]
33000 [2.72e+00, 2.10e-01, 9.14e-01, 5.01e-01, 6.79e-01, 1.98e-01, 8.62e-01]
34000 [2.70e+00, 2.08e-01, 9.08e-01, 4.98e-01, 6.71e-01, 1.96e-01, 8.62e-01]
35000 [2.69e+00, 2.07e-01, 9.02e-01, 4.95e-01, 6.64e-01, 1.95e-01, 8.61e-01]
36000 [2.68e+00, 2.06e-01, 8.96e-01, 4.93e-01, 6.56e-01, 1.94e-01, 8.61e-01]
37000 [2.66e+00, 2.04e-01, 8.90e-01, 4.90e-01, 6.49e-01, 1.93e-01, 8.61e-01]
38000 [2.65e+00, 2.04e-01, 8.84e-01, 4.88e-01, 6.43e-01, 1.92e-01, 8.61e-01]
39000 [2.64e+00, 2.02e-01, 8.78e-01, 4.86e-01, 6.36e-01, 1.92e-01, 8.60e-01]
40000 [2.62e+00, 2.02e-01, 8.72e-01, 4.84e-01, 6.30e-01, 1.91e-01, 8.60e-01]
41000 [2.61e+00, 2.01e-01, 8.67e-01, 4.82e-01, 6.24e-01, 1.90e-01, 8.60e-01]
42000 [2.60e+00, 2.00e-01, 8.62e-01, 4.80e-01, 6.18e-01, 1.90e-01, 8.59e-01]
43000 [2.61e+00, 2.01e-01, 8.59e-01, 4.80e-01, 6.17e-01, 1.90e-01, 8.60e-01]
44000 [2.59e+00, 2.00e-01, 8.56e-01, 4.76e-01, 6.12e-01, 1.88e-01, 8.62e-01]
45000 [2.57e+00, 1.98e-01, 8.51e-01, 4.73e-01, 6.06e-01, 1.87e-01, 8.63e-01]
46000 [2.56e+00, 1.97e-01, 8.46e-01, 4.71e-01, 6.00e-01, 1.86e-01, 8.63e-01]
47000 [2.55e+00, 1.96e-01, 8.42e-01, 4.70e-01, 5.94e-01, 1.85e-01, 8.65e-01]
48000 [2.54e+00, 1.95e-01, 8.37e-01, 4.69e-01, 5.89e-01, 1.85e-01, 8.66e-01]
49000 [2.53e+00, 1.95e-01, 8.33e-01, 4.68e-01, 5.84e-01, 1.85e-01, 8.68e-01]
50000 [2.53e+00, 1.94e-01, 8.29e-01, 4.67e-01, 5.79e-01, 1.84e-01, 8.68e-01]
51000 [2.52e+00, 1.94e-01, 8.26e-01, 4.68e-01, 5.75e-01, 1.84e-01, 8.67e-01]
52000 [2.51e+00, 1.94e-01, 8.23e-01, 4.67e-01, 5.70e-01, 1.84e-01, 8.66e-01]
53000 [2.51e+00, 1.93e-01, 8.19e-01, 4.66e-01, 5.65e-01, 1.84e-01, 8.66e-01]
54000 [2.50e+00, 1.92e-01, 8.16e-01, 4.65e-01, 5.61e-01, 1.83e-01, 8.66e-01]
55000 [2.49e+00, 1.92e-01, 8.12e-01, 4.65e-01, 5.57e-01, 1.83e-01, 8.67e-01]
56000 [2.53e+00, 2.17e-01, 8.03e-01, 5.04e-01, 5.53e-01, 1.97e-01, 8.43e-01]
57000 [2.58e+00, 2.31e-01, 8.04e-01, 5.09e-01, 5.50e-01, 2.00e-01, 8.39e-01]
58000 [2.59e+00, 2.31e-01, 8.07e-01, 5.06e-01, 5.45e-01, 2.00e-01, 8.36e-01]
59000 [2.61e+00, 2.29e-01, 8.11e-01, 5.07e-01, 5.42e-01, 1.99e-01, 8.33e-01]
60000 [2.62e+00, 2.23e-01, 8.13e-01, 4.98e-01, 5.38e-01, 1.95e-01, 8.34e-01]
61000 [2.60e+00, 2.21e-01, 8.14e-01, 4.94e-01, 5.33e-01, 1.93e-01, 8.35e-01]
62000 [2.64e+00, 2.04e-01, 8.16e-01, 4.86e-01, 5.33e-01, 1.92e-01, 8.31e-01]
63000 [2.59e+00, 1.98e-01, 8.16e-01, 4.71e-01, 5.30e-01, 1.86e-01, 8.25e-01]
64000 [2.54e+00, 2.02e-01, 8.16e-01, 4.68e-01, 5.27e-01, 1.87e-01, 8.23e-01]
65000 [2.52e+00, 1.94e-01, 8.14e-01, 4.62e-01, 5.24e-01, 1.82e-01, 8.20e-01]
66000 [2.49e+00, 1.92e-01, 8.11e-01, 4.56e-01, 5.21e-01, 1.80e-01, 8.18e-01]
67000 [2.47e+00, 1.90e-01, 8.07e-01, 4.52e-01, 5.18e-01, 1.79e-01, 8.15e-01]
68000 [2.45e+00, 1.88e-01, 8.03e-01, 4.50e-01, 5.15e-01, 1.78e-01, 8.11e-01]
69000 [2.44e+00, 1.87e-01, 8.01e-01, 4.48e-01, 5.12e-01, 1.77e-01, 8.10e-01]
70000 [2.43e+00, 1.87e-01, 7.97e-01, 4.47e-01, 5.09e-01, 1.76e-01, 8.06e-01]
71000 [2.42e+00, 1.86e-01, 7.93e-01, 4.46e-01, 5.06e-01, 1.76e-01, 8.04e-01]
72000 [2.41e+00, 1.86e-01, 7.90e-01, 4.44e-01, 5.03e-01, 1.75e-01, 8.01e-01]
73000 [2.40e+00, 1.85e-01, 7.86e-01, 4.44e-01, 5.00e-01, 1.75e-01, 7.97e-01]
74000 [2.40e+00, 1.84e-01, 7.84e-01, 4.42e-01, 4.98e-01, 1.74e-01, 7.96e-01]
75000 [2.40e+00, 1.84e-01, 7.81e-01, 4.42e-01, 4.95e-01, 1.74e-01, 7.92e-01]
76000 [2.39e+00, 1.84e-01, 7.79e-01, 4.41e-01, 4.92e-01, 1.74e-01, 7.92e-01]
77000 [2.39e+00, 1.83e-01, 7.75e-01, 4.41e-01, 4.89e-01, 1.74e-01, 7.89e-01]
78000 [2.39e+00, 1.84e-01, 7.73e-01, 4.40e-01, 4.89e-01, 1.73e-01, 7.94e-01]
79000 [2.38e+00, 1.83e-01, 7.71e-01, 4.38e-01, 4.86e-01, 1.73e-01, 7.94e-01]
80000 [2.37e+00, 1.82e-01, 7.68e-01, 4.37e-01, 4.83e-01, 1.72e-01, 7.94e-01]
81000 [2.36e+00, 1.82e-01, 7.66e-01, 4.36e-01, 4.80e-01, 1.72e-01, 7.92e-01]
82000 [2.36e+00, 1.83e-01, 7.64e-01, 4.37e-01, 4.78e-01, 1.72e-01, 7.90e-01]
83000 [2.35e+00, 1.82e-01, 7.63e-01, 4.33e-01, 4.76e-01, 1.71e-01, 7.90e-01]
84000 [2.35e+00, 1.81e-01, 7.61e-01, 4.35e-01, 4.74e-01, 1.72e-01, 7.92e-01]
85000 [2.35e+00, 1.81e-01, 7.58e-01, 4.36e-01, 4.71e-01, 1.72e-01, 7.91e-01]
86000 [2.34e+00, 1.81e-01, 7.56e-01, 4.36e-01, 4.69e-01, 1.72e-01, 7.92e-01]
87000 [2.34e+00, 1.81e-01, 7.56e-01, 4.36e-01, 4.68e-01, 1.72e-01, 7.95e-01]
88000 [2.34e+00, 1.80e-01, 7.54e-01, 4.36e-01, 4.65e-01, 1.72e-01, 7.96e-01]
89000 [2.34e+00, 1.80e-01, 7.52e-01, 4.36e-01, 4.63e-01, 1.71e-01, 8.06e-01]
90000 [2.34e+00, 1.81e-01, 7.52e-01, 4.32e-01, 4.64e-01, 1.70e-01, 8.10e-01]
91000 [2.35e+00, 1.80e-01, 7.51e-01, 4.33e-01, 4.62e-01, 1.70e-01, 8.10e-01]
92000 [2.34e+00, 1.80e-01, 7.49e-01, 4.32e-01, 4.60e-01, 1.70e-01, 8.11e-01]
93000 [2.34e+00, 1.80e-01, 7.47e-01, 4.31e-01, 4.57e-01, 1.70e-01, 8.10e-01]
94000 [2.34e+00, 1.80e-01, 7.46e-01, 4.33e-01, 4.55e-01, 1.71e-01, 8.07e-01]
95000 [2.34e+00, 1.80e-01, 7.46e-01, 4.31e-01, 4.54e-01, 1.70e-01, 8.07e-01]
96000 [2.30e+00, 2.01e-01, 7.45e-01, 4.41e-01, 4.55e-01, 1.72e-01, 8.18e-01]
97000 [2.28e+00, 2.04e-01, 7.45e-01, 4.46e-01, 4.52e-01, 1.76e-01, 8.23e-01]
98000 [2.28e+00, 2.04e-01, 7.46e-01, 4.46e-01, 4.50e-01, 1.76e-01, 8.25e-01]
99000 [2.29e+00, 2.07e-01, 7.50e-01, 4.55e-01, 4.50e-01, 1.79e-01, 8.17e-01]
100000 [2.29e+00, 2.07e-01, 7.51e-01, 4.52e-01, 4.48e-01, 1.79e-01, 8.16e-01]
101000 [2.29e+00, 2.06e-01, 7.53e-01, 4.51e-01, 4.46e-01, 1.78e-01, 8.14e-01]
102000 [2.29e+00, 2.06e-01, 7.54e-01, 4.51e-01, 4.44e-01, 1.78e-01, 8.10e-01]
103000 [2.29e+00, 2.05e-01, 7.55e-01, 4.50e-01, 4.43e-01, 1.78e-01, 8.06e-01]
104000 [2.28e+00, 2.07e-01, 7.56e-01, 4.50e-01, 4.41e-01, 1.78e-01, 8.02e-01]
105000 [2.29e+00, 2.08e-01, 7.57e-01, 4.52e-01, 4.40e-01, 1.79e-01, 8.02e-01]
106000 [2.30e+00, 2.09e-01, 7.59e-01, 4.56e-01, 4.38e-01, 1.80e-01, 8.03e-01]
107000 [2.32e+00, 2.10e-01, 7.61e-01, 4.61e-01, 4.38e-01, 1.82e-01, 8.06e-01]
108000 [2.32e+00, 2.09e-01, 7.62e-01, 4.57e-01, 4.37e-01, 1.80e-01, 8.00e-01]
109000 [2.32e+00, 2.08e-01, 7.62e-01, 4.50e-01, 4.35e-01, 1.78e-01, 8.07e-01]
110000 [2.33e+00, 2.08e-01, 7.63e-01, 4.58e-01, 4.34e-01, 1.80e-01, 8.00e-01]
111000 [2.32e+00, 2.06e-01, 7.63e-01, 4.55e-01, 4.32e-01, 1.80e-01, 8.00e-01]
112000 [2.30e+00, 2.07e-01, 7.64e-01, 4.55e-01, 4.31e-01, 1.80e-01, 8.00e-01]
113000 [2.32e+00, 2.08e-01, 7.65e-01, 4.61e-01, 4.30e-01, 1.81e-01, 8.02e-01]
114000 [2.32e+00, 2.07e-01, 7.65e-01, 4.57e-01, 4.28e-01, 1.80e-01, 8.00e-01]
115000 [2.30e+00, 2.06e-01, 7.65e-01, 4.54e-01, 4.27e-01, 1.79e-01, 8.01e-01]
116000 [2.33e+00, 2.09e-01, 7.65e-01, 4.57e-01, 4.26e-01, 1.81e-01, 8.05e-01]
117000 [2.32e+00, 2.08e-01, 7.66e-01, 4.57e-01, 4.25e-01, 1.80e-01, 8.05e-01]
118000 [2.32e+00, 2.07e-01, 7.66e-01, 4.57e-01, 4.24e-01, 1.80e-01, 8.06e-01]
119000 [2.31e+00, 2.08e-01, 7.66e-01, 4.58e-01, 4.23e-01, 1.80e-01, 8.06e-01]
120000 [2.31e+00, 2.09e-01, 7.67e-01, 4.61e-01, 4.22e-01, 1.82e-01, 8.05e-01]
121000 [2.31e+00, 2.11e-01, 7.68e-01, 4.64e-01, 4.21e-01, 1.83e-01, 8.05e-01]
122000 [2.32e+00, 2.11e-01, 7.69e-01, 4.66e-01, 4.20e-01, 1.84e-01, 8.06e-01]
123000 [2.32e+00, 2.13e-01, 7.71e-01, 4.68e-01, 4.20e-01, 1.85e-01, 8.08e-01]
124000 [2.34e+00, 2.13e-01, 7.73e-01, 4.68e-01, 4.19e-01, 1.85e-01, 8.09e-01]
125000 [2.35e+00, 2.14e-01, 7.74e-01, 4.71e-01, 4.18e-01, 1.86e-01, 8.08e-01]
126000 [2.37e+00, 2.14e-01, 7.78e-01, 4.77e-01, 4.19e-01, 1.87e-01, 8.09e-01]
127000 [2.36e+00, 2.17e-01, 7.79e-01, 4.73e-01, 4.18e-01, 1.87e-01, 8.16e-01]
128000 [2.36e+00, 2.16e-01, 7.81e-01, 4.71e-01, 4.18e-01, 1.87e-01, 8.17e-01]
129000 [2.37e+00, 2.16e-01, 7.84e-01, 4.70e-01, 4.18e-01, 1.86e-01, 8.17e-01]
130000 [2.37e+00, 2.15e-01, 7.84e-01, 4.72e-01, 4.17e-01, 1.86e-01, 8.22e-01]
131000 [2.39e+00, 2.10e-01, 7.84e-01, 4.67e-01, 4.16e-01, 1.83e-01, 8.19e-01]
132000 [2.38e+00, 2.06e-01, 7.82e-01, 4.60e-01, 4.15e-01, 1.81e-01, 8.11e-01]
133000 [2.37e+00, 2.06e-01, 7.80e-01, 4.61e-01, 4.13e-01, 1.80e-01, 8.07e-01]
134000 [2.36e+00, 2.06e-01, 7.79e-01, 4.62e-01, 4.13e-01, 1.80e-01, 8.05e-01]
135000 [2.37e+00, 2.07e-01, 7.78e-01, 4.66e-01, 4.12e-01, 1.82e-01, 7.99e-01]
136000 [2.38e+00, 2.08e-01, 7.77e-01, 4.69e-01, 4.11e-01, 1.83e-01, 8.02e-01]
137000 [2.39e+00, 2.09e-01, 7.78e-01, 4.72e-01, 4.11e-01, 1.85e-01, 8.00e-01]
138000 [2.41e+00, 2.11e-01, 7.78e-01, 4.78e-01, 4.10e-01, 1.86e-01, 8.02e-01]
139000 [2.48e+00, 1.91e-01, 7.81e-01, 4.65e-01, 4.12e-01, 1.82e-01, 8.06e-01]
140000 [2.40e+00, 2.13e-01, 7.80e-01, 4.63e-01, 4.09e-01, 1.82e-01, 8.04e-01]
141000 [2.38e+00, 2.11e-01, 7.80e-01, 4.61e-01, 4.09e-01, 1.82e-01, 8.09e-01]
142000 [2.36e+00, 2.09e-01, 7.80e-01, 4.58e-01, 4.08e-01, 1.81e-01, 8.07e-01]
143000 [2.34e+00, 2.07e-01, 7.79e-01, 4.55e-01, 4.07e-01, 1.80e-01, 8.04e-01]
144000 [2.34e+00, 2.05e-01, 7.78e-01, 4.56e-01, 4.07e-01, 1.80e-01, 8.08e-01]
145000 [2.32e+00, 2.05e-01, 7.77e-01, 4.51e-01, 4.06e-01, 1.78e-01, 8.04e-01]
146000 [2.32e+00, 2.06e-01, 7.77e-01, 4.52e-01, 4.05e-01, 1.78e-01, 8.01e-01]
147000 [2.31e+00, 2.04e-01, 7.75e-01, 4.50e-01, 4.04e-01, 1.77e-01, 7.97e-01]
148000 [2.32e+00, 2.06e-01, 7.75e-01, 4.53e-01, 4.04e-01, 1.78e-01, 7.98e-01]
149000 [2.32e+00, 2.06e-01, 7.74e-01, 4.53e-01, 4.03e-01, 1.78e-01, 7.95e-01]
150000 [2.34e+00, 2.05e-01, 7.72e-01, 4.54e-01, 4.02e-01, 1.78e-01, 7.99e-01]
151000 [2.33e+00, 2.04e-01, 7.72e-01, 4.51e-01, 4.02e-01, 1.78e-01, 8.00e-01]
152000 [2.32e+00, 2.02e-01, 7.71e-01, 4.52e-01, 4.01e-01, 1.78e-01, 8.01e-01]
153000 [2.32e+00, 2.02e-01, 7.70e-01, 4.50e-01, 4.01e-01, 1.77e-01, 8.01e-01]
154000 [2.30e+00, 2.02e-01, 7.70e-01, 4.46e-01, 4.01e-01, 1.76e-01, 7.96e-01]
155000 [2.30e+00, 2.02e-01, 7.68e-01, 4.49e-01, 4.00e-01, 1.77e-01, 7.93e-01]
156000 [2.30e+00, 2.03e-01, 7.67e-01, 4.48e-01, 3.99e-01, 1.77e-01, 7.92e-01]
157000 [2.31e+00, 2.02e-01, 7.65e-01, 4.48e-01, 3.99e-01, 1.76e-01, 8.05e-01]
158000 [2.31e+00, 2.01e-01, 7.63e-01, 4.47e-01, 3.98e-01, 1.75e-01, 8.15e-01]
159000 [2.30e+00, 2.00e-01, 7.62e-01, 4.46e-01, 3.97e-01, 1.75e-01, 8.18e-01]
160000 [2.34e+00, 1.88e-01, 7.61e-01, 4.53e-01, 3.98e-01, 1.77e-01, 8.19e-01]
161000 [2.35e+00, 1.81e-01, 7.59e-01, 4.38e-01, 3.97e-01, 1.72e-01, 8.19e-01]
162000 [2.34e+00, 1.87e-01, 7.56e-01, 4.35e-01, 3.97e-01, 1.74e-01, 8.20e-01]
163000 [2.29e+00, 1.98e-01, 7.57e-01, 4.42e-01, 3.97e-01, 1.73e-01, 8.23e-01]
164000 [2.31e+00, 1.92e-01, 7.56e-01, 4.56e-01, 3.97e-01, 1.78e-01, 8.33e-01]
