# x
1.680000000000000000e+02
3.360000000000000000e+02
6.720000000000000000e+02
7.440000000000000000e+02
8.400000000000000000e+02
1.008000000000000000e+03
1.344000000000000000e+03
1.680000000000000000e+02
3.360000000000000000e+02
6.720000000000000000e+02
7.440000000000000000e+02
8.400000000000000000e+02
1.008000000000000000e+03
1.344000000000000000e+03
1.680000000000000000e+02
3.360000000000000000e+02
6.720000000000000000e+02
7.440000000000000000e+02
8.400000000000000000e+02
1.008000000000000000e+03
1.344000000000000000e+03
1.680000000000000000e+02
3.360000000000000000e+02
6.720000000000000000e+02
7.440000000000000000e+02
8.400000000000000000e+02
1.008000000000000000e+03
1.344000000000000000e+03
1.680000000000000000e+02
3.360000000000000000e+02
6.720000000000000000e+02
7.440000000000000000e+02
8.400000000000000000e+02
1.008000000000000000e+03
1.344000000000000000e+03
1.680000000000000000e+02
3.360000000000000000e+02
6.720000000000000000e+02
7.440000000000000000e+02
8.400000000000000000e+02
1.008000000000000000e+03
1.344000000000000000e+03
1.680000000000000000e+02
3.360000000000000000e+02
6.720000000000000000e+02
7.440000000000000000e+02
8.400000000000000000e+02
1.008000000000000000e+03
1.344000000000000000e+03
1.680000000000000000e+02
3.360000000000000000e+02
6.720000000000000000e+02
7.440000000000000000e+02
8.400000000000000000e+02
1.008000000000000000e+03
1.344000000000000000e+03
1.344000000000000000e+03
1.344000000000000000e+03
1.344000000000000000e+03
1.344000000000000000e+03
0.000000000000000000e+00
1.344000000000000000e+03
0.000000000000000000e+00
6.720000000000000000e+02
3.360000000000000000e+02
1.008000000000000000e+03
1.680000000000000000e+02
8.400000000000000000e+02
5.040000000000000000e+02
1.176000000000000000e+03
8.400000000000000000e+01
7.560000000000000000e+02
4.200000000000000000e+02
1.092000000000000000e+03
2.520000000000000000e+02
9.240000000000000000e+02
5.880000000000000000e+02
1.260000000000000000e+03
4.200000000000000000e+01
7.140000000000000000e+02
3.780000000000000000e+02
1.050000000000000000e+03
2.100000000000000000e+02
8.820000000000000000e+02
5.460000000000000000e+02
1.218000000000000000e+03
1.260000000000000000e+02
7.980000000000000000e+02
4.620000000000000000e+02
1.134000000000000000e+03
2.940000000000000000e+02
9.660000000000000000e+02
6.300000000000000000e+02
1.302000000000000000e+03
2.100000000000000000e+01
6.930000000000000000e+02
3.570000000000000000e+02
1.029000000000000000e+03
1.890000000000000000e+02
8.610000000000000000e+02
5.250000000000000000e+02
1.197000000000000000e+03
1.050000000000000000e+02
7.770000000000000000e+02
4.410000000000000000e+02
1.113000000000000000e+03
2.730000000000000000e+02
9.450000000000000000e+02
6.090000000000000000e+02
1.281000000000000000e+03
6.300000000000000000e+01
7.350000000000000000e+02
3.990000000000000000e+02
1.071000000000000000e+03
2.310000000000000000e+02
9.030000000000000000e+02
5.670000000000000000e+02
1.239000000000000000e+03
1.470000000000000000e+02
8.190000000000000000e+02
4.830000000000000000e+02
1.155000000000000000e+03
3.150000000000000000e+02
9.870000000000000000e+02
6.510000000000000000e+02
1.323000000000000000e+03
1.050000000000000000e+01
6.825000000000000000e+02
3.465000000000000000e+02
1.018500000000000000e+03
1.785000000000000000e+02
8.505000000000000000e+02
5.145000000000000000e+02
1.186500000000000000e+03
9.450000000000000000e+01
7.665000000000000000e+02
4.305000000000000000e+02
1.102500000000000000e+03
2.625000000000000000e+02
9.345000000000000000e+02
5.985000000000000000e+02
1.270500000000000000e+03
5.250000000000000000e+01
7.245000000000000000e+02
3.885000000000000000e+02
1.060500000000000000e+03
2.205000000000000000e+02
8.925000000000000000e+02
5.565000000000000000e+02
1.228500000000000000e+03
1.365000000000000000e+02
8.085000000000000000e+02
4.725000000000000000e+02
1.144500000000000000e+03
3.045000000000000000e+02
9.765000000000000000e+02
6.405000000000000000e+02
1.312500000000000000e+03
3.150000000000000000e+01
7.035000000000000000e+02
3.675000000000000000e+02
1.039500000000000000e+03
1.995000000000000000e+02
