0 [2.52000e+00, 2.16000e-01, 7.74000e-01, 4.87000e-01, 3.62000e-01, 1.90000e-01, 5.70000e-01]
500 [2.50883e+00, 2.20597e-01, 7.77322e-01, 4.86796e-01, 3.62805e-01, 1.92930e-01, 5.71619e-01]
1000 [2.55837e+00, 2.27339e-01, 7.84384e-01, 4.96273e-01, 3.63414e-01, 1.97689e-01, 5.71114e-01]
1500 [2.68698e+00, 2.29801e-01, 7.94874e-01, 5.39639e-01, 3.64285e-01, 2.11480e-01, 5.81210e-01]
2000 [2.79838e+00, 2.34844e-01, 8.08035e-01, 5.39276e-01, 3.65102e-01, 2.12680e-01, 5.80228e-01]
2500 [2.87643e+00, 2.39567e-01, 8.22880e-01, 5.58403e-01, 3.66908e-01, 2.20907e-01, 5.81901e-01]
3000 [2.94007e+00, 2.48063e-01, 8.38943e-01, 5.59992e-01, 3.69141e-01, 2.23115e-01, 5.85877e-01]
3500 [2.98640e+00, 2.67148e-01, 8.57045e-01, 5.87581e-01, 3.71763e-01, 2.32474e-01, 5.83016e-01]
4000 [3.14311e+00, 2.61555e-01, 8.72210e-01, 6.17286e-01, 3.72451e-01, 2.43157e-01, 5.89687e-01]
4500 [3.29123e+00, 2.65983e-01, 8.88977e-01, 6.19208e-01, 3.74634e-01, 2.37593e-01, 5.88941e-01]
5000 [3.29162e+00, 2.70891e-01, 9.05794e-01, 6.19475e-01, 3.77663e-01, 2.43618e-01, 5.91985e-01]
5500 [3.43784e+00, 2.68053e-01, 9.19592e-01, 6.41908e-01, 3.79993e-01, 2.48597e-01, 6.01192e-01]
6000 [3.52565e+00, 2.65776e-01, 9.34380e-01, 6.96089e-01, 3.82665e-01, 2.69038e-01, 6.11908e-01]
6500 [3.64065e+00, 2.78758e-01, 9.51108e-01, 6.43784e-01, 3.86247e-01, 2.50882e-01, 6.23527e-01]
7000 [3.51885e+00, 2.86911e-01, 9.65431e-01, 6.37845e-01, 3.88941e-01, 2.50819e-01, 6.17473e-01]
7500 [3.52461e+00, 2.88515e-01, 9.79170e-01, 6.54085e-01, 3.91161e-01, 2.56229e-01, 6.16756e-01]
8000 [3.61389e+00, 2.91387e-01, 9.93934e-01, 6.73331e-01, 3.93807e-01, 2.62762e-01, 6.15278e-01]
8500 [3.72639e+00, 2.96643e-01, 1.01055e+00, 6.90066e-01, 3.96874e-01, 2.68902e-01, 6.16668e-01]
9000 [3.80105e+00, 2.91781e-01, 1.02863e+00, 7.21198e-01, 4.02609e-01, 2.84869e-01, 6.37467e-01]
9500 [3.80779e+00, 2.71270e-01, 1.04000e+00, 6.85331e-01, 4.04208e-01, 2.71888e-01, 6.37765e-01]
10000 [3.71387e+00, 2.62059e-01, 1.04444e+00, 6.63324e-01, 4.06545e-01, 2.63365e-01, 6.36721e-01]
10500 [3.60800e+00, 2.55605e-01, 1.04337e+00, 6.47796e-01, 4.08457e-01, 2.57096e-01, 6.34667e-01]
11000 [3.51692e+00, 2.50134e-01, 1.03856e+00, 6.34691e-01, 4.10541e-01, 2.51841e-01, 6.32175e-01]
11500 [3.43800e+00, 2.45320e-01, 1.03097e+00, 6.22929e-01, 4.12070e-01, 2.47131e-01, 6.30309e-01]
12000 [3.37091e+00, 2.41261e-01, 1.02182e+00, 6.13093e-01, 4.13753e-01, 2.43174e-01, 6.29056e-01]
12500 [3.30174e+00, 2.42354e-01, 1.01443e+00, 5.96431e-01, 4.16530e-01, 2.34183e-01, 6.25694e-01]
13000 [3.29196e+00, 2.39271e-01, 1.00777e+00, 6.07316e-01, 4.16009e-01, 2.39280e-01, 6.24331e-01]
13500 [3.26505e+00, 2.35853e-01, 9.99614e-01, 5.99595e-01, 4.16550e-01, 2.36959e-01, 6.23092e-01]
14000 [3.23243e+00, 2.32811e-01, 9.90431e-01, 5.92197e-01, 4.17194e-01, 2.34376e-01, 6.23291e-01]
14500 [3.19916e+00, 2.30397e-01, 9.81062e-01, 5.85708e-01, 4.17812e-01, 2.31924e-01, 6.23805e-01]
15000 [3.16818e+00, 2.28109e-01, 9.71528e-01, 5.80253e-01, 4.18111e-01, 2.29886e-01, 6.24056e-01]
15500 [3.14036e+00, 2.26199e-01, 9.62404e-01, 5.74925e-01, 4.18499e-01, 2.27911e-01, 6.24365e-01]
16000 [3.11413e+00, 2.24386e-01, 9.53485e-01, 5.70288e-01, 4.18776e-01, 2.26109e-01, 6.24209e-01]
16500 [3.08532e+00, 2.28525e-01, 9.61040e-01, 5.59000e-01, 4.16884e-01, 2.20431e-01, 6.27230e-01]
17000 [3.05013e+00, 2.26012e-01, 9.55627e-01, 5.52702e-01, 4.17338e-01, 2.17932e-01, 6.26791e-01]
17500 [3.01597e+00, 2.24327e-01, 9.49093e-01, 5.46482e-01, 4.17942e-01, 2.15603e-01, 6.26642e-01]
18000 [2.98524e+00, 2.21939e-01, 9.41502e-01, 5.42529e-01, 4.18045e-01, 2.14041e-01, 6.26344e-01]
18500 [2.95744e+00, 2.20087e-01, 9.33323e-01, 5.37979e-01, 4.18028e-01, 2.12234e-01, 6.25562e-01]
19000 [2.93297e+00, 2.18446e-01, 9.25069e-01, 5.33925e-01, 4.17950e-01, 2.10615e-01, 6.24164e-01]
19500 [2.91083e+00, 2.16881e-01, 9.16911e-01, 5.30069e-01, 4.17755e-01, 2.09100e-01, 6.22193e-01]
20000 [2.89010e+00, 2.15382e-01, 9.08955e-01, 5.26355e-01, 4.17415e-01, 2.07668e-01, 6.19786e-01]
20500 [2.87082e+00, 2.13945e-01, 9.01249e-01, 5.23065e-01, 4.16937e-01, 2.06214e-01, 6.17423e-01]
21000 [2.85332e+00, 2.12873e-01, 8.94256e-01, 5.20390e-01, 4.16693e-01, 2.05064e-01, 6.14988e-01]
21500 [2.83636e+00, 2.11545e-01, 8.87281e-01, 5.17227e-01, 4.16099e-01, 2.04005e-01, 6.12722e-01]
22000 [2.83123e+00, 2.12477e-01, 8.81977e-01, 5.22712e-01, 4.16368e-01, 2.06316e-01, 6.16710e-01]
22500 [2.90751e+00, 2.18389e-01, 8.85571e-01, 5.39024e-01, 4.15361e-01, 2.12032e-01, 6.16638e-01]
23000 [2.90730e+00, 2.15216e-01, 8.83836e-01, 5.30382e-01, 4.15043e-01, 2.09050e-01, 6.19123e-01]
23500 [2.89995e+00, 2.13316e-01, 8.81371e-01, 5.33197e-01, 4.14935e-01, 2.09230e-01, 6.19339e-01]
24000 [2.81406e+00, 2.41913e-01, 8.82947e-01, 5.21599e-01, 4.15040e-01, 2.08415e-01, 6.10153e-01]
24500 [2.87405e+00, 2.51181e-01, 8.95078e-01, 5.71918e-01, 4.15100e-01, 2.23403e-01, 6.02494e-01]
25000 [2.87229e+00, 2.59711e-01, 9.07685e-01, 5.80153e-01, 4.14621e-01, 2.28735e-01, 5.94088e-01]
25500 [3.03085e+00, 2.60211e-01, 9.17536e-01, 6.06102e-01, 4.15777e-01, 2.36525e-01, 6.03973e-01]
26000 [3.14915e+00, 2.65030e-01, 9.27748e-01, 6.26659e-01, 4.16646e-01, 2.44020e-01, 6.09966e-01]
26500 [3.29549e+00, 2.70721e-01, 9.42250e-01, 6.54552e-01, 4.18355e-01, 2.52697e-01, 6.17664e-01]
27000 [3.41397e+00, 2.77853e-01, 9.57765e-01, 6.75504e-01, 4.20669e-01, 2.60356e-01, 6.21280e-01]
27500 [3.52643e+00, 2.84870e-01, 9.74331e-01, 6.87469e-01, 4.22720e-01, 2.67759e-01, 6.32625e-01]
28000 [3.67901e+00, 2.87086e-01, 9.90919e-01, 7.31065e-01, 4.25042e-01, 2.81247e-01, 6.32749e-01]
28500 [3.79401e+00, 2.90451e-01, 1.00573e+00, 7.53406e-01, 4.28069e-01, 2.89964e-01, 6.40389e-01]
29000 [3.88958e+00, 2.97660e-01, 1.02174e+00, 7.49501e-01, 4.30349e-01, 2.93025e-01, 6.44376e-01]
29500 [4.05288e+00, 2.96404e-01, 1.03709e+00, 8.14842e-01, 4.32627e-01, 3.12281e-01, 6.45080e-01]
30000 [3.92330e+00, 3.15616e-01, 1.06130e+00, 7.42302e-01, 4.37379e-01, 2.92673e-01, 6.58212e-01]
30500 [4.00770e+00, 3.17265e-01, 1.08219e+00, 7.94525e-01, 4.40300e-01, 3.09255e-01, 6.53047e-01]
31000 [4.18757e+00, 3.20009e-01, 1.10109e+00, 8.43226e-01, 4.44303e-01, 3.27479e-01, 6.53839e-01]
31500 [4.34539e+00, 3.20694e-01, 1.11593e+00, 8.53911e-01, 4.46726e-01, 3.32162e-01, 6.60226e-01]
32000 [4.29197e+00, 3.40622e-01, 1.13071e+00, 7.27704e-01, 4.52128e-01, 2.92751e-01, 6.65353e-01]
32500 [4.17363e+00, 3.49068e-01, 1.14490e+00, 7.40755e-01, 4.54335e-01, 2.98343e-01, 6.59181e-01]
33000 [4.04926e+00, 3.55664e-01, 1.16272e+00, 7.70918e-01, 4.56425e-01, 3.09205e-01, 6.49165e-01]
33500 [4.09717e+00, 3.52267e-01, 1.18143e+00, 8.23812e-01, 4.58463e-01, 3.25645e-01, 6.47734e-01]
34000 [4.17177e+00, 3.63726e-01, 1.20596e+00, 7.85301e-01, 4.62610e-01, 3.15916e-01, 6.41709e-01]
34500 [4.13030e+00, 3.65441e-01, 1.23088e+00, 8.00104e-01, 4.66990e-01, 3.20919e-01, 6.50133e-01]
35000 [4.11431e+00, 3.67678e-01, 1.25434e+00, 7.93945e-01, 4.71396e-01, 3.19251e-01, 6.46836e-01]
35500 [4.19618e+00, 3.69752e-01, 1.27563e+00, 8.06235e-01, 4.75719e-01, 3.24212e-01, 6.50170e-01]
36000 [4.31571e+00, 3.73511e-01, 1.29738e+00, 8.22714e-01, 4.80568e-01, 3.30355e-01, 6.56499e-01]
36500 [4.44617e+00, 3.77091e-01, 1.31755e+00, 8.40234e-01, 4.85460e-01, 3.35859e-01, 6.63070e-01]
37000 [4.55019e+00, 3.84289e-01, 1.34037e+00, 8.49722e-01, 4.90984e-01, 3.40897e-01, 6.65894e-01]
37500 [4.67274e+00, 3.84130e-01, 1.35862e+00, 8.70992e-01, 4.96225e-01, 3.47529e-01, 6.72538e-01]
38000 [4.70319e+00, 3.41180e-01, 1.37038e+00, 8.46339e-01, 5.02404e-01, 3.35813e-01, 6.80197e-01]
38500 [4.62635e+00, 3.30782e-01, 1.36175e+00, 8.29427e-01, 5.04689e-01, 3.28539e-01, 6.76470e-01]
39000 [4.50638e+00, 3.18718e-01, 1.34814e+00, 8.04085e-01, 5.07469e-01, 3.19266e-01, 6.73906e-01]
39500 [4.37392e+00, 3.09507e-01, 1.32813e+00, 7.83713e-01, 5.10191e-01, 3.10825e-01, 6.69712e-01]
40000 [4.25253e+00, 3.01474e-01, 1.30478e+00, 7.65091e-01, 5.12420e-01, 3.03262e-01, 6.65321e-01]
40500 [4.14361e+00, 2.94541e-01, 1.27987e+00, 7.48721e-01, 5.14474e-01, 2.96558e-01, 6.61710e-01]
41000 [4.05091e+00, 2.88546e-01, 1.25502e+00, 7.34193e-01, 5.15896e-01, 2.90717e-01, 6.58073e-01]
41500 [4.00990e+00, 2.99439e-01, 1.24201e+00, 7.34427e-01, 5.17006e-01, 2.89010e-01, 6.61188e-01]
42000 [3.93636e+00, 2.88189e-01, 1.23011e+00, 7.03767e-01, 5.17909e-01, 2.77893e-01, 6.59495e-01]
42500 [3.85626e+00, 2.84601e-01, 1.21375e+00, 7.00634e-01, 5.18584e-01, 2.76701e-01, 6.53387e-01]
43000 [3.81057e+00, 2.80038e-01, 1.19790e+00, 6.92506e-01, 5.18981e-01, 2.73408e-01, 6.48486e-01]
43500 [3.76481e+00, 2.76557e-01, 1.18196e+00, 6.85008e-01, 5.19106e-01, 2.70458e-01, 6.43275e-01]
44000 [3.73463e+00, 2.76616e-01, 1.17009e+00, 6.91162e-01, 5.19461e-01, 2.74201e-01, 6.37431e-01]
44500 [3.71309e+00, 2.68534e-01, 1.15579e+00, 6.78553e-01, 5.18816e-01, 2.68537e-01, 6.36170e-01]
45000 [3.68096e+00, 2.66957e-01, 1.14104e+00, 6.63076e-01, 5.18360e-01, 2.63519e-01, 6.35361e-01]
45500 [3.66370e+00, 2.65523e-01, 1.13037e+00, 6.74802e-01, 5.17433e-01, 2.67399e-01, 6.33081e-01]
46000 [3.61997e+00, 2.64603e-01, 1.11702e+00, 6.57821e-01, 5.16457e-01, 2.60079e-01, 6.29727e-01]
46500 [3.59287e+00, 2.65251e-01, 1.11212e+00, 6.48044e-01, 5.17441e-01, 2.55829e-01, 6.28863e-01]
47000 [3.54270e+00, 2.61305e-01, 1.10500e+00, 6.38362e-01, 5.16233e-01, 2.51894e-01, 6.27620e-01]
47500 [3.48298e+00, 2.57537e-01, 1.09425e+00, 6.29471e-01, 5.14476e-01, 2.48188e-01, 6.25263e-01]
48000 [3.42961e+00, 2.55402e-01, 1.08213e+00, 6.24732e-01, 5.12663e-01, 2.46427e-01, 6.24664e-01]
48500 [3.39105e+00, 2.52056e-01, 1.07015e+00, 6.15835e-01, 5.10598e-01, 2.42918e-01, 6.22824e-01]
49000 [3.40994e+00, 2.49439e-01, 1.05954e+00, 6.33773e-01, 5.08050e-01, 2.50512e-01, 6.21739e-01]
49500 [3.36164e+00, 2.49374e-01, 1.05038e+00, 6.14120e-01, 5.06306e-01, 2.43096e-01, 6.24340e-01]
50000 [3.37097e+00, 2.45266e-01, 1.03997e+00, 6.21434e-01, 5.03883e-01, 2.45624e-01, 6.27165e-01]
50500 [3.36968e+00, 2.44278e-01, 1.02924e+00, 6.20065e-01, 5.01363e-01, 2.44101e-01, 6.29914e-01]
51000 [3.34013e+00, 2.44861e-01, 1.01925e+00, 5.98939e-01, 4.99101e-01, 2.36252e-01, 6.29455e-01]
51500 [3.26837e+00, 2.42226e-01, 1.01137e+00, 5.91581e-01, 4.96730e-01, 2.33554e-01, 6.27256e-01]
52000 [3.22168e+00, 2.39473e-01, 1.00249e+00, 5.85432e-01, 4.94038e-01, 2.30805e-01, 6.27259e-01]
52500 [3.18662e+00, 2.37008e-01, 9.93639e-01, 5.79385e-01, 4.91329e-01, 2.28560e-01, 6.28722e-01]
53000 [3.15625e+00, 2.34828e-01, 9.84685e-01, 5.74008e-01, 4.88412e-01, 2.26448e-01, 6.31985e-01]
53500 [3.12912e+00, 2.33085e-01, 9.75974e-01, 5.70280e-01, 4.85441e-01, 2.24690e-01, 6.36986e-01]
54000 [3.10465e+00, 2.31207e-01, 9.67541e-01, 5.65229e-01, 4.82495e-01, 2.22973e-01, 6.43500e-01]
54500 [3.08096e+00, 2.29493e-01, 9.59234e-01, 5.60986e-01, 4.79414e-01, 2.21286e-01, 6.52423e-01]
55000 [3.05888e+00, 2.28003e-01, 9.51206e-01, 5.57245e-01, 4.76297e-01, 2.19851e-01, 6.64564e-01]
55500 [3.07447e+00, 2.24389e-01, 9.44483e-01, 5.65237e-01, 4.73851e-01, 2.24222e-01, 6.81000e-01]
56000 [3.09385e+00, 2.26577e-01, 9.39024e-01, 5.74255e-01, 4.72012e-01, 2.26787e-01, 6.86502e-01]
56500 [3.09512e+00, 2.24559e-01, 9.34674e-01, 5.67322e-01, 4.69677e-01, 2.23861e-01, 6.92311e-01]
57000 [3.07355e+00, 2.25189e-01, 9.30223e-01, 5.63109e-01, 4.67251e-01, 2.22607e-01, 7.04453e-01]
57500 [3.07062e+00, 2.23911e-01, 9.25506e-01, 5.69101e-01, 4.64794e-01, 2.25299e-01, 7.15321e-01]
58000 [3.09527e+00, 2.70980e-01, 9.41169e-01, 6.10897e-01, 4.61486e-01, 2.46065e-01, 7.13723e-01]
58500 [3.28639e+00, 2.74232e-01, 9.53837e-01, 6.55942e-01, 4.59826e-01, 2.61390e-01, 7.42978e-01]
59000 [3.46797e+00, 2.79073e-01, 9.68072e-01, 6.90904e-01, 4.60024e-01, 2.71927e-01, 7.59153e-01]
59500 [3.62360e+00, 2.86333e-01, 9.84985e-01, 7.20446e-01, 4.61316e-01, 2.81314e-01, 7.68626e-01]
60000 [3.77579e+00, 2.94404e-01, 1.00526e+00, 7.48726e-01, 4.63150e-01, 2.90992e-01, 7.73428e-01]
60500 [3.80366e+00, 2.80345e-01, 1.02819e+00, 6.98015e-01, 4.67488e-01, 2.72999e-01, 7.79721e-01]
61000 [3.77814e+00, 3.04634e-01, 1.04270e+00, 7.11392e-01, 4.68857e-01, 2.80558e-01, 7.93990e-01]
61500 [3.85313e+00, 3.21436e-01, 1.07736e+00, 7.35738e-01, 4.70607e-01, 2.89271e-01, 7.99831e-01]
62000 [3.95405e+00, 3.21881e-01, 1.09441e+00, 7.52090e-01, 4.72471e-01, 2.95148e-01, 7.97348e-01]
62500 [4.04352e+00, 3.23580e-01, 1.11156e+00, 7.60932e-01, 4.74887e-01, 2.98633e-01, 7.96809e-01]
63000 [4.09024e+00, 3.35050e-01, 1.13117e+00, 7.51381e-01, 4.77971e-01, 2.93758e-01, 7.97000e-01]
63500 [4.16688e+00, 3.13572e-01, 1.14508e+00, 7.76449e-01, 4.78144e-01, 3.06042e-01, 7.68189e-01]
64000 [4.09606e+00, 3.00644e-01, 1.15706e+00, 7.40359e-01, 4.80074e-01, 2.92399e-01, 7.64810e-01]
64500 [3.99588e+00, 2.90850e-01, 1.16133e+00, 7.16877e-01, 4.81211e-01, 2.83351e-01, 7.59688e-01]
65000 [3.89468e+00, 2.83408e-01, 1.15966e+00, 6.98192e-01, 4.82454e-01, 2.76029e-01, 7.54675e-01]
65500 [3.80377e+00, 2.77484e-01, 1.15369e+00, 6.83821e-01, 4.83722e-01, 2.70272e-01, 7.50822e-01]
66000 [3.75187e+00, 2.70521e-01, 1.14377e+00, 6.87858e-01, 4.84231e-01, 2.70599e-01, 7.41769e-01]
66500 [3.70934e+00, 2.64605e-01, 1.12977e+00, 6.73797e-01, 4.84778e-01, 2.65795e-01, 7.40931e-01]
67000 [3.65085e+00, 2.61537e-01, 1.11539e+00, 6.64094e-01, 4.85220e-01, 2.63178e-01, 7.44694e-01]
67500 [3.59286e+00, 2.58770e-01, 1.10210e+00, 6.57887e-01, 4.85596e-01, 2.60886e-01, 7.48979e-01]
68000 [3.55130e+00, 2.57340e-01, 1.08991e+00, 6.52353e-01, 4.85767e-01, 2.58244e-01, 7.52614e-01]
68500 [3.47593e+00, 2.57651e-01, 1.07951e+00, 6.29361e-01, 4.86778e-01, 2.47900e-01, 7.59847e-01]
69000 [3.41706e+00, 2.53670e-01, 1.06972e+00, 6.20112e-01, 4.86114e-01, 2.44450e-01, 7.60302e-01]
69500 [3.36156e+00, 2.49808e-01, 1.05816e+00, 6.10402e-01, 4.85219e-01, 2.40782e-01, 7.59907e-01]
70000 [3.31927e+00, 2.49227e-01, 1.04767e+00, 6.10867e-01, 4.84301e-01, 2.40325e-01, 7.55471e-01]
70500 [3.29564e+00, 2.45209e-01, 1.03649e+00, 5.99918e-01, 4.82922e-01, 2.36549e-01, 7.51925e-01]
71000 [3.28101e+00, 2.41651e-01, 1.02565e+00, 6.04829e-01, 4.81419e-01, 2.38789e-01, 7.51126e-01]
71500 [3.24792e+00, 2.42589e-01, 1.01751e+00, 5.92290e-01, 4.81261e-01, 2.33981e-01, 7.53549e-01]
72000 [3.21185e+00, 2.38965e-01, 1.00730e+00, 5.84140e-01, 4.79780e-01, 2.30655e-01, 7.56081e-01]
72500 [3.17501e+00, 2.36355e-01, 9.96503e-01, 5.77747e-01, 4.78371e-01, 2.27995e-01, 7.59054e-01]
73000 [3.14155e+00, 2.34008e-01, 9.86087e-01, 5.71966e-01, 4.76616e-01, 2.25656e-01, 7.63963e-01]
73500 [3.12279e+00, 2.33041e-01, 9.80330e-01, 5.69807e-01, 4.76007e-01, 2.24953e-01, 7.63908e-01]
74000 [3.09808e+00, 2.30782e-01, 9.71929e-01, 5.64213e-01, 4.73791e-01, 2.22690e-01, 7.68361e-01]
74500 [3.07058e+00, 2.28823e-01, 9.62361e-01, 5.59485e-01, 4.71694e-01, 2.20694e-01, 7.76771e-01]
75000 [3.04504e+00, 2.26894e-01, 9.53086e-01, 5.54765e-01, 4.69648e-01, 2.18784e-01, 7.87472e-01]
75500 [3.02074e+00, 2.25076e-01, 9.44240e-01, 5.50371e-01, 4.67416e-01, 2.17036e-01, 7.99826e-01]
76000 [2.99799e+00, 2.23385e-01, 9.35820e-01, 5.46155e-01, 4.65183e-01, 2.15379e-01, 8.13937e-01]
76500 [2.97702e+00, 2.21980e-01, 9.27929e-01, 5.42688e-01, 4.62770e-01, 2.14033e-01, 8.28103e-01]
77000 [2.97222e+00, 2.22535e-01, 9.22128e-01, 5.46510e-01, 4.60350e-01, 2.15592e-01, 8.26830e-01]
77500 [2.97589e+00, 2.21475e-01, 9.16669e-01, 5.45510e-01, 4.58026e-01, 2.15315e-01, 8.25447e-01]
78000 [2.95450e+00, 2.23614e-01, 9.20153e-01, 5.42603e-01, 4.60391e-01, 2.14709e-01, 8.41059e-01]
78500 [2.97180e+00, 2.22610e-01, 9.19374e-01, 5.52966e-01, 4.59241e-01, 2.17714e-01, 8.52879e-01]
79000 [2.99188e+00, 2.21088e-01, 9.16366e-01, 5.55853e-01, 4.58078e-01, 2.18803e-01, 8.58954e-01]
79500 [3.00567e+00, 2.22773e-01, 9.13109e-01, 5.53468e-01, 4.56216e-01, 2.17431e-01, 8.55850e-01]
80000 [3.01198e+00, 2.25177e-01, 9.11702e-01, 5.41618e-01, 4.54744e-01, 2.14400e-01, 8.63468e-01]
80500 [3.00185e+00, 2.22718e-01, 9.10289e-01, 5.47865e-01, 4.52706e-01, 2.16136e-01, 8.58834e-01]
81000 [2.98129e+00, 2.24125e-01, 9.09828e-01, 5.46739e-01, 4.53692e-01, 2.15944e-01, 8.60232e-01]
81500 [2.96833e+00, 2.21412e-01, 9.08294e-01, 5.41340e-01, 4.51823e-01, 2.13469e-01, 8.60953e-01]
82000 [2.94764e+00, 2.19605e-01, 9.05454e-01, 5.37103e-01, 4.50224e-01, 2.11756e-01, 8.62209e-01]
82500 [2.92702e+00, 2.18001e-01, 9.01781e-01, 5.33194e-01, 4.48619e-01, 2.10198e-01, 8.64912e-01]
83000 [2.90806e+00, 2.16652e-01, 8.97742e-01, 5.29850e-01, 4.47016e-01, 2.08901e-01, 8.69483e-01]
83500 [2.89068e+00, 2.15558e-01, 8.93621e-01, 5.27254e-01, 4.45540e-01, 2.07952e-01, 8.73763e-01]
84000 [2.87415e+00, 2.14427e-01, 8.89172e-01, 5.24198e-01, 4.43780e-01, 2.06784e-01, 8.76584e-01]
84500 [2.85922e+00, 2.13357e-01, 8.84675e-01, 5.21635e-01, 4.42024e-01, 2.05754e-01, 8.77397e-01]
85000 [2.84495e+00, 2.12258e-01, 8.79986e-01, 5.19108e-01, 4.40156e-01, 2.04734e-01, 8.77848e-01]
85500 [2.83082e+00, 2.11189e-01, 8.75288e-01, 5.16563e-01, 4.38307e-01, 2.03545e-01, 8.78383e-01]
86000 [2.81710e+00, 2.10231e-01, 8.70719e-01, 5.14232e-01, 4.36582e-01, 2.02589e-01, 8.79816e-01]
86500 [2.80365e+00, 2.09191e-01, 8.66062e-01, 5.11407e-01, 4.34697e-01, 2.01672e-01, 8.82685e-01]
87000 [2.79107e+00, 2.08399e-01, 8.61593e-01, 5.09401e-01, 4.32961e-01, 2.00630e-01, 8.86169e-01]
87500 [2.77923e+00, 2.07396e-01, 8.57184e-01, 5.07182e-01, 4.31093e-01, 1.99965e-01, 8.90741e-01]
88000 [2.76819e+00, 2.06576e-01, 8.52969e-01, 5.05149e-01, 4.29292e-01, 1.99175e-01, 8.96013e-01]
88500 [2.77592e+00, 2.08827e-01, 8.52022e-01, 5.09795e-01, 4.27967e-01, 2.00731e-01, 9.09786e-01]
89000 [2.77304e+00, 2.07129e-01, 8.49649e-01, 5.06187e-01, 4.26342e-01, 1.99620e-01, 9.15711e-01]
89500 [2.76105e+00, 2.06057e-01, 8.46663e-01, 5.03633e-01, 4.24574e-01, 1.98627e-01, 9.18985e-01]
90000 [2.74934e+00, 2.05315e-01, 8.43611e-01, 5.01662e-01, 4.22988e-01, 1.97755e-01, 9.23358e-01]
90500 [2.73862e+00, 2.04336e-01, 8.40369e-01, 4.99522e-01, 4.21221e-01, 1.97001e-01, 9.27709e-01]
91000 [2.72824e+00, 2.03514e-01, 8.37040e-01, 4.97623e-01, 4.19422e-01, 1.96123e-01, 9.30518e-01]
91500 [2.71840e+00, 2.02819e-01, 8.33793e-01, 4.95867e-01, 4.17776e-01, 1.95489e-01, 9.31787e-01]
92000 [2.70882e+00, 2.02116e-01, 8.30563e-01, 4.94088e-01, 4.16172e-01, 1.94808e-01, 9.31892e-01]
92500 [2.69914e+00, 2.01387e-01, 8.27336e-01, 4.92338e-01, 4.14551e-01, 1.94094e-01, 9.31331e-01]
93000 [2.68956e+00, 2.00678e-01, 8.24108e-01, 4.90451e-01, 4.12898e-01, 1.93408e-01, 9.31532e-01]
93500 [2.68018e+00, 1.99956e-01, 8.20989e-01, 4.88923e-01, 4.11350e-01, 1.92696e-01, 9.34774e-01]
94000 [2.67171e+00, 1.99208e-01, 8.17802e-01, 4.87173e-01, 4.09676e-01, 1.92011e-01, 9.35297e-01]
94500 [2.66326e+00, 1.98690e-01, 8.14855e-01, 4.85571e-01, 4.08280e-01, 1.91516e-01, 9.37646e-01]
95000 [2.65513e+00, 1.98003e-01, 8.11838e-01, 4.84024e-01, 4.06686e-01, 1.90837e-01, 9.40434e-01]
95500 [2.64690e+00, 1.97322e-01, 8.08903e-01, 4.82421e-01, 4.05191e-01, 1.90192e-01, 9.43006e-01]
96000 [2.63832e+00, 1.96717e-01, 8.06097e-01, 4.80977e-01, 4.03708e-01, 1.89653e-01, 9.48426e-01]
96500 [2.63089e+00, 1.96091e-01, 8.03361e-01, 4.79515e-01, 4.02276e-01, 1.89050e-01, 9.47848e-01]
97000 [2.62319e+00, 1.95581e-01, 8.00724e-01, 4.78240e-01, 4.00912e-01, 1.88547e-01, 9.48827e-01]
97500 [2.61582e+00, 1.95035e-01, 7.98117e-01, 4.76829e-01, 3.99442e-01, 1.87994e-01, 9.50941e-01]
98000 [2.60891e+00, 1.94638e-01, 7.95767e-01, 4.75565e-01, 3.98080e-01, 1.87620e-01, 9.53599e-01]
98500 [2.60210e+00, 1.94035e-01, 7.93365e-01, 4.74452e-01, 3.96811e-01, 1.87042e-01, 9.56542e-01]
99000 [2.59545e+00, 1.93947e-01, 7.91369e-01, 4.73760e-01, 3.95361e-01, 1.86762e-01, 9.61010e-01]
99500 [2.59187e+00, 1.93806e-01, 7.89662e-01, 4.73615e-01, 3.94172e-01, 1.86636e-01, 9.70094e-01]
100000 [2.58692e+00, 1.93108e-01, 7.87692e-01, 4.72204e-01, 3.92908e-01, 1.86187e-01, 9.74624e-01]
100500 [2.58093e+00, 1.92660e-01, 7.86501e-01, 4.71078e-01, 3.92766e-01, 1.85731e-01, 9.73334e-01]
101000 [2.57652e+00, 1.92392e-01, 7.84776e-01, 4.70297e-01, 3.91258e-01, 1.85496e-01, 9.84591e-01]
101500 [2.57215e+00, 1.92072e-01, 7.83135e-01, 4.69313e-01, 3.89986e-01, 1.84998e-01, 9.93937e-01]
102000 [2.56830e+00, 1.91668e-01, 7.81443e-01, 4.68529e-01, 3.88811e-01, 1.84761e-01, 9.97295e-01]
102500 [2.56359e+00, 1.91244e-01, 7.79574e-01, 4.67495e-01, 3.87643e-01, 1.84371e-01, 9.99543e-01]
103000 [2.55796e+00, 1.90714e-01, 7.77612e-01, 4.66409e-01, 3.86498e-01, 1.83870e-01, 1.00212e+00]
103500 [2.55339e+00, 1.90485e-01, 7.75902e-01, 4.65794e-01, 3.85431e-01, 1.83618e-01, 1.00681e+00]
104000 [2.54886e+00, 1.90077e-01, 7.74268e-01, 4.64637e-01, 3.84504e-01, 1.83220e-01, 1.00831e+00]
104500 [2.54415e+00, 1.90068e-01, 7.72853e-01, 4.64101e-01, 3.83519e-01, 1.83092e-01, 1.01182e+00]
105000 [2.54212e+00, 1.89888e-01, 7.71606e-01, 4.63929e-01, 3.82598e-01, 1.83030e-01, 1.01464e+00]
105500 [2.53933e+00, 1.89469e-01, 7.70528e-01, 4.63227e-01, 3.81385e-01, 1.82642e-01, 1.01683e+00]
106000 [2.53566e+00, 1.89149e-01, 7.69583e-01, 4.62260e-01, 3.80433e-01, 1.82315e-01, 1.02136e+00]
106500 [2.53174e+00, 1.88881e-01, 7.68518e-01, 4.61351e-01, 3.79476e-01, 1.81875e-01, 1.02724e+00]
107000 [2.52369e+00, 1.89764e-01, 7.67755e-01, 4.63653e-01, 3.79015e-01, 1.82500e-01, 1.04733e+00]
107500 [2.52783e+00, 1.88517e-01, 7.66657e-01, 4.60817e-01, 3.77830e-01, 1.81697e-01, 1.06156e+00]
108000 [2.52271e+00, 1.88101e-01, 7.65221e-01, 4.59837e-01, 3.76918e-01, 1.81294e-01, 1.06432e+00]
108500 [2.51818e+00, 1.87750e-01, 7.63800e-01, 4.59007e-01, 3.76075e-01, 1.80975e-01, 1.06560e+00]
109000 [2.51412e+00, 1.87497e-01, 7.62629e-01, 4.58327e-01, 3.75190e-01, 1.80705e-01, 1.06947e+00]
109500 [2.51004e+00, 1.87218e-01, 7.61298e-01, 4.57563e-01, 3.74390e-01, 1.80411e-01, 1.07220e+00]
110000 [2.50600e+00, 1.86956e-01, 7.60139e-01, 4.57244e-01, 3.73860e-01, 1.80405e-01, 1.07937e+00]
110500 [2.50299e+00, 1.86785e-01, 7.58968e-01, 4.56627e-01, 3.72835e-01, 1.80001e-01, 1.08189e+00]
111000 [2.50027e+00, 1.86501e-01, 7.57777e-01, 4.55874e-01, 3.72011e-01, 1.79749e-01, 1.08531e+00]
111500 [2.49728e+00, 1.86250e-01, 7.56631e-01, 4.55326e-01, 3.71248e-01, 1.79505e-01, 1.08856e+00]
112000 [2.49392e+00, 1.86098e-01, 7.55555e-01, 4.54839e-01, 3.70493e-01, 1.79332e-01, 1.09150e+00]
112500 [2.49133e+00, 1.85879e-01, 7.54557e-01, 4.54285e-01, 3.69760e-01, 1.79125e-01, 1.09717e+00]
113000 [2.48842e+00, 1.85898e-01, 7.53714e-01, 4.54903e-01, 3.69085e-01, 1.79184e-01, 1.10115e+00]
113500 [2.48703e+00, 1.85640e-01, 7.53004e-01, 4.54268e-01, 3.68402e-01, 1.79037e-01, 1.10698e+00]
114000 [2.48877e+00, 1.85537e-01, 7.52410e-01, 4.56159e-01, 3.67766e-01, 1.79642e-01, 1.11670e+00]
114500 [2.48506e+00, 1.85464e-01, 7.51667e-01, 4.53199e-01, 3.67016e-01, 1.78704e-01, 1.11773e+00]
115000 [2.48185e+00, 1.85242e-01, 7.50805e-01, 4.52600e-01, 3.66425e-01, 1.78528e-01, 1.11705e+00]
115500 [2.47804e+00, 1.84870e-01, 7.49882e-01, 4.51639e-01, 3.65752e-01, 1.78223e-01, 1.12237e+00]
116000 [2.47492e+00, 1.84619e-01, 7.48970e-01, 4.51124e-01, 3.65076e-01, 1.77914e-01, 1.12503e+00]
116500 [2.47202e+00, 1.84472e-01, 7.48053e-01, 4.50938e-01, 3.64546e-01, 1.77772e-01, 1.12562e+00]
117000 [2.46925e+00, 1.84130e-01, 7.47151e-01, 4.50233e-01, 3.63801e-01, 1.77517e-01, 1.12981e+00]
117500 [2.46678e+00, 1.83999e-01, 7.46290e-01, 4.49712e-01, 3.63249e-01, 1.77289e-01, 1.13306e+00]
118000 [2.46345e+00, 1.84248e-01, 7.45836e-01, 4.49934e-01, 3.63858e-01, 1.77568e-01, 1.15044e+00]
118500 [2.46374e+00, 1.83837e-01, 7.45122e-01, 4.49223e-01, 3.62983e-01, 1.77077e-01, 1.15070e+00]
119000 [2.46140e+00, 1.83632e-01, 7.44303e-01, 4.48728e-01, 3.62122e-01, 1.76924e-01, 1.15085e+00]
119500 [2.45838e+00, 1.83980e-01, 7.43940e-01, 4.49805e-01, 3.61563e-01, 1.76781e-01, 1.16839e+00]
120000 [2.45890e+00, 1.83410e-01, 7.43127e-01, 4.48274e-01, 3.60760e-01, 1.76701e-01, 1.16119e+00]
120500 [2.45763e+00, 1.83809e-01, 7.43007e-01, 4.49498e-01, 3.60403e-01, 1.77146e-01, 1.17273e+00]
121000 [2.46000e+00, 1.85436e-01, 7.44730e-01, 4.45187e-01, 3.61725e-01, 1.76153e-01, 1.17391e+00]
121500 [2.45582e+00, 1.86153e-01, 7.45650e-01, 4.53442e-01, 3.60826e-01, 1.78729e-01, 1.17578e+00]
122000 [2.46539e+00, 1.84770e-01, 7.45904e-01, 4.51230e-01, 3.60242e-01, 1.77705e-01, 1.18323e+00]
122500 [2.47071e+00, 1.84724e-01, 7.47607e-01, 4.51143e-01, 3.60281e-01, 1.77894e-01, 1.19361e+00]
123000 [2.47053e+00, 1.84697e-01, 7.47042e-01, 4.51276e-01, 3.59686e-01, 1.77902e-01, 1.19499e+00]
123500 [2.47002e+00, 1.84593e-01, 7.46458e-01, 4.51038e-01, 3.59156e-01, 1.77808e-01, 1.19601e+00]
124000 [2.46822e+00, 1.84402e-01, 7.45946e-01, 4.50578e-01, 3.58777e-01, 1.77652e-01, 1.19893e+00]
124500 [2.46567e+00, 1.84213e-01, 7.45281e-01, 4.50057e-01, 3.58339e-01, 1.77447e-01, 1.20279e+00]
125000 [2.46319e+00, 1.84079e-01, 7.44948e-01, 4.49147e-01, 3.58006e-01, 1.77335e-01, 1.21240e+00]
125500 [2.46196e+00, 1.83936e-01, 7.44468e-01, 4.49491e-01, 3.57512e-01, 1.77197e-01, 1.22503e+00]
126000 [2.46061e+00, 1.83820e-01, 7.43964e-01, 4.49257e-01, 3.57021e-01, 1.77169e-01, 1.23143e+00]
126500 [2.45942e+00, 1.83666e-01, 7.43495e-01, 4.48806e-01, 3.56609e-01, 1.76982e-01, 1.23215e+00]
127000 [2.45826e+00, 1.83593e-01, 7.43183e-01, 4.48545e-01, 3.56447e-01, 1.76965e-01, 1.23623e+00]
127500 [2.45621e+00, 1.83384e-01, 7.42677e-01, 4.48312e-01, 3.55980e-01, 1.76769e-01, 1.23676e+00]
128000 [2.45445e+00, 1.83277e-01, 7.42144e-01, 4.48263e-01, 3.55526e-01, 1.76723e-01, 1.24059e+00]
128500 [2.45099e+00, 1.83271e-01, 7.41842e-01, 4.47758e-01, 3.55058e-01, 1.76485e-01, 1.25106e+00]
129000 [2.45218e+00, 1.83277e-01, 7.41199e-01, 4.47850e-01, 3.54685e-01, 1.76580e-01, 1.25799e+00]
129500 [2.45218e+00, 1.83109e-01, 7.40810e-01, 4.47368e-01, 3.54292e-01, 1.76405e-01, 1.26268e+00]
130000 [2.45026e+00, 1.82886e-01, 7.40288e-01, 4.46842e-01, 3.53944e-01, 1.76223e-01, 1.26602e+00]
130500 [2.44809e+00, 1.82703e-01, 7.39694e-01, 4.46482e-01, 3.53529e-01, 1.76028e-01, 1.26899e+00]
131000 [2.44617e+00, 1.82586e-01, 7.39201e-01, 4.46400e-01, 3.53172e-01, 1.75931e-01, 1.27417e+00]
131500 [2.53593e+00, 2.10090e-01, 7.52007e-01, 4.95392e-01, 3.55203e-01, 1.94160e-01, 1.21677e+00]
132000 [2.62142e+00, 2.14700e-01, 7.55955e-01, 5.11768e-01, 3.55415e-01, 1.99152e-01, 1.22506e+00]
132500 [2.70816e+00, 2.00431e-01, 7.63201e-01, 5.05746e-01, 3.54871e-01, 1.99437e-01, 1.25661e+00]
133000 [2.71244e+00, 1.96090e-01, 7.67179e-01, 4.95542e-01, 3.55026e-01, 1.95795e-01, 1.25885e+00]
133500 [2.69444e+00, 1.94194e-01, 7.69902e-01, 4.91743e-01, 3.55364e-01, 1.94383e-01, 1.26077e+00]
134000 [2.67573e+00, 1.93075e-01, 7.71823e-01, 4.89156e-01, 3.55852e-01, 1.93461e-01, 1.26305e+00]
134500 [2.65958e+00, 1.91981e-01, 7.72810e-01, 4.86964e-01, 3.56238e-01, 1.92600e-01, 1.26680e+00]
135000 [2.64638e+00, 1.91274e-01, 7.73167e-01, 4.84958e-01, 3.56712e-01, 1.91947e-01, 1.27152e+00]
135500 [2.63578e+00, 1.90475e-01, 7.72841e-01, 4.83461e-01, 3.56995e-01, 1.91141e-01, 1.27675e+00]
136000 [2.62781e+00, 1.89916e-01, 7.72339e-01, 4.82352e-01, 3.57378e-01, 1.90884e-01, 1.28144e+00]
136500 [2.62141e+00, 1.89526e-01, 7.71632e-01, 4.81218e-01, 3.57783e-01, 1.90546e-01, 1.28574e+00]
137000 [2.61600e+00, 1.89125e-01, 7.70711e-01, 4.80497e-01, 3.58105e-01, 1.90052e-01, 1.28955e+00]
137500 [2.61161e+00, 1.88811e-01, 7.69786e-01, 4.79734e-01, 3.58413e-01, 1.89821e-01, 1.29201e+00]
138000 [2.60774e+00, 1.88487e-01, 7.68775e-01, 4.78767e-01, 3.58608e-01, 1.89574e-01, 1.29328e+00]
138500 [2.58912e+00, 1.89664e-01, 7.68779e-01, 4.77237e-01, 3.59084e-01, 1.87733e-01, 1.30754e+00]
139000 [2.59768e+00, 1.88135e-01, 7.67708e-01, 4.76299e-01, 3.59254e-01, 1.87780e-01, 1.31319e+00]
139500 [2.59800e+00, 1.87791e-01, 7.66275e-01, 4.75941e-01, 3.59260e-01, 1.87951e-01, 1.31485e+00]
140000 [2.58852e+00, 1.89904e-01, 7.65412e-01, 4.64500e-01, 3.59472e-01, 1.83836e-01, 1.31431e+00]
140500 [2.56784e+00, 1.92561e-01, 7.70541e-01, 4.71159e-01, 3.61458e-01, 1.85799e-01, 1.33724e+00]
141000 [2.56414e+00, 1.91303e-01, 7.71126e-01, 4.67767e-01, 3.61312e-01, 1.84538e-01, 1.33586e+00]
141500 [2.55390e+00, 1.90371e-01, 7.70743e-01, 4.65363e-01, 3.61327e-01, 1.83558e-01, 1.33641e+00]
142000 [2.54337e+00, 1.89626e-01, 7.69895e-01, 4.63454e-01, 3.61352e-01, 1.82822e-01, 1.33818e+00]
142500 [2.53439e+00, 1.88973e-01, 7.68738e-01, 4.61807e-01, 3.61363e-01, 1.82151e-01, 1.34075e+00]
143000 [2.52676e+00, 1.88424e-01, 7.67382e-01, 4.60540e-01, 3.61437e-01, 1.81604e-01, 1.34391e+00]
143500 [2.51970e+00, 1.87837e-01, 7.65793e-01, 4.59109e-01, 3.61264e-01, 1.81018e-01, 1.34523e+00]
144000 [2.51230e+00, 1.87034e-01, 7.63863e-01, 4.57004e-01, 3.61524e-01, 1.80264e-01, 1.34642e+00]
144500 [2.54008e+00, 1.85241e-01, 7.61506e-01, 4.69123e-01, 3.61352e-01, 1.85016e-01, 1.35245e+00]
145000 [2.55607e+00, 1.85337e-01, 7.59705e-01, 4.70581e-01, 3.61319e-01, 1.85990e-01, 1.35346e+00]
145500 [2.56341e+00, 1.85607e-01, 7.58334e-01, 4.71238e-01, 3.61095e-01, 1.86663e-01, 1.35310e+00]
146000 [2.54234e+00, 1.88202e-01, 7.58943e-01, 4.62700e-01, 3.61112e-01, 1.82549e-01, 1.34463e+00]
146500 [2.53710e+00, 1.90448e-01, 7.60382e-01, 4.60647e-01, 3.61355e-01, 1.81659e-01, 1.36259e+00]
147000 [2.53088e+00, 1.90475e-01, 7.61988e-01, 4.66204e-01, 3.61452e-01, 1.83783e-01, 1.36924e+00]
147500 [2.55606e+00, 1.86677e-01, 7.61185e-01, 4.71370e-01, 3.61508e-01, 1.86083e-01, 1.38928e+00]
148000 [2.56598e+00, 1.86110e-01, 7.60101e-01, 4.71859e-01, 3.61423e-01, 1.86372e-01, 1.38965e+00]
148500 [2.56639e+00, 1.86644e-01, 7.60644e-01, 4.72626e-01, 3.61553e-01, 1.87092e-01, 1.38754e+00]
149000 [2.57168e+00, 1.86221e-01, 7.59735e-01, 4.72866e-01, 3.61288e-01, 1.87161e-01, 1.38546e+00]
149500 [2.55945e+00, 1.89208e-01, 7.61058e-01, 4.71208e-01, 3.61456e-01, 1.85666e-01, 1.38497e+00]
150000 [2.56752e+00, 1.87937e-01, 7.61326e-01, 4.70332e-01, 3.61554e-01, 1.85460e-01, 1.38829e+00]
150500 [2.57072e+00, 1.87352e-01, 7.61049e-01, 4.72318e-01, 3.61875e-01, 1.86153e-01, 1.40142e+00]
151000 [2.57669e+00, 1.87054e-01, 7.60591e-01, 4.74007e-01, 3.62007e-01, 1.87535e-01, 1.41335e+00]
151500 [2.57888e+00, 1.86732e-01, 7.60022e-01, 4.73672e-01, 3.61935e-01, 1.87465e-01, 1.41025e+00]
152000 [2.53909e+00, 1.88604e-01, 7.60558e-01, 4.60832e-01, 3.62054e-01, 1.81759e-01, 1.40842e+00]
152500 [2.52203e+00, 1.87779e-01, 7.60158e-01, 4.59067e-01, 3.61851e-01, 1.80990e-01, 1.40997e+00]
153000 [2.51045e+00, 1.87197e-01, 7.59338e-01, 4.59622e-01, 3.61858e-01, 1.80256e-01, 1.41578e+00]
153500 [2.51615e+00, 1.90896e-01, 7.60268e-01, 4.67266e-01, 3.64497e-01, 1.84476e-01, 1.40005e+00]
154000 [2.52533e+00, 1.88646e-01, 7.59941e-01, 4.61249e-01, 3.64224e-01, 1.81994e-01, 1.39448e+00]
154500 [2.52063e+00, 1.87704e-01, 7.59476e-01, 4.58778e-01, 3.63831e-01, 1.80991e-01, 1.38898e+00]
155000 [2.50797e+00, 1.86239e-01, 7.60467e-01, 4.58578e-01, 3.63251e-01, 1.81093e-01, 1.42757e+00]
155500 [2.51323e+00, 1.86801e-01, 7.59671e-01, 4.61546e-01, 3.62573e-01, 1.82258e-01, 1.45652e+00]
156000 [2.52265e+00, 1.87086e-01, 7.58984e-01, 4.63135e-01, 3.62438e-01, 1.82864e-01, 1.47516e+00]
156500 [2.53122e+00, 1.87391e-01, 7.58681e-01, 4.64434e-01, 3.62563e-01, 1.83316e-01, 1.48985e+00]
157000 [2.53841e+00, 1.87476e-01, 7.58457e-01, 4.65469e-01, 3.62482e-01, 1.83809e-01, 1.50331e+00]
157500 [2.54285e+00, 1.87980e-01, 7.58561e-01, 4.58997e-01, 3.63241e-01, 1.82293e-01, 1.52323e+00]
158000 [2.52689e+00, 1.87714e-01, 7.58851e-01, 4.58563e-01, 3.63245e-01, 1.80900e-01, 1.52838e+00]
158500 [2.51107e+00, 1.86953e-01, 7.58516e-01, 4.56351e-01, 3.62585e-01, 1.80148e-01, 1.52645e+00]
159000 [2.50194e+00, 1.86411e-01, 7.57875e-01, 4.55579e-01, 3.62322e-01, 1.79622e-01, 1.52422e+00]
159500 [2.49524e+00, 1.86010e-01, 7.56911e-01, 4.54648e-01, 3.61847e-01, 1.79274e-01, 1.52238e+00]
160000 [2.49095e+00, 1.85771e-01, 7.55903e-01, 4.54070e-01, 3.61495e-01, 1.79057e-01, 1.52101e+00]
160500 [2.48852e+00, 1.85651e-01, 7.54880e-01, 4.53669e-01, 3.61095e-01, 1.78916e-01, 1.51882e+00]
161000 [2.48731e+00, 1.88325e-01, 7.56433e-01, 4.58278e-01, 3.61414e-01, 1.80872e-01, 1.52351e+00]
161500 [2.51981e+00, 1.89252e-01, 7.57286e-01, 4.64293e-01, 3.61246e-01, 1.83185e-01, 1.53198e+00]
162000 [2.54630e+00, 1.89981e-01, 7.58709e-01, 4.68414e-01, 3.61268e-01, 1.84548e-01, 1.54102e+00]
162500 [2.56753e+00, 1.89758e-01, 7.60174e-01, 4.72390e-01, 3.61393e-01, 1.85976e-01, 1.54738e+00]
163000 [2.58132e+00, 1.89668e-01, 7.61751e-01, 4.74142e-01, 3.61588e-01, 1.86801e-01, 1.55056e+00]
163500 [2.56587e+00, 1.90567e-01, 7.63064e-01, 4.72262e-01, 3.61549e-01, 1.85268e-01, 1.55160e+00]
164000 [2.57122e+00, 1.90566e-01, 7.64076e-01, 4.69573e-01, 3.61782e-01, 1.85537e-01, 1.55111e+00]
164500 [2.58513e+00, 1.88855e-01, 7.64217e-01, 4.74779e-01, 3.61582e-01, 1.87477e-01, 1.56137e+00]
165000 [2.55839e+00, 1.91753e-01, 7.67712e-01, 4.74722e-01, 3.63742e-01, 1.87609e-01, 1.55919e+00]
165500 [2.54779e+00, 1.99930e-01, 7.71026e-01, 4.72375e-01, 3.64327e-01, 1.86285e-01, 1.55547e+00]
166000 [2.55045e+00, 1.96431e-01, 7.73408e-01, 4.65343e-01, 3.64033e-01, 1.83682e-01, 1.55520e+00]
166500 [2.55564e+00, 1.92866e-01, 7.74513e-01, 4.71812e-01, 3.63819e-01, 1.85521e-01, 1.56021e+00]
167000 [2.55635e+00, 1.91392e-01, 7.74287e-01, 4.67751e-01, 3.63791e-01, 1.84313e-01, 1.56385e+00]
167500 [2.55078e+00, 1.90693e-01, 7.73654e-01, 4.65040e-01, 3.63804e-01, 1.83549e-01, 1.56809e+00]
168000 [2.54566e+00, 1.90436e-01, 7.72726e-01, 4.64674e-01, 3.63817e-01, 1.83090e-01, 1.57039e+00]
168500 [2.54758e+00, 1.90056e-01, 7.72267e-01, 4.64195e-01, 3.64618e-01, 1.82889e-01, 1.56228e+00]
169000 [2.53605e+00, 1.89195e-01, 7.71166e-01, 4.62342e-01, 3.64192e-01, 1.82452e-01, 1.56365e+00]
169500 [2.52912e+00, 1.88878e-01, 7.70923e-01, 4.61055e-01, 3.64902e-01, 1.81723e-01, 1.56297e+00]
170000 [2.52212e+00, 1.88459e-01, 7.69242e-01, 4.60498e-01, 3.64366e-01, 1.81504e-01, 1.56231e+00]
170500 [2.51837e+00, 1.88124e-01, 7.67454e-01, 4.59938e-01, 3.63963e-01, 1.81235e-01, 1.56261e+00]
171000 [2.51389e+00, 1.87893e-01, 7.65536e-01, 4.58242e-01, 3.63629e-01, 1.80746e-01, 1.56481e+00]
171500 [2.50962e+00, 1.87754e-01, 7.63868e-01, 4.57253e-01, 3.63317e-01, 1.80593e-01, 1.56503e+00]
172000 [2.50229e+00, 1.87296e-01, 7.62855e-01, 4.57846e-01, 3.63131e-01, 1.80215e-01, 1.56393e+00]
172500 [2.50005e+00, 1.86902e-01, 7.61122e-01, 4.56554e-01, 3.62819e-01, 1.80007e-01, 1.56218e+00]
173000 [2.49903e+00, 1.86884e-01, 7.59760e-01, 4.56260e-01, 3.62524e-01, 1.79960e-01, 1.56183e+00]
173500 [2.49846e+00, 1.86797e-01, 7.58654e-01, 4.57341e-01, 3.62244e-01, 1.79978e-01, 1.56195e+00]
174000 [2.49723e+00, 1.86791e-01, 7.57686e-01, 4.56453e-01, 3.61890e-01, 1.79910e-01, 1.56276e+00]
174500 [2.49633e+00, 1.86983e-01, 7.57081e-01, 4.56573e-01, 3.61742e-01, 1.79916e-01, 1.56241e+00]
175000 [2.50937e+00, 1.88221e-01, 7.58909e-01, 4.59922e-01, 3.64015e-01, 1.81305e-01, 1.54398e+00]
175500 [2.50920e+00, 1.87616e-01, 7.58521e-01, 4.58217e-01, 3.63511e-01, 1.80606e-01, 1.53795e+00]
176000 [2.49310e+00, 1.90451e-01, 7.59034e-01, 4.62617e-01, 3.62783e-01, 1.82438e-01, 1.54724e+00]
176500 [2.49700e+00, 1.94189e-01, 7.61414e-01, 4.55680e-01, 3.62848e-01, 1.80328e-01, 1.55953e+00]
177000 [2.50207e+00, 1.89023e-01, 7.64971e-01, 4.62183e-01, 3.64580e-01, 1.82199e-01, 1.64146e+00]
177500 [2.50850e+00, 1.88415e-01, 7.64847e-01, 4.60476e-01, 3.64260e-01, 1.81564e-01, 1.63733e+00]
178000 [2.50854e+00, 1.87995e-01, 7.64301e-01, 4.59461e-01, 3.64128e-01, 1.81128e-01, 1.63303e+00]
178500 [2.50630e+00, 1.87623e-01, 7.63439e-01, 4.58549e-01, 3.63838e-01, 1.80779e-01, 1.62869e+00]
179000 [2.50298e+00, 1.87234e-01, 7.62454e-01, 4.57621e-01, 3.63598e-01, 1.80411e-01, 1.62381e+00]
179500 [2.49919e+00, 1.86912e-01, 7.61364e-01, 4.56687e-01, 3.63377e-01, 1.80090e-01, 1.61914e+00]
180000 [2.49526e+00, 1.86639e-01, 7.60224e-01, 4.55705e-01, 3.63263e-01, 1.79724e-01, 1.61413e+00]
180500 [2.49209e+00, 1.86334e-01, 7.58940e-01, 4.55382e-01, 3.62963e-01, 1.79535e-01, 1.61163e+00]
181000 [2.48889e+00, 1.86068e-01, 7.57613e-01, 4.54518e-01, 3.62735e-01, 1.79251e-01, 1.60923e+00]
181500 [2.48597e+00, 1.85938e-01, 7.56422e-01, 4.53933e-01, 3.62716e-01, 1.79096e-01, 1.60695e+00]
182000 [2.48374e+00, 1.85749e-01, 7.55179e-01, 4.54106e-01, 3.62374e-01, 1.78874e-01, 1.60853e+00]
182500 [2.48182e+00, 1.85554e-01, 7.54048e-01, 4.53478e-01, 3.62103e-01, 1.78757e-01, 1.61111e+00]
183000 [2.48018e+00, 1.85250e-01, 7.52882e-01, 4.52747e-01, 3.61615e-01, 1.78420e-01, 1.61476e+00]
183500 [2.47895e+00, 1.85306e-01, 7.52093e-01, 4.52746e-01, 3.61509e-01, 1.78498e-01, 1.62335e+00]
184000 [2.47796e+00, 1.85236e-01, 7.51293e-01, 4.52903e-01, 3.61195e-01, 1.78374e-01, 1.63196e+00]
184500 [2.47637e+00, 1.85432e-01, 7.50623e-01, 4.53083e-01, 3.60898e-01, 1.78254e-01, 1.64640e+00]
185000 [2.47590e+00, 1.85025e-01, 7.49962e-01, 4.52246e-01, 3.60486e-01, 1.78317e-01, 1.66769e+00]
185500 [2.47629e+00, 1.84940e-01, 7.49366e-01, 4.51820e-01, 3.60112e-01, 1.78166e-01, 1.66187e+00]
186000 [2.47584e+00, 1.84875e-01, 7.48853e-01, 4.51838e-01, 3.59729e-01, 1.78071e-01, 1.65645e+00]
186500 [2.47484e+00, 1.84730e-01, 7.48225e-01, 4.51727e-01, 3.59360e-01, 1.77928e-01, 1.64751e+00]
187000 [2.47370e+00, 1.84629e-01, 7.47664e-01, 4.51213e-01, 3.58919e-01, 1.77909e-01, 1.64427e+00]
187500 [2.47257e+00, 1.84477e-01, 7.47139e-01, 4.50842e-01, 3.58565e-01, 1.77727e-01, 1.64003e+00]
188000 [2.47036e+00, 1.84368e-01, 7.46633e-01, 4.50327e-01, 3.58228e-01, 1.77623e-01, 1.64208e+00]
188500 [2.46859e+00, 1.84167e-01, 7.46020e-01, 4.50426e-01, 3.57790e-01, 1.77538e-01, 1.64448e+00]
189000 [2.46772e+00, 1.84214e-01, 7.45670e-01, 4.50112e-01, 3.57474e-01, 1.77509e-01, 1.64608e+00]
189500 [2.50130e+00, 1.91986e-01, 7.49588e-01, 4.70024e-01, 3.62429e-01, 1.85538e-01, 1.67601e+00]
190000 [2.51946e+00, 1.89459e-01, 7.50356e-01, 4.63342e-01, 3.62144e-01, 1.82838e-01, 1.67753e+00]
190500 [2.52098e+00, 1.87907e-01, 7.50907e-01, 4.59218e-01, 3.61790e-01, 1.81189e-01, 1.67548e+00]
191000 [2.51838e+00, 1.86739e-01, 7.51672e-01, 4.64631e-01, 3.61235e-01, 1.83563e-01, 1.67804e+00]
191500 [2.54327e+00, 1.86513e-01, 7.51862e-01, 4.67339e-01, 3.60508e-01, 1.84718e-01, 1.67733e+00]
192000 [2.54051e+00, 1.88513e-01, 7.52528e-01, 4.62064e-01, 3.60228e-01, 1.82773e-01, 1.68962e+00]
192500 [2.54511e+00, 1.88966e-01, 7.54410e-01, 4.61217e-01, 3.60269e-01, 1.81956e-01, 1.71002e+00]
193000 [2.52311e+00, 1.88013e-01, 7.55226e-01, 4.59333e-01, 3.59896e-01, 1.81303e-01, 1.71553e+00]
193500 [2.54883e+00, 1.85703e-01, 7.55479e-01, 4.68481e-01, 3.59811e-01, 1.85064e-01, 1.72250e+00]
194000 [2.56295e+00, 1.85374e-01, 7.55257e-01, 4.70312e-01, 3.59686e-01, 1.85515e-01, 1.74289e+00]
194500 [2.57016e+00, 1.86099e-01, 7.55852e-01, 4.71020e-01, 3.59533e-01, 1.85777e-01, 1.75727e+00]
195000 [2.56725e+00, 1.96022e-01, 7.58610e-01, 4.79018e-01, 3.61086e-01, 1.88893e-01, 1.78962e+00]
195500 [2.57744e+00, 1.91880e-01, 7.60146e-01, 4.68916e-01, 3.60708e-01, 1.84909e-01, 1.79122e+00]
196000 [2.53908e+00, 1.93305e-01, 7.62087e-01, 4.56960e-01, 3.60812e-01, 1.80536e-01, 1.79060e+00]
196500 [2.54065e+00, 1.89941e-01, 7.62962e-01, 4.63001e-01, 3.60995e-01, 1.82773e-01, 1.79818e+00]
197000 [2.53371e+00, 1.88987e-01, 7.62932e-01, 4.61229e-01, 3.60848e-01, 1.81831e-01, 1.79789e+00]
197500 [2.52643e+00, 1.88541e-01, 7.62714e-01, 4.60232e-01, 3.60875e-01, 1.81409e-01, 1.79563e+00]
198000 [2.55395e+00, 1.87209e-01, 7.62372e-01, 4.70456e-01, 3.61103e-01, 1.85321e-01, 1.80987e+00]
198500 [2.53770e+00, 1.89102e-01, 7.62379e-01, 4.61412e-01, 3.61262e-01, 1.82107e-01, 1.81534e+00]
199000 [2.52584e+00, 1.88706e-01, 7.62336e-01, 4.60378e-01, 3.61335e-01, 1.81704e-01, 1.81509e+00]
199500 [2.51938e+00, 1.88279e-01, 7.61828e-01, 4.59904e-01, 3.61268e-01, 1.81283e-01, 1.81412e+00]
200000 [2.51357e+00, 1.87683e-01, 7.61127e-01, 4.58477e-01, 3.61046e-01, 1.80782e-01, 1.81217e+00]
