0 [2.52000e+00, 2.16000e-01, 7.74000e-01, 4.87000e-01, 3.62000e-01, 1.90000e-01, 5.70000e-01]
500 [2.51177e+00, 2.18081e-01, 7.74815e-01, 4.74678e-01, 3.62403e-01, 1.88180e-01, 5.71499e-01]
1000 [2.49993e+00, 2.16643e-01, 7.76111e-01, 4.80262e-01, 3.62409e-01, 1.88421e-01, 5.73660e-01]
1500 [2.49415e+00, 2.17108e-01, 7.76658e-01, 4.83084e-01, 3.62143e-01, 1.90488e-01, 5.71448e-01]
2000 [2.49883e+00, 2.17057e-01, 7.77713e-01, 4.86878e-01, 3.62228e-01, 1.91807e-01, 5.72445e-01]
2500 [2.50375e+00, 2.17334e-01, 7.79396e-01, 4.88204e-01, 3.62477e-01, 1.92078e-01, 5.71315e-01]
3000 [2.51432e+00, 2.17633e-01, 7.80794e-01, 4.91485e-01, 3.62504e-01, 1.93094e-01, 5.70606e-01]
3500 [2.53617e+00, 2.17376e-01, 7.82375e-01, 4.95086e-01, 3.62895e-01, 1.94105e-01, 5.70777e-01]
4000 [2.55152e+00, 2.18849e-01, 7.84112e-01, 4.92180e-01, 3.63237e-01, 1.93395e-01, 5.71380e-01]
4500 [2.56433e+00, 2.19150e-01, 7.85616e-01, 4.97953e-01, 3.63385e-01, 1.95428e-01, 5.69900e-01]
5000 [2.58159e+00, 2.20805e-01, 7.87662e-01, 4.94842e-01, 3.64122e-01, 1.95411e-01, 5.70992e-01]
5500 [2.59988e+00, 2.21606e-01, 7.89275e-01, 4.97465e-01, 3.64181e-01, 1.96019e-01, 5.71027e-01]
6000 [2.60942e+00, 2.22333e-01, 7.91080e-01, 5.02249e-01, 3.64428e-01, 1.97819e-01, 5.69956e-01]
6500 [2.60244e+00, 2.24186e-01, 7.93350e-01, 5.03863e-01, 3.64868e-01, 1.98222e-01, 5.68109e-01]
7000 [2.63040e+00, 2.24482e-01, 7.95278e-01, 5.05822e-01, 3.65159e-01, 1.99175e-01, 5.70358e-01]
7500 [2.66259e+00, 2.24891e-01, 7.97266e-01, 5.07620e-01, 3.65456e-01, 2.00003e-01, 5.71981e-01]
8000 [2.67998e+00, 2.25606e-01, 7.99455e-01, 5.12185e-01, 3.65924e-01, 2.00824e-01, 5.74297e-01]
8500 [2.69875e+00, 2.26295e-01, 8.01815e-01, 5.18304e-01, 3.66261e-01, 2.02728e-01, 5.74517e-01]
9000 [2.69390e+00, 2.28152e-01, 8.04646e-01, 5.13853e-01, 3.66797e-01, 2.02921e-01, 5.74277e-01]
9500 [2.72049e+00, 2.28845e-01, 8.07309e-01, 5.04699e-01, 3.67296e-01, 2.01924e-01, 5.76944e-01]
10000 [2.67812e+00, 2.30561e-01, 8.10681e-01, 5.17795e-01, 3.67969e-01, 2.03009e-01, 5.76723e-01]
10500 [2.68313e+00, 2.31343e-01, 8.13459e-01, 5.09934e-01, 3.68190e-01, 2.02077e-01, 5.77006e-01]
11000 [2.70597e+00, 2.31230e-01, 8.16146e-01, 5.17780e-01, 3.68952e-01, 2.04252e-01, 5.79536e-01]
11500 [2.70076e+00, 2.32286e-01, 8.18697e-01, 5.12985e-01, 3.69214e-01, 2.02998e-01, 5.80466e-01]
12000 [2.70373e+00, 2.31712e-01, 8.21152e-01, 5.16042e-01, 3.69702e-01, 2.03791e-01, 5.83757e-01]
12500 [2.72141e+00, 2.32823e-01, 8.23552e-01, 5.17360e-01, 3.70050e-01, 2.04316e-01, 5.86259e-01]
13000 [2.74535e+00, 2.33386e-01, 8.26291e-01, 5.19664e-01, 3.70753e-01, 2.04935e-01, 5.90090e-01]
13500 [2.74593e+00, 2.32700e-01, 8.28448e-01, 5.18970e-01, 3.71692e-01, 2.04668e-01, 5.92336e-01]
14000 [2.76889e+00, 2.33146e-01, 8.30078e-01, 5.23338e-01, 3.71675e-01, 2.05780e-01, 5.97372e-01]
14500 [2.76930e+00, 2.34915e-01, 8.32688e-01, 5.18434e-01, 3.72636e-01, 2.05247e-01, 6.00136e-01]
15000 [2.77928e+00, 2.31723e-01, 8.35352e-01, 5.22090e-01, 3.74202e-01, 2.05001e-01, 6.06445e-01]
15500 [2.76680e+00, 2.30879e-01, 8.35351e-01, 5.22052e-01, 3.73956e-01, 2.04382e-01, 6.06886e-01]
16000 [2.73596e+00, 2.26689e-01, 8.35454e-01, 5.27217e-01, 3.74125e-01, 2.05921e-01, 6.03549e-01]
16500 [2.72164e+00, 2.25694e-01, 8.35416e-01, 5.17281e-01, 3.74313e-01, 2.03513e-01, 6.02733e-01]
17000 [2.64082e+00, 2.27735e-01, 8.36250e-01, 5.09577e-01, 3.74476e-01, 2.00853e-01, 5.97547e-01]
17500 [2.65893e+00, 2.25347e-01, 8.36905e-01, 5.05539e-01, 3.75052e-01, 1.98038e-01, 6.01375e-01]
18000 [2.68486e+00, 2.17118e-01, 8.38943e-01, 5.29091e-01, 3.79481e-01, 2.09164e-01, 6.06354e-01]
18500 [2.70884e+00, 2.09306e-01, 8.39249e-01, 5.11222e-01, 3.79199e-01, 2.03084e-01, 6.07027e-01]
19000 [2.71314e+00, 2.03377e-01, 8.38927e-01, 4.96372e-01, 3.78939e-01, 1.97165e-01, 6.07859e-01]
19500 [2.72954e+00, 2.06677e-01, 8.36131e-01, 5.03502e-01, 3.78094e-01, 1.99655e-01, 6.08845e-01]
20000 [2.71756e+00, 2.01732e-01, 8.34778e-01, 4.91625e-01, 3.77677e-01, 1.94604e-01, 6.09249e-01]
20500 [2.68221e+00, 1.97739e-01, 8.33032e-01, 4.81578e-01, 3.77485e-01, 1.90429e-01, 6.09077e-01]
21000 [2.63425e+00, 1.95237e-01, 8.30847e-01, 4.69040e-01, 3.77431e-01, 1.85560e-01, 6.06280e-01]
21500 [2.58398e+00, 1.91278e-01, 8.29058e-01, 4.63767e-01, 3.77943e-01, 1.84046e-01, 6.07855e-01]
22000 [2.53830e+00, 1.90847e-01, 8.26370e-01, 4.54128e-01, 3.78043e-01, 1.79275e-01, 6.07327e-01]
22500 [2.50602e+00, 1.89348e-01, 8.23237e-01, 4.52072e-01, 3.77899e-01, 1.78200e-01, 6.04952e-01]
23000 [2.48575e+00, 1.87863e-01, 8.19913e-01, 4.53448e-01, 3.77785e-01, 1.78729e-01, 6.02090e-01]
23500 [2.47352e+00, 1.86019e-01, 8.16301e-01, 4.46059e-01, 3.77340e-01, 1.76686e-01, 5.99709e-01]
24000 [2.45940e+00, 1.84396e-01, 8.12827e-01, 4.46630e-01, 3.77308e-01, 1.75924e-01, 6.03960e-01]
24500 [2.45518e+00, 1.82913e-01, 8.09425e-01, 4.47523e-01, 3.77292e-01, 1.76421e-01, 6.10166e-01]
25000 [2.44835e+00, 1.82064e-01, 8.05543e-01, 4.46237e-01, 3.77223e-01, 1.75841e-01, 6.16506e-01]
25500 [2.44221e+00, 1.80849e-01, 8.01695e-01, 4.44852e-01, 3.77020e-01, 1.74901e-01, 6.24649e-01]
26000 [2.43606e+00, 1.80433e-01, 7.97898e-01, 4.45765e-01, 3.76878e-01, 1.74840e-01, 6.32538e-01]
26500 [2.42943e+00, 1.80357e-01, 7.94344e-01, 4.45663e-01, 3.76808e-01, 1.74858e-01, 6.45099e-01]
27000 [2.39695e+00, 1.96608e-01, 7.92567e-01, 4.32749e-01, 3.77719e-01, 1.69714e-01, 6.43418e-01]
27500 [2.37085e+00, 2.02005e-01, 7.90626e-01, 4.50525e-01, 3.77066e-01, 1.76838e-01, 6.41578e-01]
28000 [2.36670e+00, 2.02608e-01, 7.88817e-01, 4.54246e-01, 3.76661e-01, 1.78700e-01, 6.44253e-01]
28500 [2.37059e+00, 2.01700e-01, 7.86967e-01, 4.56066e-01, 3.76425e-01, 1.78546e-01, 6.48909e-01]
29000 [2.37153e+00, 2.00035e-01, 7.85089e-01, 4.49861e-01, 3.76250e-01, 1.76501e-01, 6.53554e-01]
29500 [2.36652e+00, 1.99930e-01, 7.83104e-01, 4.53328e-01, 3.75993e-01, 1.76778e-01, 6.55111e-01]
30000 [2.36693e+00, 1.99750e-01, 7.81081e-01, 4.53579e-01, 3.75657e-01, 1.76774e-01, 6.58535e-01]
30500 [2.36815e+00, 1.99759e-01, 7.79034e-01, 4.52501e-01, 3.75255e-01, 1.76590e-01, 6.62961e-01]
31000 [2.35733e+00, 2.00759e-01, 7.79233e-01, 4.47143e-01, 3.76178e-01, 1.75330e-01, 6.64469e-01]
31500 [2.34779e+00, 2.00442e-01, 7.77807e-01, 4.47965e-01, 3.75456e-01, 1.75563e-01, 6.64638e-01]
32000 [2.34394e+00, 1.99135e-01, 7.75962e-01, 4.48070e-01, 3.74793e-01, 1.74937e-01, 6.67998e-01]
32500 [2.34702e+00, 1.98239e-01, 7.74435e-01, 4.50921e-01, 3.74565e-01, 1.75455e-01, 6.70608e-01]
33000 [2.35262e+00, 1.98855e-01, 7.74448e-01, 4.51771e-01, 3.75795e-01, 1.76126e-01, 6.73634e-01]
33500 [2.35809e+00, 1.98667e-01, 7.72955e-01, 4.51532e-01, 3.75150e-01, 1.76353e-01, 6.78261e-01]
34000 [2.36162e+00, 1.98288e-01, 7.71136e-01, 4.50723e-01, 3.74668e-01, 1.75913e-01, 6.80187e-01]
34500 [2.36615e+00, 1.97911e-01, 7.69314e-01, 4.52483e-01, 3.74188e-01, 1.76189e-01, 6.75491e-01]
35000 [2.39678e+00, 1.88578e-01, 7.70206e-01, 4.55764e-01, 3.75912e-01, 1.80152e-01, 6.81636e-01]
35500 [2.41333e+00, 1.85292e-01, 7.69366e-01, 4.46638e-01, 3.75578e-01, 1.75891e-01, 6.89539e-01]
36000 [2.41850e+00, 1.81996e-01, 7.68105e-01, 4.40973e-01, 3.75136e-01, 1.73602e-01, 6.99713e-01]
36500 [2.41425e+00, 1.81063e-01, 7.66427e-01, 4.39027e-01, 3.74901e-01, 1.72337e-01, 7.10913e-01]
37000 [2.40690e+00, 1.80430e-01, 7.64826e-01, 4.37214e-01, 3.74882e-01, 1.72028e-01, 7.17181e-01]
37500 [2.39708e+00, 1.80570e-01, 7.62872e-01, 4.33463e-01, 3.74602e-01, 1.71280e-01, 7.20842e-01]
38000 [2.38895e+00, 1.79257e-01, 7.61255e-01, 4.34184e-01, 3.74526e-01, 1.70780e-01, 7.23945e-01]
38500 [2.38024e+00, 1.78718e-01, 7.59439e-01, 4.32504e-01, 3.74354e-01, 1.70288e-01, 7.25199e-01]
39000 [2.37149e+00, 1.78652e-01, 7.57571e-01, 4.32619e-01, 3.74216e-01, 1.70232e-01, 7.27799e-01]
39500 [2.36524e+00, 1.77902e-01, 7.55706e-01, 4.30721e-01, 3.73958e-01, 1.69276e-01, 7.32821e-01]
40000 [2.36163e+00, 1.77782e-01, 7.53873e-01, 4.30823e-01, 3.73843e-01, 1.69299e-01, 7.34233e-01]
40500 [2.35775e+00, 1.77205e-01, 7.51941e-01, 4.29483e-01, 3.73586e-01, 1.68860e-01, 7.37455e-01]
41000 [2.35338e+00, 1.76913e-01, 7.50174e-01, 4.28287e-01, 3.73468e-01, 1.68415e-01, 7.41078e-01]
41500 [2.35500e+00, 1.78084e-01, 7.49620e-01, 4.29025e-01, 3.73862e-01, 1.68933e-01, 7.39161e-01]
42000 [2.35310e+00, 1.76827e-01, 7.47745e-01, 4.28147e-01, 3.73528e-01, 1.68446e-01, 7.42628e-01]
42500 [2.34845e+00, 1.76396e-01, 7.45969e-01, 4.26600e-01, 3.73439e-01, 1.68222e-01, 7.45084e-01]
43000 [2.34513e+00, 1.76235e-01, 7.44309e-01, 4.25460e-01, 3.73260e-01, 1.67568e-01, 7.46793e-01]
43500 [2.34096e+00, 1.76035e-01, 7.42666e-01, 4.26909e-01, 3.73058e-01, 1.67806e-01, 7.48302e-01]
44000 [2.33800e+00, 1.75996e-01, 7.41165e-01, 4.23110e-01, 3.72837e-01, 1.66895e-01, 7.51764e-01]
44500 [2.33317e+00, 1.76250e-01, 7.39932e-01, 4.22127e-01, 3.72848e-01, 1.66378e-01, 7.55977e-01]
45000 [2.33372e+00, 1.75462e-01, 7.38482e-01, 4.25371e-01, 3.72657e-01, 1.67387e-01, 7.57477e-01]
45500 [2.32862e+00, 1.75883e-01, 7.37255e-01, 4.23285e-01, 3.72469e-01, 1.65329e-01, 7.58891e-01]
46000 [2.32302e+00, 1.75578e-01, 7.35904e-01, 4.21484e-01, 3.72308e-01, 1.66451e-01, 7.62835e-01]
46500 [2.32320e+00, 1.75235e-01, 7.34590e-01, 4.24557e-01, 3.72168e-01, 1.66971e-01, 7.70743e-01]
47000 [2.32486e+00, 1.74900e-01, 7.33290e-01, 4.23472e-01, 3.71937e-01, 1.66603e-01, 7.75293e-01]
47500 [2.26291e+00, 1.82638e-01, 7.34206e-01, 4.12027e-01, 3.72990e-01, 1.62465e-01, 7.63663e-01]
48000 [2.22047e+00, 1.89092e-01, 7.33176e-01, 4.19828e-01, 3.72837e-01, 1.65434e-01, 7.60502e-01]
48500 [2.20630e+00, 1.91751e-01, 7.32750e-01, 4.26660e-01, 3.72696e-01, 1.67713e-01, 7.60435e-01]
49000 [2.20747e+00, 1.93713e-01, 7.32527e-01, 4.32165e-01, 3.72419e-01, 1.69965e-01, 7.59534e-01]
49500 [2.21564e+00, 1.94977e-01, 7.32614e-01, 4.34784e-01, 3.72190e-01, 1.70783e-01, 7.58380e-01]
50000 [2.22540e+00, 1.96156e-01, 7.32799e-01, 4.36757e-01, 3.71877e-01, 1.71955e-01, 7.61913e-01]
50500 [2.23468e+00, 1.97483e-01, 7.33023e-01, 4.37651e-01, 3.71585e-01, 1.72731e-01, 7.66384e-01]
51000 [2.25475e+00, 1.97132e-01, 7.34916e-01, 4.38261e-01, 3.72448e-01, 1.69988e-01, 7.79507e-01]
51500 [2.26302e+00, 1.96645e-01, 7.34684e-01, 4.34806e-01, 3.72225e-01, 1.70958e-01, 7.83449e-01]
52000 [2.25331e+00, 1.97352e-01, 7.34639e-01, 4.35609e-01, 3.71962e-01, 1.71713e-01, 7.82335e-01]
52500 [2.24796e+00, 1.97767e-01, 7.34880e-01, 4.37201e-01, 3.71672e-01, 1.72484e-01, 7.82790e-01]
53000 [2.25151e+00, 1.98275e-01, 7.35104e-01, 4.38781e-01, 3.71408e-01, 1.72526e-01, 7.82960e-01]
53500 [2.25609e+00, 1.98874e-01, 7.35317e-01, 4.37696e-01, 3.71093e-01, 1.72790e-01, 7.84538e-01]
54000 [2.25816e+00, 1.99979e-01, 7.35812e-01, 4.42979e-01, 3.71002e-01, 1.73909e-01, 7.86648e-01]
54500 [2.26503e+00, 2.00032e-01, 7.36763e-01, 4.45369e-01, 3.71464e-01, 1.75777e-01, 7.90476e-01]
55000 [2.26714e+00, 2.01007e-01, 7.37091e-01, 4.45159e-01, 3.70985e-01, 1.74894e-01, 7.90585e-01]
55500 [2.27546e+00, 2.01484e-01, 7.37672e-01, 4.48570e-01, 3.70714e-01, 1.76148e-01, 7.91727e-01]
56000 [2.28318e+00, 2.02312e-01, 7.38509e-01, 4.51070e-01, 3.70580e-01, 1.77109e-01, 7.89853e-01]
56500 [2.28882e+00, 2.03032e-01, 7.39777e-01, 4.45802e-01, 3.70898e-01, 1.76409e-01, 7.88828e-01]
57000 [2.28313e+00, 2.04156e-01, 7.40620e-01, 4.46421e-01, 3.70597e-01, 1.76637e-01, 7.91537e-01]
57500 [2.28369e+00, 2.05412e-01, 7.41715e-01, 4.49863e-01, 3.70616e-01, 1.77741e-01, 7.93720e-01]
58000 [2.28791e+00, 2.06351e-01, 7.42921e-01, 4.52215e-01, 3.70597e-01, 1.78867e-01, 7.94852e-01]
58500 [2.29357e+00, 2.07463e-01, 7.44810e-01, 4.51674e-01, 3.71587e-01, 1.79893e-01, 7.94682e-01]
59000 [2.29990e+00, 2.08013e-01, 7.45581e-01, 4.53736e-01, 3.71289e-01, 1.79800e-01, 7.97247e-01]
59500 [2.30957e+00, 2.08522e-01, 7.46590e-01, 4.54268e-01, 3.70941e-01, 1.80181e-01, 7.99082e-01]
60000 [2.32063e+00, 2.09391e-01, 7.47979e-01, 4.57866e-01, 3.70879e-01, 1.81181e-01, 8.00068e-01]
60500 [2.33090e+00, 2.10532e-01, 7.49774e-01, 4.60551e-01, 3.71096e-01, 1.82336e-01, 8.01342e-01]
61000 [2.34166e+00, 2.11740e-01, 7.51446e-01, 4.62734e-01, 3.71012e-01, 1.83237e-01, 8.03076e-01]
61500 [2.35247e+00, 2.12912e-01, 7.53356e-01, 4.65016e-01, 3.71057e-01, 1.84313e-01, 8.03904e-01]
62000 [2.36313e+00, 2.14232e-01, 7.55515e-01, 4.65896e-01, 3.71214e-01, 1.85362e-01, 8.04416e-01]
62500 [2.37703e+00, 2.12635e-01, 7.57029e-01, 4.67113e-01, 3.71706e-01, 1.85088e-01, 8.08525e-01]
63000 [2.37519e+00, 2.12696e-01, 7.58547e-01, 4.67291e-01, 3.71596e-01, 1.84930e-01, 8.09905e-01]
63500 [2.37679e+00, 2.12747e-01, 7.60075e-01, 4.68515e-01, 3.71529e-01, 1.85138e-01, 8.10652e-01]
64000 [2.38090e+00, 2.12998e-01, 7.61604e-01, 4.69501e-01, 3.71462e-01, 1.85591e-01, 8.13095e-01]
64500 [2.38564e+00, 2.13246e-01, 7.63147e-01, 4.70387e-01, 3.71353e-01, 1.85969e-01, 8.16216e-01]
65000 [2.39087e+00, 2.13712e-01, 7.64859e-01, 4.72012e-01, 3.71435e-01, 1.86828e-01, 8.19418e-01]
65500 [2.39651e+00, 2.14358e-01, 7.66559e-01, 4.73261e-01, 3.71486e-01, 1.87451e-01, 8.22416e-01]
66000 [2.40287e+00, 2.15221e-01, 7.68401e-01, 4.74669e-01, 3.71632e-01, 1.88135e-01, 8.24601e-01]
66500 [2.40651e+00, 2.15753e-01, 7.70287e-01, 4.73365e-01, 3.72943e-01, 1.88809e-01, 8.31402e-01]
67000 [2.40291e+00, 2.17336e-01, 7.71444e-01, 4.76109e-01, 3.72769e-01, 1.89724e-01, 8.32884e-01]
67500 [2.40935e+00, 2.18151e-01, 7.73009e-01, 4.72879e-01, 3.72724e-01, 1.88509e-01, 8.34791e-01]
68000 [2.40777e+00, 2.18808e-01, 7.74900e-01, 4.69709e-01, 3.72925e-01, 1.87305e-01, 8.34572e-01]
68500 [2.41199e+00, 2.18642e-01, 7.76539e-01, 4.70070e-01, 3.72858e-01, 1.87411e-01, 8.34477e-01]
69000 [2.41928e+00, 2.18644e-01, 7.78360e-01, 4.75020e-01, 3.72982e-01, 1.88589e-01, 8.34131e-01]
69500 [2.42637e+00, 2.19383e-01, 7.80312e-01, 4.77055e-01, 3.73097e-01, 1.89341e-01, 8.32975e-01]
70000 [2.43836e+00, 2.20261e-01, 7.82310e-01, 4.79794e-01, 3.73244e-01, 1.90219e-01, 8.32243e-01]
70500 [2.45350e+00, 2.21123e-01, 7.84322e-01, 4.82858e-01, 3.73411e-01, 1.91198e-01, 8.32082e-01]
71000 [2.46609e+00, 2.22032e-01, 7.86444e-01, 4.84215e-01, 3.73710e-01, 1.92201e-01, 8.32871e-01]
71500 [2.48283e+00, 2.23154e-01, 7.88722e-01, 4.87051e-01, 3.73900e-01, 1.92480e-01, 8.33485e-01]
72000 [2.50225e+00, 2.24036e-01, 7.91116e-01, 4.90919e-01, 3.74446e-01, 1.93673e-01, 8.33987e-01]
72500 [2.52298e+00, 2.24829e-01, 7.93401e-01, 4.92798e-01, 3.74658e-01, 1.94328e-01, 8.35459e-01]
73000 [2.53950e+00, 2.25604e-01, 7.95697e-01, 4.97466e-01, 3.75342e-01, 1.95453e-01, 8.36457e-01]
73500 [2.56196e+00, 2.26245e-01, 7.97656e-01, 4.98804e-01, 3.75348e-01, 1.96202e-01, 8.36493e-01]
74000 [2.58579e+00, 2.26847e-01, 7.99901e-01, 5.01682e-01, 3.75553e-01, 1.97157e-01, 8.36927e-01]
74500 [2.61035e+00, 2.27591e-01, 8.02261e-01, 5.04524e-01, 3.75826e-01, 1.98124e-01, 8.37196e-01]
75000 [2.63430e+00, 2.28679e-01, 8.04781e-01, 5.04729e-01, 3.76135e-01, 1.98593e-01, 8.37342e-01]
75500 [2.64202e+00, 2.25386e-01, 8.07447e-01, 4.99139e-01, 3.78095e-01, 1.96718e-01, 8.45372e-01]
76000 [2.64117e+00, 2.26509e-01, 8.08370e-01, 5.16283e-01, 3.78071e-01, 2.02916e-01, 8.30258e-01]
76500 [2.64706e+00, 2.25965e-01, 8.09102e-01, 5.16547e-01, 3.77890e-01, 2.03388e-01, 8.26931e-01]
77000 [2.65289e+00, 2.25224e-01, 8.09690e-01, 4.96837e-01, 3.78281e-01, 1.99301e-01, 8.29482e-01]
77500 [2.66961e+00, 2.20252e-01, 8.09727e-01, 5.14255e-01, 3.77845e-01, 2.00532e-01, 8.25611e-01]
78000 [2.67439e+00, 2.19076e-01, 8.09824e-01, 5.13102e-01, 3.77823e-01, 2.00420e-01, 8.26320e-01]
78500 [2.70407e+00, 2.11454e-01, 8.10948e-01, 5.15041e-01, 3.78664e-01, 2.02972e-01, 8.24495e-01]
79000 [2.71494e+00, 2.04817e-01, 8.10652e-01, 5.02066e-01, 3.78361e-01, 1.98769e-01, 8.25414e-01]
79500 [2.69916e+00, 2.00201e-01, 8.10146e-01, 4.91772e-01, 3.78212e-01, 1.94739e-01, 8.25079e-01]
80000 [2.67119e+00, 1.96534e-01, 8.09072e-01, 4.83941e-01, 3.78093e-01, 1.91358e-01, 8.25600e-01]
80500 [2.62918e+00, 1.94492e-01, 8.08068e-01, 4.74619e-01, 3.78163e-01, 1.87536e-01, 8.22631e-01]
81000 [2.59941e+00, 1.91320e-01, 8.06450e-01, 4.73059e-01, 3.78087e-01, 1.86469e-01, 8.23476e-01]
81500 [2.56793e+00, 1.89735e-01, 8.04651e-01, 4.64853e-01, 3.78102e-01, 1.83722e-01, 8.23805e-01]
82000 [2.53437e+00, 1.98737e-01, 8.04239e-01, 4.52245e-01, 3.80187e-01, 1.75963e-01, 8.23717e-01]
82500 [2.52393e+00, 1.93994e-01, 8.03397e-01, 4.62382e-01, 3.79800e-01, 1.82394e-01, 8.13292e-01]
83000 [2.51420e+00, 1.91178e-01, 8.02001e-01, 4.56941e-01, 3.79372e-01, 1.81076e-01, 8.08617e-01]
83500 [2.49809e+00, 1.89000e-01, 8.00316e-01, 4.51872e-01, 3.79270e-01, 1.79070e-01, 8.04953e-01]
84000 [2.47951e+00, 1.87328e-01, 7.98432e-01, 4.48315e-01, 3.79312e-01, 1.77600e-01, 8.00048e-01]
84500 [2.46016e+00, 1.85894e-01, 7.96211e-01, 4.45491e-01, 3.79117e-01, 1.76165e-01, 7.93735e-01]
85000 [2.44285e+00, 1.84767e-01, 7.94070e-01, 4.43203e-01, 3.79186e-01, 1.75294e-01, 7.87905e-01]
85500 [2.42712e+00, 1.83762e-01, 7.91897e-01, 4.41257e-01, 3.79288e-01, 1.74701e-01, 7.82810e-01]
86000 [2.41290e+00, 1.82946e-01, 7.89645e-01, 4.39599e-01, 3.79261e-01, 1.73745e-01, 7.78030e-01]
86500 [2.40025e+00, 1.82135e-01, 7.87358e-01, 4.37909e-01, 3.79220e-01, 1.72993e-01, 7.72062e-01]
87000 [2.38851e+00, 1.81285e-01, 7.85142e-01, 4.36761e-01, 3.79304e-01, 1.72900e-01, 7.66361e-01]
87500 [2.38318e+00, 1.83870e-01, 7.82809e-01, 4.36338e-01, 3.80273e-01, 1.70851e-01, 7.70161e-01]
88000 [2.34842e+00, 1.87419e-01, 7.84299e-01, 4.16009e-01, 3.81133e-01, 1.65580e-01, 7.73279e-01]
88500 [2.30197e+00, 1.89436e-01, 7.83237e-01, 4.27465e-01, 3.80844e-01, 1.67571e-01, 7.72160e-01]
89000 [2.26244e+00, 1.93070e-01, 7.81614e-01, 4.20664e-01, 3.80439e-01, 1.65383e-01, 7.64961e-01]
89500 [2.25373e+00, 1.91039e-01, 7.80192e-01, 4.27227e-01, 3.80607e-01, 1.68392e-01, 7.68316e-01]
90000 [2.23848e+00, 1.93206e-01, 7.79172e-01, 4.25759e-01, 3.80731e-01, 1.67996e-01, 7.60525e-01]
90500 [2.22559e+00, 1.96259e-01, 7.78664e-01, 4.28598e-01, 3.80852e-01, 1.68567e-01, 7.59416e-01]
91000 [2.26631e+00, 1.95892e-01, 7.77843e-01, 4.58040e-01, 3.80356e-01, 1.77471e-01, 7.59623e-01]
91500 [2.33515e+00, 1.88512e-01, 7.76173e-01, 4.50132e-01, 3.79905e-01, 1.78731e-01, 7.55285e-01]
92000 [2.36436e+00, 1.85219e-01, 7.74738e-01, 4.42185e-01, 3.79402e-01, 1.75319e-01, 7.52075e-01]
92500 [2.37420e+00, 1.83150e-01, 7.73335e-01, 4.37482e-01, 3.79239e-01, 1.73426e-01, 7.47368e-01]
93000 [2.37865e+00, 1.81387e-01, 7.71629e-01, 4.39291e-01, 3.78978e-01, 1.72608e-01, 7.44611e-01]
93500 [2.37480e+00, 1.80983e-01, 7.70046e-01, 4.33163e-01, 3.78797e-01, 1.71048e-01, 7.41734e-01]
94000 [2.37056e+00, 1.80514e-01, 7.68392e-01, 4.30389e-01, 3.78600e-01, 1.70438e-01, 7.39627e-01]
94500 [2.36715e+00, 1.79432e-01, 7.66678e-01, 4.33320e-01, 3.78496e-01, 1.70881e-01, 7.39501e-01]
95000 [2.36600e+00, 1.78672e-01, 7.64933e-01, 4.32911e-01, 3.78444e-01, 1.70807e-01, 7.40220e-01]
95500 [2.36380e+00, 1.79800e-01, 7.64886e-01, 4.30586e-01, 3.79755e-01, 1.71163e-01, 7.41215e-01]
96000 [2.35723e+00, 1.79685e-01, 7.63836e-01, 4.34488e-01, 3.79387e-01, 1.71345e-01, 7.38569e-01]
96500 [2.35243e+00, 1.79206e-01, 7.62586e-01, 4.33734e-01, 3.79196e-01, 1.71159e-01, 7.38118e-01]
97000 [2.34166e+00, 1.79224e-01, 7.61406e-01, 4.31874e-01, 3.79173e-01, 1.70233e-01, 7.35818e-01]
97500 [2.34190e+00, 1.78336e-01, 7.60027e-01, 4.32616e-01, 3.79131e-01, 1.70847e-01, 7.40627e-01]
98000 [2.33954e+00, 1.77773e-01, 7.58620e-01, 4.31571e-01, 3.79009e-01, 1.70610e-01, 7.46002e-01]
98500 [2.33345e+00, 1.77738e-01, 7.59047e-01, 4.21215e-01, 3.80740e-01, 1.67687e-01, 7.49970e-01]
99000 [2.32515e+00, 1.77974e-01, 7.58038e-01, 4.22644e-01, 3.80397e-01, 1.66997e-01, 7.48586e-01]
99500 [2.31857e+00, 1.77827e-01, 7.56733e-01, 4.22720e-01, 3.79969e-01, 1.66930e-01, 7.47054e-01]
100000 [2.31366e+00, 1.77848e-01, 7.55505e-01, 4.23015e-01, 3.79813e-01, 1.66995e-01, 7.44696e-01]
100500 [2.31016e+00, 1.77641e-01, 7.54254e-01, 4.22773e-01, 3.79668e-01, 1.66950e-01, 7.41969e-01]
101000 [2.30661e+00, 1.77405e-01, 7.53085e-01, 4.21991e-01, 3.79429e-01, 1.66517e-01, 7.39583e-01]
101500 [2.30562e+00, 1.76859e-01, 7.51689e-01, 4.24958e-01, 3.79298e-01, 1.67516e-01, 7.37780e-01]
102000 [2.30630e+00, 1.76453e-01, 7.50175e-01, 4.25563e-01, 3.79079e-01, 1.67587e-01, 7.38576e-01]
102500 [2.30128e+00, 1.76895e-01, 7.48786e-01, 4.22797e-01, 3.78880e-01, 1.65753e-01, 7.38714e-01]
103000 [2.30102e+00, 1.76586e-01, 7.47437e-01, 4.18215e-01, 3.78755e-01, 1.65572e-01, 7.39994e-01]
103500 [2.29199e+00, 1.76714e-01, 7.46079e-01, 4.17653e-01, 3.78500e-01, 1.64980e-01, 7.39561e-01]
104000 [2.28649e+00, 1.76640e-01, 7.44800e-01, 4.18336e-01, 3.78390e-01, 1.64978e-01, 7.38600e-01]
104500 [2.28652e+00, 1.75864e-01, 7.43225e-01, 4.21022e-01, 3.78051e-01, 1.65688e-01, 7.37743e-01]
105000 [2.29179e+00, 1.75494e-01, 7.41705e-01, 4.21849e-01, 3.77865e-01, 1.66064e-01, 7.35684e-01]
105500 [2.29544e+00, 1.75345e-01, 7.40512e-01, 4.23231e-01, 3.77839e-01, 1.66535e-01, 7.32485e-01]
106000 [2.27766e+00, 1.84214e-01, 7.43093e-01, 4.16488e-01, 3.80619e-01, 1.62926e-01, 7.38253e-01]
106500 [2.26108e+00, 1.86272e-01, 7.42488e-01, 4.25321e-01, 3.80219e-01, 1.65835e-01, 7.41956e-01]
107000 [2.25606e+00, 1.87530e-01, 7.41491e-01, 4.28198e-01, 3.79688e-01, 1.68073e-01, 7.44021e-01]
107500 [2.25344e+00, 1.88484e-01, 7.40476e-01, 4.33198e-01, 3.79058e-01, 1.68987e-01, 7.46016e-01]
108000 [2.28740e+00, 1.82800e-01, 7.40368e-01, 4.37217e-01, 3.79290e-01, 1.72215e-01, 7.47863e-01]
108500 [2.31151e+00, 1.79613e-01, 7.39361e-01, 4.30093e-01, 3.78627e-01, 1.69996e-01, 7.49485e-01]
109000 [2.31832e+00, 1.77990e-01, 7.38493e-01, 4.27332e-01, 3.78470e-01, 1.68702e-01, 7.49811e-01]
109500 [2.31886e+00, 1.77254e-01, 7.37450e-01, 4.26377e-01, 3.78263e-01, 1.68447e-01, 7.49121e-01]
110000 [2.31605e+00, 1.76803e-01, 7.36408e-01, 4.25189e-01, 3.77992e-01, 1.68105e-01, 7.47910e-01]
110500 [2.31297e+00, 1.76207e-01, 7.35344e-01, 4.26146e-01, 3.77725e-01, 1.68204e-01, 7.46168e-01]
111000 [2.30544e+00, 1.76627e-01, 7.34595e-01, 4.26792e-01, 3.77556e-01, 1.67234e-01, 7.41783e-01]
111500 [2.31936e+00, 1.75631e-01, 7.33428e-01, 4.26813e-01, 3.77293e-01, 1.68020e-01, 7.38617e-01]
112000 [2.31814e+00, 1.76829e-01, 7.34338e-01, 4.28289e-01, 3.79104e-01, 1.67015e-01, 7.36442e-01]
112500 [2.31765e+00, 1.76329e-01, 7.33754e-01, 4.25903e-01, 3.78801e-01, 1.68014e-01, 7.35852e-01]
113000 [2.31876e+00, 1.76011e-01, 7.32992e-01, 4.25551e-01, 3.78396e-01, 1.67695e-01, 7.34859e-01]
113500 [2.31926e+00, 1.75624e-01, 7.32034e-01, 4.24839e-01, 3.77910e-01, 1.67229e-01, 7.34130e-01]
114000 [2.31006e+00, 1.77178e-01, 7.31160e-01, 4.20691e-01, 3.77745e-01, 1.67006e-01, 7.29807e-01]
114500 [2.31605e+00, 1.76538e-01, 7.30277e-01, 4.26455e-01, 3.77253e-01, 1.68170e-01, 7.31447e-01]
115000 [2.32228e+00, 1.75832e-01, 7.29440e-01, 4.27589e-01, 3.76856e-01, 1.68413e-01, 7.31880e-01]
115500 [2.32744e+00, 1.75477e-01, 7.28730e-01, 4.27541e-01, 3.76414e-01, 1.68299e-01, 7.28659e-01]
116000 [2.33012e+00, 1.75383e-01, 7.27891e-01, 4.27429e-01, 3.76178e-01, 1.68259e-01, 7.23575e-01]
116500 [2.33094e+00, 1.75068e-01, 7.26843e-01, 4.27243e-01, 3.75740e-01, 1.67923e-01, 7.18486e-01]
117000 [2.33054e+00, 1.74924e-01, 7.25901e-01, 4.26638e-01, 3.75408e-01, 1.67667e-01, 7.12772e-01]
117500 [2.32892e+00, 1.74877e-01, 7.25168e-01, 4.25457e-01, 3.75214e-01, 1.67496e-01, 7.08299e-01]
118000 [2.32934e+00, 1.74640e-01, 7.24321e-01, 4.26080e-01, 3.74843e-01, 1.67667e-01, 7.02751e-01]
118500 [2.32806e+00, 1.74470e-01, 7.23377e-01, 4.25721e-01, 3.74544e-01, 1.67530e-01, 6.96788e-01]
119000 [2.31563e+00, 1.75173e-01, 7.23432e-01, 4.22144e-01, 3.74995e-01, 1.66516e-01, 6.95316e-01]
119500 [2.31601e+00, 1.74584e-01, 7.22688e-01, 4.22186e-01, 3.74553e-01, 1.66918e-01, 6.96854e-01]
120000 [2.29879e+00, 1.74899e-01, 7.22047e-01, 4.18830e-01, 3.74113e-01, 1.65193e-01, 6.96653e-01]
120500 [2.29291e+00, 1.74697e-01, 7.21483e-01, 4.19398e-01, 3.74014e-01, 1.65183e-01, 6.96457e-01]
121000 [2.29227e+00, 1.74037e-01, 7.20579e-01, 4.20102e-01, 3.73642e-01, 1.65311e-01, 6.96391e-01]
121500 [2.29924e+00, 1.74739e-01, 7.21891e-01, 4.23682e-01, 3.76697e-01, 1.66861e-01, 7.01254e-01]
122000 [2.29751e+00, 1.74929e-01, 7.21741e-01, 4.20099e-01, 3.76436e-01, 1.65303e-01, 7.01115e-01]
122500 [2.30016e+00, 1.74672e-01, 7.21639e-01, 4.23646e-01, 3.75979e-01, 1.66791e-01, 7.00097e-01]
123000 [2.30534e+00, 1.74271e-01, 7.21073e-01, 4.24071e-01, 3.75553e-01, 1.66663e-01, 7.00814e-01]
123500 [2.30906e+00, 1.73781e-01, 7.20427e-01, 4.23448e-01, 3.75197e-01, 1.66368e-01, 7.01800e-01]
124000 [2.31091e+00, 1.73517e-01, 7.19776e-01, 4.23069e-01, 3.74889e-01, 1.66269e-01, 7.02785e-01]
124500 [2.31159e+00, 1.73378e-01, 7.19003e-01, 4.22818e-01, 3.74584e-01, 1.66285e-01, 7.03669e-01]
125000 [2.31077e+00, 1.73482e-01, 7.18264e-01, 4.22749e-01, 3.74405e-01, 1.66248e-01, 7.04074e-01]
125500 [2.31154e+00, 1.73369e-01, 7.17454e-01, 4.22920e-01, 3.74119e-01, 1.66389e-01, 7.04559e-01]
126000 [2.31203e+00, 1.73458e-01, 7.16821e-01, 4.23088e-01, 3.73980e-01, 1.66385e-01, 7.04980e-01]
126500 [2.30914e+00, 1.74045e-01, 7.16103e-01, 4.15656e-01, 3.73673e-01, 1.65364e-01, 7.05516e-01]
127000 [2.30605e+00, 1.73441e-01, 7.15538e-01, 4.23031e-01, 3.73412e-01, 1.66482e-01, 7.05232e-01]
127500 [2.30818e+00, 1.73325e-01, 7.14872e-01, 4.22871e-01, 3.73129e-01, 1.66482e-01, 7.03169e-01]
128000 [2.30973e+00, 1.73214e-01, 7.14184e-01, 4.23188e-01, 3.72818e-01, 1.66461e-01, 6.99605e-01]
128500 [2.31092e+00, 1.73332e-01, 7.13539e-01, 4.23550e-01, 3.72588e-01, 1.66678e-01, 6.95156e-01]
129000 [2.31224e+00, 1.72544e-01, 7.13231e-01, 4.33193e-01, 3.72890e-01, 1.66616e-01, 6.91885e-01]
129500 [2.30965e+00, 1.75818e-01, 7.14884e-01, 4.21246e-01, 3.74103e-01, 1.66301e-01, 6.92626e-01]
130000 [2.30839e+00, 1.75283e-01, 7.14447e-01, 4.21463e-01, 3.73778e-01, 1.66288e-01, 6.92523e-01]
130500 [2.30771e+00, 1.74689e-01, 7.13902e-01, 4.21635e-01, 3.73351e-01, 1.66240e-01, 6.92691e-01]
131000 [2.30895e+00, 1.73934e-01, 7.13273e-01, 4.22300e-01, 3.72902e-01, 1.66273e-01, 6.93006e-01]
131500 [2.31203e+00, 1.73529e-01, 7.12719e-01, 4.23094e-01, 3.72623e-01, 1.66365e-01, 6.93218e-01]
132000 [2.31448e+00, 1.73022e-01, 7.11932e-01, 4.23345e-01, 3.72096e-01, 1.66260e-01, 6.94216e-01]
132500 [2.31596e+00, 1.73245e-01, 7.11655e-01, 4.23496e-01, 3.72063e-01, 1.66485e-01, 6.95514e-01]
133000 [2.31269e+00, 1.74973e-01, 7.12588e-01, 4.22638e-01, 3.73480e-01, 1.66140e-01, 6.92267e-01]
133500 [2.31135e+00, 1.74483e-01, 7.12217e-01, 4.21848e-01, 3.73111e-01, 1.65823e-01, 6.91566e-01]
134000 [2.30956e+00, 1.74040e-01, 7.11705e-01, 4.20938e-01, 3.72640e-01, 1.65490e-01, 6.91570e-01]
134500 [2.30318e+00, 1.74742e-01, 7.11659e-01, 4.16586e-01, 3.72592e-01, 1.63942e-01, 6.90386e-01]
135000 [2.29286e+00, 1.74252e-01, 7.11559e-01, 4.18275e-01, 3.72503e-01, 1.64470e-01, 6.89745e-01]
135500 [2.29307e+00, 1.73896e-01, 7.11397e-01, 4.19306e-01, 3.72328e-01, 1.64847e-01, 6.93478e-01]
136000 [2.29481e+00, 1.73504e-01, 7.10968e-01, 4.17637e-01, 3.72066e-01, 1.64869e-01, 6.94168e-01]
136500 [2.29459e+00, 1.73463e-01, 7.10578e-01, 4.20377e-01, 3.71827e-01, 1.65122e-01, 6.96977e-01]
137000 [2.29502e+00, 1.73493e-01, 7.10202e-01, 4.19698e-01, 3.71626e-01, 1.64949e-01, 6.95964e-01]
137500 [2.29547e+00, 1.73463e-01, 7.09703e-01, 4.19215e-01, 3.71328e-01, 1.64953e-01, 6.95716e-01]
138000 [2.29631e+00, 1.73634e-01, 7.09335e-01, 4.20236e-01, 3.71107e-01, 1.65127e-01, 6.96385e-01]
138500 [2.29699e+00, 1.73667e-01, 7.08954e-01, 4.20056e-01, 3.70815e-01, 1.65301e-01, 6.95269e-01]
139000 [2.29225e+00, 1.74144e-01, 7.08694e-01, 4.18479e-01, 3.70713e-01, 1.64692e-01, 6.96128e-01]
139500 [2.30374e+00, 1.73286e-01, 7.08082e-01, 4.23208e-01, 3.70436e-01, 1.66560e-01, 6.98286e-01]
140000 [2.31160e+00, 1.72889e-01, 7.07586e-01, 4.24904e-01, 3.70050e-01, 1.66805e-01, 7.00897e-01]
140500 [2.30888e+00, 1.72726e-01, 7.07394e-01, 4.26440e-01, 3.69870e-01, 1.67089e-01, 6.99820e-01]
141000 [2.31225e+00, 1.73030e-01, 7.07011e-01, 4.22694e-01, 3.69561e-01, 1.66340e-01, 7.00245e-01]
141500 [2.31412e+00, 1.72513e-01, 7.06563e-01, 4.23991e-01, 3.69227e-01, 1.66614e-01, 6.99067e-01]
142000 [2.31539e+00, 1.72390e-01, 7.06394e-01, 4.24329e-01, 3.69243e-01, 1.66703e-01, 6.97947e-01]
142500 [2.31754e+00, 1.72216e-01, 7.05917e-01, 4.25252e-01, 3.68907e-01, 1.67076e-01, 6.96995e-01]
143000 [2.31608e+00, 1.72476e-01, 7.05671e-01, 4.23743e-01, 3.68815e-01, 1.66562e-01, 6.94387e-01]
143500 [2.31255e+00, 1.73400e-01, 7.05362e-01, 4.19427e-01, 3.68495e-01, 1.65043e-01, 6.91715e-01]
144000 [2.31186e+00, 1.74049e-01, 7.07786e-01, 4.24557e-01, 3.71426e-01, 1.67013e-01, 6.96936e-01]
144500 [2.31433e+00, 1.73891e-01, 7.07529e-01, 4.24766e-01, 3.71059e-01, 1.67256e-01, 6.97164e-01]
145000 [2.31618e+00, 1.73709e-01, 7.07272e-01, 4.24678e-01, 3.70648e-01, 1.67058e-01, 6.96404e-01]
145500 [2.31726e+00, 1.73502e-01, 7.06902e-01, 4.24764e-01, 3.70156e-01, 1.66976e-01, 6.95134e-01]
146000 [2.32318e+00, 1.72631e-01, 7.06330e-01, 4.28634e-01, 3.69601e-01, 1.68383e-01, 6.94079e-01]
146500 [2.32680e+00, 1.72602e-01, 7.05894e-01, 4.26066e-01, 3.69292e-01, 1.67997e-01, 6.95420e-01]
147000 [2.32639e+00, 1.73222e-01, 7.05741e-01, 4.21846e-01, 3.69103e-01, 1.66515e-01, 6.95021e-01]
147500 [2.31406e+00, 1.74040e-01, 7.05741e-01, 4.21129e-01, 3.68955e-01, 1.65630e-01, 6.94281e-01]
148000 [2.30879e+00, 1.73938e-01, 7.05520e-01, 4.21153e-01, 3.68644e-01, 1.65607e-01, 6.96091e-01]
148500 [2.30601e+00, 1.73861e-01, 7.05350e-01, 4.21133e-01, 3.68437e-01, 1.65540e-01, 7.03607e-01]
149000 [2.30521e+00, 1.73668e-01, 7.05090e-01, 4.20579e-01, 3.68120e-01, 1.65340e-01, 7.15557e-01]
149500 [2.30504e+00, 1.73641e-01, 7.04940e-01, 4.20429e-01, 3.67952e-01, 1.65210e-01, 7.26644e-01]
150000 [2.30518e+00, 1.73531e-01, 7.04717e-01, 4.20301e-01, 3.67704e-01, 1.65187e-01, 7.33939e-01]
150500 [2.30593e+00, 1.73512e-01, 7.04501e-01, 4.19600e-01, 3.67484e-01, 1.65206e-01, 7.41991e-01]
151000 [2.30583e+00, 1.73360e-01, 7.04219e-01, 4.20257e-01, 3.67179e-01, 1.65149e-01, 7.48627e-01]
151500 [2.30475e+00, 1.73314e-01, 7.03964e-01, 4.19808e-01, 3.66910e-01, 1.65099e-01, 7.59475e-01]
152000 [2.30467e+00, 1.73212e-01, 7.03622e-01, 4.19122e-01, 3.66579e-01, 1.64798e-01, 7.75799e-01]
152500 [2.30204e+00, 1.73463e-01, 7.03665e-01, 4.20495e-01, 3.66645e-01, 1.65276e-01, 7.84697e-01]
153000 [2.29845e+00, 1.73537e-01, 7.03403e-01, 4.19537e-01, 3.66273e-01, 1.65148e-01, 7.87467e-01]
153500 [2.29882e+00, 1.73337e-01, 7.03080e-01, 4.19097e-01, 3.65946e-01, 1.65157e-01, 7.91200e-01]
154000 [2.29783e+00, 1.73231e-01, 7.02752e-01, 4.19000e-01, 3.65628e-01, 1.64993e-01, 7.94235e-01]
154500 [2.29663e+00, 1.73284e-01, 7.02499e-01, 4.19340e-01, 3.65550e-01, 1.65080e-01, 7.97021e-01]
155000 [2.29657e+00, 1.73175e-01, 7.02128e-01, 4.18879e-01, 3.65284e-01, 1.64873e-01, 7.98598e-01]
155500 [2.29734e+00, 1.73011e-01, 7.01784e-01, 4.18599e-01, 3.64947e-01, 1.64789e-01, 7.99908e-01]
156000 [2.29784e+00, 1.73088e-01, 7.01435e-01, 4.18606e-01, 3.64924e-01, 1.64942e-01, 8.04620e-01]
156500 [2.31219e+00, 1.71426e-01, 7.00981e-01, 4.23755e-01, 3.64486e-01, 1.66718e-01, 8.09170e-01]
157000 [2.31842e+00, 1.71294e-01, 7.00473e-01, 4.25024e-01, 3.64170e-01, 1.67227e-01, 8.12849e-01]
157500 [2.31916e+00, 1.71585e-01, 7.00078e-01, 4.23001e-01, 3.63924e-01, 1.66724e-01, 8.21570e-01]
158000 [2.30836e+00, 1.72420e-01, 7.00524e-01, 4.20307e-01, 3.63809e-01, 1.65547e-01, 8.24125e-01]
158500 [2.30562e+00, 1.72445e-01, 7.00199e-01, 4.20471e-01, 3.63479e-01, 1.65478e-01, 8.25671e-01]
159000 [2.30594e+00, 1.72263e-01, 6.99876e-01, 4.20259e-01, 3.63262e-01, 1.65360e-01, 8.29125e-01]
159500 [2.30927e+00, 1.71894e-01, 6.99477e-01, 4.21382e-01, 3.63018e-01, 1.65864e-01, 8.37498e-01]
160000 [2.31808e+00, 1.71230e-01, 6.99178e-01, 4.22836e-01, 3.62863e-01, 1.66702e-01, 8.40433e-01]
160500 [2.31391e+00, 1.71659e-01, 6.98931e-01, 4.21466e-01, 3.62500e-01, 1.66096e-01, 8.43961e-01]
161000 [2.31314e+00, 1.71455e-01, 6.98613e-01, 4.25360e-01, 3.62343e-01, 1.67403e-01, 8.45859e-01]
161500 [2.31249e+00, 1.71570e-01, 6.98369e-01, 4.25934e-01, 3.62151e-01, 1.67437e-01, 8.51154e-01]
162000 [2.30246e+00, 1.72796e-01, 6.98907e-01, 4.20325e-01, 3.62654e-01, 1.66016e-01, 8.52073e-01]
162500 [2.28738e+00, 1.73431e-01, 6.99743e-01, 4.12422e-01, 3.62581e-01, 1.63333e-01, 8.43856e-01]
163000 [2.28567e+00, 1.74820e-01, 7.02199e-01, 4.22608e-01, 3.63860e-01, 1.64156e-01, 8.52579e-01]
163500 [2.27829e+00, 1.77229e-01, 7.03074e-01, 4.12802e-01, 3.64016e-01, 1.63036e-01, 8.55342e-01]
164000 [2.26569e+00, 1.77297e-01, 7.03093e-01, 4.11973e-01, 3.63776e-01, 1.62782e-01, 8.56397e-01]
164500 [2.25484e+00, 1.77026e-01, 7.02981e-01, 4.11318e-01, 3.63562e-01, 1.62550e-01, 8.56615e-01]
165000 [2.24573e+00, 1.76671e-01, 7.02861e-01, 4.10463e-01, 3.63424e-01, 1.62217e-01, 8.56317e-01]
165500 [2.23813e+00, 1.76286e-01, 7.02666e-01, 4.09584e-01, 3.63283e-01, 1.61852e-01, 8.56662e-01]
166000 [2.23146e+00, 1.75989e-01, 7.02396e-01, 4.08629e-01, 3.63127e-01, 1.61513e-01, 8.57380e-01]
166500 [2.25046e+00, 1.74500e-01, 7.01974e-01, 4.15437e-01, 3.63086e-01, 1.63873e-01, 8.71258e-01]
167000 [2.25794e+00, 1.74306e-01, 7.02451e-01, 4.14632e-01, 3.63554e-01, 1.63724e-01, 8.73721e-01]
167500 [2.25864e+00, 1.73469e-01, 7.01906e-01, 4.13630e-01, 3.62943e-01, 1.63072e-01, 8.72622e-01]
168000 [2.26091e+00, 1.73047e-01, 7.01906e-01, 4.14433e-01, 3.62751e-01, 1.63571e-01, 8.73519e-01]
168500 [2.26551e+00, 1.72821e-01, 7.01774e-01, 4.15200e-01, 3.62525e-01, 1.63936e-01, 8.72995e-01]
169000 [2.26908e+00, 1.72542e-01, 7.01692e-01, 4.15241e-01, 3.62463e-01, 1.63982e-01, 8.69470e-01]
169500 [2.27040e+00, 1.72160e-01, 7.01434e-01, 4.15318e-01, 3.62211e-01, 1.63823e-01, 8.63899e-01]
170000 [2.27174e+00, 1.71794e-01, 7.01300e-01, 4.15636e-01, 3.62127e-01, 1.63770e-01, 8.58610e-01]
170500 [2.27470e+00, 1.71695e-01, 7.01272e-01, 4.16505e-01, 3.62115e-01, 1.64034e-01, 8.54239e-01]
171000 [2.27685e+00, 1.71511e-01, 7.01041e-01, 4.17066e-01, 3.61794e-01, 1.64169e-01, 8.47856e-01]
171500 [2.27877e+00, 1.71457e-01, 7.00857e-01, 4.17312e-01, 3.61692e-01, 1.64325e-01, 8.39799e-01]
172000 [2.28060e+00, 1.71483e-01, 7.00584e-01, 4.17814e-01, 3.61498e-01, 1.64484e-01, 8.30887e-01]
172500 [2.28234e+00, 1.71526e-01, 7.00275e-01, 4.18127e-01, 3.61343e-01, 1.64614e-01, 8.22850e-01]
173000 [2.28429e+00, 1.71504e-01, 6.99981e-01, 4.19183e-01, 3.61257e-01, 1.65068e-01, 8.17680e-01]
173500 [2.27276e+00, 1.72962e-01, 7.00793e-01, 4.13973e-01, 3.62057e-01, 1.63088e-01, 8.20170e-01]
174000 [2.27075e+00, 1.72626e-01, 7.00432e-01, 4.14707e-01, 3.61621e-01, 1.62941e-01, 8.20988e-01]
174500 [2.27122e+00, 1.72534e-01, 7.00206e-01, 4.15875e-01, 3.61414e-01, 1.63288e-01, 8.21668e-01]
175000 [2.27191e+00, 1.72378e-01, 7.00006e-01, 4.16223e-01, 3.61192e-01, 1.63528e-01, 8.23175e-01]
175500 [2.27351e+00, 1.72317e-01, 6.99709e-01, 4.16367e-01, 3.60984e-01, 1.63671e-01, 8.25589e-01]
176000 [2.27517e+00, 1.72290e-01, 6.99367e-01, 4.16461e-01, 3.60742e-01, 1.63738e-01, 8.28098e-01]
176500 [2.27715e+00, 1.72349e-01, 6.98968e-01, 4.16784e-01, 3.60619e-01, 1.64079e-01, 8.31303e-01]
177000 [2.28036e+00, 1.72029e-01, 6.98969e-01, 4.17690e-01, 3.61114e-01, 1.64884e-01, 8.32451e-01]
177500 [2.28248e+00, 1.71954e-01, 6.98777e-01, 4.17569e-01, 3.60729e-01, 1.64384e-01, 8.30523e-01]
178000 [2.28391e+00, 1.71875e-01, 6.98602e-01, 4.17897e-01, 3.60466e-01, 1.64642e-01, 8.28388e-01]
178500 [2.27708e+00, 1.72204e-01, 6.98627e-01, 4.16587e-01, 3.60391e-01, 1.63917e-01, 8.28966e-01]
179000 [2.27727e+00, 1.71869e-01, 6.98312e-01, 4.17341e-01, 3.60101e-01, 1.64121e-01, 8.28635e-01]
179500 [2.27964e+00, 1.71676e-01, 6.97902e-01, 4.17743e-01, 3.59865e-01, 1.64288e-01, 8.26014e-01]
180000 [2.28193e+00, 1.71593e-01, 6.97649e-01, 4.18096e-01, 3.59788e-01, 1.64554e-01, 8.22820e-01]
180500 [2.28364e+00, 1.71656e-01, 6.97335e-01, 4.18314e-01, 3.59679e-01, 1.64679e-01, 8.20524e-01]
181000 [2.28236e+00, 1.71803e-01, 6.97555e-01, 4.17830e-01, 3.59916e-01, 1.64198e-01, 8.22365e-01]
181500 [2.28200e+00, 1.71636e-01, 6.97319e-01, 4.18236e-01, 3.59507e-01, 1.64572e-01, 8.18970e-01]
182000 [2.28303e+00, 1.71644e-01, 6.96989e-01, 4.18349e-01, 3.59377e-01, 1.64623e-01, 8.17753e-01]
182500 [2.27342e+00, 1.72653e-01, 6.97076e-01, 4.11837e-01, 3.59321e-01, 1.63048e-01, 8.15749e-01]
183000 [2.26793e+00, 1.72290e-01, 6.96930e-01, 4.15889e-01, 3.59213e-01, 1.63943e-01, 8.19235e-01]
183500 [2.26852e+00, 1.72831e-01, 6.97283e-01, 4.15783e-01, 3.59514e-01, 1.63742e-01, 8.25449e-01]
184000 [2.27288e+00, 1.71660e-01, 6.97020e-01, 4.17968e-01, 3.59085e-01, 1.64510e-01, 8.24228e-01]
184500 [2.27710e+00, 1.71371e-01, 6.96646e-01, 4.17752e-01, 3.58841e-01, 1.64422e-01, 8.23767e-01]
185000 [2.27953e+00, 1.71306e-01, 6.96254e-01, 4.17687e-01, 3.58625e-01, 1.64389e-01, 8.22784e-01]
185500 [2.28063e+00, 1.71299e-01, 6.95903e-01, 4.17719e-01, 3.58444e-01, 1.64386e-01, 8.21704e-01]
186000 [2.27924e+00, 1.73310e-01, 6.97187e-01, 4.18920e-01, 3.60847e-01, 1.64451e-01, 8.22923e-01]
186500 [2.28300e+00, 1.72382e-01, 6.97053e-01, 4.19659e-01, 3.60591e-01, 1.65233e-01, 8.23190e-01]
187000 [2.28609e+00, 1.72008e-01, 6.96909e-01, 4.18966e-01, 3.60303e-01, 1.65132e-01, 8.23972e-01]
187500 [2.28035e+00, 1.73104e-01, 6.97470e-01, 4.08641e-01, 3.59917e-01, 1.61914e-01, 8.25650e-01]
188000 [2.27379e+00, 1.72497e-01, 6.97473e-01, 4.14373e-01, 3.59532e-01, 1.63165e-01, 8.29478e-01]
188500 [2.27568e+00, 1.71926e-01, 6.97459e-01, 4.14797e-01, 3.59308e-01, 1.63220e-01, 8.33009e-01]
189000 [2.27706e+00, 1.71826e-01, 6.97400e-01, 4.15470e-01, 3.59205e-01, 1.63428e-01, 8.38633e-01]
189500 [2.27761e+00, 1.71870e-01, 6.97197e-01, 4.15680e-01, 3.59027e-01, 1.63490e-01, 8.45207e-01]
190000 [2.27779e+00, 1.71948e-01, 6.97265e-01, 4.15798e-01, 3.58865e-01, 1.63471e-01, 8.47116e-01]
190500 [2.27785e+00, 1.71840e-01, 6.97084e-01, 4.15762e-01, 3.58639e-01, 1.63511e-01, 8.53171e-01]
191000 [2.27800e+00, 1.72018e-01, 6.97038e-01, 4.16187e-01, 3.58585e-01, 1.63639e-01, 8.55034e-01]
191500 [2.27837e+00, 1.72017e-01, 6.96847e-01, 4.15108e-01, 3.58427e-01, 1.63822e-01, 8.60789e-01]
192000 [2.27855e+00, 1.72089e-01, 6.96709e-01, 4.16382e-01, 3.58337e-01, 1.63852e-01, 8.64842e-01]
192500 [2.27686e+00, 1.72715e-01, 6.96982e-01, 4.12064e-01, 3.58201e-01, 1.62643e-01, 8.70655e-01]
193000 [2.27494e+00, 1.72331e-01, 6.96718e-01, 4.14311e-01, 3.57994e-01, 1.63200e-01, 8.66509e-01]
193500 [2.27508e+00, 1.72074e-01, 6.96729e-01, 4.15668e-01, 3.57767e-01, 1.63304e-01, 8.64592e-01]
194000 [2.27506e+00, 1.72045e-01, 6.96467e-01, 4.16065e-01, 3.57636e-01, 1.63614e-01, 8.58604e-01]
194500 [2.27350e+00, 1.72231e-01, 6.96315e-01, 4.15217e-01, 3.57451e-01, 1.63277e-01, 8.55768e-01]
195000 [2.27586e+00, 1.73218e-01, 6.97004e-01, 4.17385e-01, 3.59104e-01, 1.64227e-01, 8.57472e-01]
195500 [2.27891e+00, 1.72687e-01, 6.96962e-01, 4.17404e-01, 3.58813e-01, 1.64099e-01, 8.55896e-01]
196000 [2.27975e+00, 1.72375e-01, 6.96802e-01, 4.16842e-01, 3.58485e-01, 1.63937e-01, 8.53801e-01]
196500 [2.27936e+00, 1.72149e-01, 6.96561e-01, 4.16290e-01, 3.58071e-01, 1.63710e-01, 8.52513e-01]
197000 [2.27844e+00, 1.72190e-01, 6.96337e-01, 4.16048e-01, 3.57911e-01, 1.63795e-01, 8.52911e-01]
197500 [2.27431e+00, 1.72394e-01, 6.95995e-01, 4.14142e-01, 3.57540e-01, 1.62854e-01, 8.55046e-01]
198000 [2.27872e+00, 1.72027e-01, 6.95912e-01, 4.16102e-01, 3.57433e-01, 1.63582e-01, 8.54760e-01]
198500 [2.27670e+00, 1.72568e-01, 6.95849e-01, 4.12857e-01, 3.57353e-01, 1.62733e-01, 8.53247e-01]
199000 [2.27849e+00, 1.72134e-01, 6.95833e-01, 4.16160e-01, 3.57147e-01, 1.63701e-01, 8.48731e-01]
199500 [2.27776e+00, 1.72030e-01, 6.95634e-01, 4.15823e-01, 3.56878e-01, 1.63664e-01, 8.44007e-01]
200000 [2.27580e+00, 1.72070e-01, 6.95779e-01, 4.16118e-01, 3.56748e-01, 1.63567e-01, 8.44894e-01]
200500 [2.27610e+00, 1.72028e-01, 6.95561e-01, 4.16107e-01, 3.56587e-01, 1.63678e-01, 8.42498e-01]
201000 [2.27707e+00, 1.72037e-01, 6.95350e-01, 4.16181e-01, 3.56407e-01, 1.63701e-01, 8.43357e-01]
201500 [2.27841e+00, 1.72005e-01, 6.95211e-01, 4.16346e-01, 3.56216e-01, 1.63681e-01, 8.47942e-01]
202000 [2.27941e+00, 1.72025e-01, 6.95196e-01, 4.16282e-01, 3.56069e-01, 1.63730e-01, 8.53424e-01]
202500 [2.28045e+00, 1.71957e-01, 6.95026e-01, 4.15894e-01, 3.55812e-01, 1.63660e-01, 8.60574e-01]
203000 [2.28190e+00, 1.71969e-01, 6.95011e-01, 4.16367e-01, 3.55689e-01, 1.63667e-01, 8.67738e-01]
203500 [2.28343e+00, 1.71923e-01, 6.94962e-01, 4.16349e-01, 3.55537e-01, 1.63712e-01, 8.73126e-01]
204000 [2.28461e+00, 1.71770e-01, 6.94728e-01, 4.16109e-01, 3.55225e-01, 1.63575e-01, 8.80317e-01]
204500 [2.28624e+00, 1.71782e-01, 6.95056e-01, 4.16030e-01, 3.55312e-01, 1.63604e-01, 8.86836e-01]
205000 [2.28635e+00, 1.71765e-01, 6.94818e-01, 4.16067e-01, 3.55090e-01, 1.63613e-01, 8.90401e-01]
205500 [2.28606e+00, 1.71878e-01, 6.94666e-01, 4.16241e-01, 3.54965e-01, 1.63573e-01, 8.96595e-01]
206000 [2.28601e+00, 1.72143e-01, 6.94615e-01, 4.12186e-01, 3.54936e-01, 1.63349e-01, 8.99368e-01]
206500 [2.28322e+00, 1.71759e-01, 6.94476e-01, 4.16170e-01, 3.54545e-01, 1.63639e-01, 9.04287e-01]
207000 [2.28434e+00, 1.71885e-01, 6.94430e-01, 4.16389e-01, 3.54506e-01, 1.63761e-01, 9.09575e-01]
207500 [2.28496e+00, 1.71787e-01, 6.94449e-01, 4.16288e-01, 3.54301e-01, 1.63645e-01, 9.15625e-01]
208000 [2.28322e+00, 1.71849e-01, 6.94420e-01, 4.16979e-01, 3.54251e-01, 1.63721e-01, 9.22091e-01]
208500 [2.28246e+00, 1.71807e-01, 6.94432e-01, 4.15283e-01, 3.54104e-01, 1.63483e-01, 9.25816e-01]
209000 [2.26147e+00, 1.73319e-01, 6.94618e-01, 4.10312e-01, 3.54073e-01, 1.61993e-01, 9.27951e-01]
209500 [2.26317e+00, 1.72181e-01, 6.94585e-01, 4.16067e-01, 3.53880e-01, 1.63276e-01, 9.30018e-01]
210000 [2.26991e+00, 1.71860e-01, 6.94526e-01, 4.15366e-01, 3.53735e-01, 1.63350e-01, 9.33637e-01]
210500 [2.27326e+00, 1.71764e-01, 6.94526e-01, 4.15607e-01, 3.53616e-01, 1.63369e-01, 9.38399e-01]
211000 [2.27612e+00, 1.71722e-01, 6.94361e-01, 4.15651e-01, 3.53451e-01, 1.63390e-01, 9.43274e-01]
211500 [2.27849e+00, 1.71733e-01, 6.94309e-01, 4.15556e-01, 3.53320e-01, 1.63400e-01, 9.50019e-01]
212000 [2.28021e+00, 1.71753e-01, 6.94237e-01, 4.15308e-01, 3.53158e-01, 1.63380e-01, 9.56944e-01]
212500 [2.28059e+00, 1.71851e-01, 6.95458e-01, 4.15791e-01, 3.53492e-01, 1.63470e-01, 9.65026e-01]
213000 [2.27754e+00, 1.71864e-01, 6.95321e-01, 4.14873e-01, 3.53185e-01, 1.63091e-01, 9.66722e-01]
213500 [2.27822e+00, 1.71830e-01, 6.95101e-01, 4.15516e-01, 3.53022e-01, 1.63264e-01, 9.71586e-01]
214000 [2.28028e+00, 1.71747e-01, 6.94842e-01, 4.15738e-01, 3.52838e-01, 1.63364e-01, 9.74523e-01]
214500 [2.27540e+00, 1.72184e-01, 6.94972e-01, 4.15981e-01, 3.52864e-01, 1.63030e-01, 9.78146e-01]
215000 [2.27813e+00, 1.71966e-01, 6.94996e-01, 4.15594e-01, 3.52670e-01, 1.63596e-01, 9.91120e-01]
215500 [2.28016e+00, 1.71888e-01, 6.94932e-01, 4.15861e-01, 3.52492e-01, 1.63456e-01, 9.98981e-01]
216000 [2.27526e+00, 1.72253e-01, 6.95215e-01, 4.15360e-01, 3.52622e-01, 1.62982e-01, 1.00765e+00]
216500 [2.28028e+00, 1.72270e-01, 6.95242e-01, 4.16094e-01, 3.52773e-01, 1.63615e-01, 1.01074e+00]
217000 [2.27830e+00, 1.72031e-01, 6.95119e-01, 4.15743e-01, 3.52422e-01, 1.63380e-01, 1.00778e+00]
217500 [2.27818e+00, 1.71938e-01, 6.94922e-01, 4.15790e-01, 3.52212e-01, 1.63486e-01, 1.00674e+00]
218000 [2.27845e+00, 1.71971e-01, 6.94888e-01, 4.15924e-01, 3.52114e-01, 1.63439e-01, 1.00541e+00]
218500 [2.28032e+00, 1.71939e-01, 6.95187e-01, 4.16053e-01, 3.52123e-01, 1.63569e-01, 1.00961e+00]
219000 [2.28109e+00, 1.71915e-01, 6.95124e-01, 4.15799e-01, 3.51953e-01, 1.63390e-01, 1.01312e+00]
219500 [2.28210e+00, 1.71796e-01, 6.95120e-01, 4.15755e-01, 3.51790e-01, 1.63460e-01, 1.01861e+00]
220000 [2.28265e+00, 1.71854e-01, 6.95051e-01, 4.15533e-01, 3.51675e-01, 1.63260e-01, 1.02442e+00]
220500 [2.28398e+00, 1.71807e-01, 6.95015e-01, 4.15830e-01, 3.51579e-01, 1.63581e-01, 1.03208e+00]
221000 [2.28421e+00, 1.71802e-01, 6.94990e-01, 4.16032e-01, 3.51505e-01, 1.63459e-01, 1.03649e+00]
221500 [2.28444e+00, 1.71728e-01, 6.94816e-01, 4.15730e-01, 3.51343e-01, 1.63394e-01, 1.04038e+00]
222000 [2.28413e+00, 1.72059e-01, 6.95078e-01, 4.15594e-01, 3.51491e-01, 1.63381e-01, 1.05326e+00]
222500 [2.28359e+00, 1.72154e-01, 6.94954e-01, 4.16176e-01, 3.51336e-01, 1.63239e-01, 1.05762e+00]
223000 [2.28376e+00, 1.71976e-01, 6.94844e-01, 4.16383e-01, 3.51159e-01, 1.63535e-01, 1.06623e+00]
223500 [2.28281e+00, 1.72084e-01, 6.94797e-01, 4.16051e-01, 3.51109e-01, 1.63463e-01, 1.07509e+00]
224000 [2.27975e+00, 1.72082e-01, 6.94821e-01, 4.16227e-01, 3.50964e-01, 1.63509e-01, 1.08507e+00]
224500 [2.28152e+00, 1.72151e-01, 6.95198e-01, 4.16241e-01, 3.51283e-01, 1.63723e-01, 1.08888e+00]
225000 [2.27917e+00, 1.72107e-01, 6.95018e-01, 4.12165e-01, 3.50978e-01, 1.63176e-01, 1.08865e+00]
225500 [2.27348e+00, 1.71997e-01, 6.94952e-01, 4.15429e-01, 3.50881e-01, 1.63256e-01, 1.08912e+00]
226000 [2.24682e+00, 1.79890e-01, 6.98410e-01, 4.08483e-01, 3.53277e-01, 1.59707e-01, 1.08008e+00]
226500 [2.20875e+00, 1.87951e-01, 6.98547e-01, 4.11680e-01, 3.52943e-01, 1.61711e-01, 1.08000e+00]
227000 [2.18870e+00, 1.89865e-01, 6.98889e-01, 4.17086e-01, 3.52636e-01, 1.64695e-01, 1.08835e+00]
227500 [2.18079e+00, 1.90890e-01, 6.99432e-01, 4.19875e-01, 3.52394e-01, 1.65852e-01, 1.09365e+00]
228000 [2.17639e+00, 1.91129e-01, 7.00534e-01, 4.22601e-01, 3.53352e-01, 1.66117e-01, 1.09723e+00]
228500 [2.17706e+00, 1.91387e-01, 7.01121e-01, 4.21054e-01, 3.52846e-01, 1.66094e-01, 1.09627e+00]
229000 [2.17702e+00, 1.91301e-01, 7.01450e-01, 4.21405e-01, 3.52246e-01, 1.66189e-01, 1.09426e+00]
229500 [2.18405e+00, 1.91314e-01, 7.01642e-01, 4.22145e-01, 3.52246e-01, 1.66697e-01, 1.09979e+00]
230000 [2.18891e+00, 1.91119e-01, 7.01857e-01, 4.23193e-01, 3.51830e-01, 1.66877e-01, 1.10157e+00]
230500 [2.19118e+00, 1.90698e-01, 7.02085e-01, 4.23487e-01, 3.51282e-01, 1.66674e-01, 1.10336e+00]
231000 [2.21406e+00, 1.93433e-01, 7.02895e-01, 4.30448e-01, 3.52385e-01, 1.70253e-01, 1.11362e+00]
231500 [2.22710e+00, 1.94720e-01, 7.02729e-01, 4.31259e-01, 3.51810e-01, 1.70414e-01, 1.12065e+00]
232000 [2.23073e+00, 1.94578e-01, 7.03294e-01, 4.31202e-01, 3.51586e-01, 1.70612e-01, 1.12702e+00]
232500 [2.23591e+00, 1.93664e-01, 7.04008e-01, 4.31777e-01, 3.51419e-01, 1.70335e-01, 1.13102e+00]
233000 [2.24013e+00, 1.93110e-01, 7.04433e-01, 4.31681e-01, 3.51167e-01, 1.69963e-01, 1.13383e+00]
233500 [2.24276e+00, 1.93038e-01, 7.04962e-01, 4.31942e-01, 3.51116e-01, 1.69858e-01, 1.13644e+00]
234000 [2.24498e+00, 1.93031e-01, 7.05307e-01, 4.32060e-01, 3.50893e-01, 1.69730e-01, 1.13880e+00]
234500 [2.24478e+00, 1.93749e-01, 7.06398e-01, 4.28908e-01, 3.51674e-01, 1.69191e-01, 1.14807e+00]
235000 [2.24357e+00, 1.93861e-01, 7.06836e-01, 4.31021e-01, 3.51314e-01, 1.69673e-01, 1.14723e+00]
235500 [2.24435e+00, 1.94145e-01, 7.07540e-01, 4.31747e-01, 3.51031e-01, 1.70109e-01, 1.14636e+00]
236000 [2.24745e+00, 1.94489e-01, 7.08595e-01, 4.31881e-01, 3.51519e-01, 1.70227e-01, 1.15088e+00]
236500 [2.23909e+00, 1.94694e-01, 7.09335e-01, 4.27261e-01, 3.51113e-01, 1.69178e-01, 1.14841e+00]
237000 [2.22826e+00, 1.95347e-01, 7.10253e-01, 4.27748e-01, 3.50869e-01, 1.69217e-01, 1.14560e+00]
237500 [2.23060e+00, 1.95749e-01, 7.11250e-01, 4.32676e-01, 3.51872e-01, 1.70983e-01, 1.14568e+00]
238000 [2.23825e+00, 1.94593e-01, 7.11029e-01, 4.31235e-01, 3.51347e-01, 1.70488e-01, 1.14245e+00]
238500 [2.24438e+00, 1.94636e-01, 7.11215e-01, 4.30506e-01, 3.50985e-01, 1.69897e-01, 1.13924e+00]
239000 [2.24847e+00, 1.94832e-01, 7.11512e-01, 4.30479e-01, 3.50839e-01, 1.69813e-01, 1.13930e+00]
239500 [2.24094e+00, 1.95206e-01, 7.12266e-01, 4.28143e-01, 3.50784e-01, 1.69020e-01, 1.14462e+00]
240000 [2.24011e+00, 1.95147e-01, 7.12665e-01, 4.30481e-01, 3.50748e-01, 1.69626e-01, 1.14597e+00]
240500 [2.25169e+00, 1.94875e-01, 7.13927e-01, 4.33342e-01, 3.51167e-01, 1.70968e-01, 1.15116e+00]
241000 [2.23978e+00, 1.95949e-01, 7.14529e-01, 4.30381e-01, 3.50870e-01, 1.69771e-01, 1.14747e+00]
241500 [2.23639e+00, 1.96429e-01, 7.14885e-01, 4.30641e-01, 3.50710e-01, 1.69916e-01, 1.14544e+00]
242000 [2.23922e+00, 1.96661e-01, 7.15367e-01, 4.31651e-01, 3.50563e-01, 1.70212e-01, 1.14527e+00]
242500 [2.24905e+00, 1.96312e-01, 7.16089e-01, 4.32580e-01, 3.50318e-01, 1.70659e-01, 1.14714e+00]
243000 [2.25977e+00, 1.96205e-01, 7.17035e-01, 4.32939e-01, 3.50097e-01, 1.70725e-01, 1.15013e+00]
243500 [2.27041e+00, 1.96137e-01, 7.18035e-01, 4.33926e-01, 3.49964e-01, 1.71175e-01, 1.15314e+00]
244000 [2.28333e+00, 1.96041e-01, 7.18985e-01, 4.35116e-01, 3.49743e-01, 1.71582e-01, 1.15569e+00]
244500 [2.29619e+00, 1.96447e-01, 7.19862e-01, 4.36998e-01, 3.49692e-01, 1.72223e-01, 1.15982e+00]
245000 [2.30984e+00, 1.97193e-01, 7.20617e-01, 4.39759e-01, 3.49698e-01, 1.73128e-01, 1.16460e+00]
245500 [2.32482e+00, 1.95588e-01, 7.22120e-01, 4.44613e-01, 3.50811e-01, 1.73977e-01, 1.17190e+00]
246000 [2.34345e+00, 1.94133e-01, 7.22077e-01, 4.44449e-01, 3.50218e-01, 1.73547e-01, 1.17109e+00]
246500 [2.35728e+00, 1.93462e-01, 7.21888e-01, 4.45125e-01, 3.49909e-01, 1.73547e-01, 1.16977e+00]
247000 [2.36784e+00, 1.93142e-01, 7.21581e-01, 4.46971e-01, 3.49704e-01, 1.73864e-01, 1.17093e+00]
247500 [2.33025e+00, 1.96883e-01, 7.22989e-01, 4.39322e-01, 3.49757e-01, 1.72812e-01, 1.16865e+00]
248000 [2.31678e+00, 1.97965e-01, 7.24757e-01, 4.37288e-01, 3.52059e-01, 1.73989e-01, 1.16497e+00]
248500 [2.30831e+00, 1.98571e-01, 7.25204e-01, 4.35109e-01, 3.51937e-01, 1.72618e-01, 1.15845e+00]
249000 [2.30152e+00, 1.98666e-01, 7.25454e-01, 4.35384e-01, 3.51686e-01, 1.72407e-01, 1.15584e+00]
249500 [2.29679e+00, 1.99293e-01, 7.26034e-01, 4.42281e-01, 3.51346e-01, 1.72473e-01, 1.14753e+00]
250000 [2.30107e+00, 1.98558e-01, 7.26130e-01, 4.39604e-01, 3.50911e-01, 1.73230e-01, 1.15231e+00]
250500 [2.29630e+00, 1.97646e-01, 7.26423e-01, 4.38099e-01, 3.50651e-01, 1.72606e-01, 1.15262e+00]
251000 [2.29618e+00, 1.96521e-01, 7.26369e-01, 4.39997e-01, 3.50306e-01, 1.72789e-01, 1.15271e+00]
251500 [2.30773e+00, 1.95233e-01, 7.25823e-01, 4.41619e-01, 3.49635e-01, 1.72742e-01, 1.15172e+00]
252000 [2.36278e+00, 1.86354e-01, 7.25898e-01, 4.45547e-01, 3.49735e-01, 1.75939e-01, 1.15483e+00]
252500 [2.37888e+00, 1.82398e-01, 7.25705e-01, 4.36776e-01, 3.49544e-01, 1.72445e-01, 1.15341e+00]
253000 [2.37428e+00, 1.80301e-01, 7.25405e-01, 4.33550e-01, 3.49543e-01, 1.70475e-01, 1.15138e+00]
253500 [2.36578e+00, 1.78802e-01, 7.25019e-01, 4.31112e-01, 3.49555e-01, 1.69864e-01, 1.14982e+00]
254000 [2.35872e+00, 1.77616e-01, 7.24333e-01, 4.29829e-01, 3.49491e-01, 1.69511e-01, 1.15156e+00]
254500 [2.35130e+00, 1.76544e-01, 7.23577e-01, 4.28398e-01, 3.49465e-01, 1.68868e-01, 1.15334e+00]
255000 [2.34395e+00, 1.75828e-01, 7.22678e-01, 4.26767e-01, 3.49434e-01, 1.68161e-01, 1.15397e+00]
255500 [2.33737e+00, 1.75220e-01, 7.21742e-01, 4.25835e-01, 3.49378e-01, 1.67587e-01, 1.15465e+00]
256000 [2.33177e+00, 1.74625e-01, 7.20820e-01, 4.25082e-01, 3.49301e-01, 1.67246e-01, 1.15445e+00]
256500 [2.32768e+00, 1.74252e-01, 7.19835e-01, 4.24923e-01, 3.49383e-01, 1.67397e-01, 1.15499e+00]
257000 [2.32089e+00, 1.74500e-01, 7.19149e-01, 4.19149e-01, 3.49833e-01, 1.66318e-01, 1.15805e+00]
257500 [2.30914e+00, 1.74345e-01, 7.18362e-01, 4.18975e-01, 3.49473e-01, 1.64902e-01, 1.15898e+00]
258000 [2.30268e+00, 1.74080e-01, 7.17427e-01, 4.19185e-01, 3.49484e-01, 1.64930e-01, 1.15937e+00]
258500 [2.29926e+00, 1.73794e-01, 7.16474e-01, 4.19195e-01, 3.49442e-01, 1.64861e-01, 1.16042e+00]
259000 [2.29674e+00, 1.73499e-01, 7.15497e-01, 4.18980e-01, 3.49313e-01, 1.64724e-01, 1.16269e+00]
259500 [2.29528e+00, 1.73396e-01, 7.14581e-01, 4.19077e-01, 3.49310e-01, 1.64810e-01, 1.16699e+00]
260000 [2.29426e+00, 1.73291e-01, 7.13709e-01, 4.18944e-01, 3.49298e-01, 1.64850e-01, 1.17159e+00]
260500 [2.29334e+00, 1.73203e-01, 7.12831e-01, 4.18755e-01, 3.49243e-01, 1.64728e-01, 1.17626e+00]
261000 [2.29221e+00, 1.73104e-01, 7.12006e-01, 4.18783e-01, 3.49171e-01, 1.64713e-01, 1.18004e+00]
261500 [2.29165e+00, 1.73052e-01, 7.11269e-01, 4.18549e-01, 3.49147e-01, 1.64656e-01, 1.18434e+00]
262000 [2.29059e+00, 1.72940e-01, 7.10472e-01, 4.18110e-01, 3.49022e-01, 1.64508e-01, 1.18986e+00]
262500 [2.28996e+00, 1.72811e-01, 7.09691e-01, 4.18033e-01, 3.48920e-01, 1.64424e-01, 1.19573e+00]
263000 [2.28937e+00, 1.72830e-01, 7.09058e-01, 4.17919e-01, 3.48944e-01, 1.64452e-01, 1.20294e+00]
263500 [2.28882e+00, 1.72754e-01, 7.08353e-01, 4.17815e-01, 3.48881e-01, 1.64374e-01, 1.21073e+00]
264000 [2.28809e+00, 1.72723e-01, 7.07695e-01, 4.17852e-01, 3.48829e-01, 1.64380e-01, 1.21896e+00]
264500 [2.28778e+00, 1.72809e-01, 7.07090e-01, 4.17981e-01, 3.48858e-01, 1.64396e-01, 1.23062e+00]
265000 [2.28740e+00, 1.72646e-01, 7.06522e-01, 4.17958e-01, 3.48734e-01, 1.64367e-01, 1.24251e+00]
265500 [2.28711e+00, 1.72553e-01, 7.05911e-01, 4.17464e-01, 3.48636e-01, 1.64227e-01, 1.25362e+00]
266000 [2.28727e+00, 1.72520e-01, 7.05361e-01, 4.17443e-01, 3.48553e-01, 1.64176e-01, 1.26799e+00]
266500 [2.28693e+00, 1.72486e-01, 7.04827e-01, 4.17444e-01, 3.48531e-01, 1.64180e-01, 1.28075e+00]
267000 [2.28662e+00, 1.72349e-01, 7.04268e-01, 4.16984e-01, 3.48427e-01, 1.64037e-01, 1.29592e+00]
267500 [2.27843e+00, 1.73402e-01, 7.04640e-01, 4.13633e-01, 3.49300e-01, 1.62765e-01, 1.30499e+00]
268000 [2.28197e+00, 1.72334e-01, 7.03922e-01, 4.16571e-01, 3.48979e-01, 1.63348e-01, 1.31591e+00]
268500 [2.28218e+00, 1.72077e-01, 7.03275e-01, 4.16162e-01, 3.48731e-01, 1.63413e-01, 1.31762e+00]
269000 [2.28109e+00, 1.72144e-01, 7.02711e-01, 4.16670e-01, 3.48699e-01, 1.63697e-01, 1.32329e+00]
269500 [2.28315e+00, 1.72045e-01, 7.02146e-01, 4.16452e-01, 3.48539e-01, 1.63558e-01, 1.33038e+00]
270000 [2.28182e+00, 1.72208e-01, 7.01694e-01, 4.16552e-01, 3.48517e-01, 1.63762e-01, 1.33305e+00]
270500 [2.28322e+00, 1.72146e-01, 7.01316e-01, 4.16740e-01, 3.48407e-01, 1.63742e-01, 1.33472e+00]
271000 [2.27537e+00, 1.72777e-01, 7.01372e-01, 4.15340e-01, 3.48504e-01, 1.63214e-01, 1.34050e+00]
271500 [2.27927e+00, 1.72142e-01, 7.00858e-01, 4.16260e-01, 3.48305e-01, 1.63682e-01, 1.34312e+00]
272000 [2.27936e+00, 1.72284e-01, 7.00548e-01, 4.16224e-01, 3.48359e-01, 1.63773e-01, 1.34450e+00]
272500 [2.27976e+00, 1.72114e-01, 7.00071e-01, 4.15855e-01, 3.48161e-01, 1.63629e-01, 1.34825e+00]
273000 [2.28051e+00, 1.72021e-01, 6.99765e-01, 4.16163e-01, 3.48190e-01, 1.63676e-01, 1.35240e+00]
273500 [2.28166e+00, 1.72042e-01, 6.99355e-01, 4.15982e-01, 3.48141e-01, 1.63645e-01, 1.35977e+00]
274000 [2.28191e+00, 1.71957e-01, 6.98993e-01, 4.16241e-01, 3.48034e-01, 1.63550e-01, 1.36890e+00]
274500 [2.28223e+00, 1.71923e-01, 6.98821e-01, 4.15824e-01, 3.48092e-01, 1.63597e-01, 1.37703e+00]
275000 [2.28258e+00, 1.71757e-01, 6.98329e-01, 4.15671e-01, 3.47884e-01, 1.63496e-01, 1.38753e+00]
275500 [2.28141e+00, 1.71602e-01, 6.98354e-01, 4.15252e-01, 3.48131e-01, 1.63326e-01, 1.39568e+00]
276000 [2.28218e+00, 1.71649e-01, 6.97892e-01, 4.15404e-01, 3.47935e-01, 1.63470e-01, 1.40133e+00]
276500 [2.28179e+00, 1.71693e-01, 6.97512e-01, 4.15701e-01, 3.47830e-01, 1.63573e-01, 1.40936e+00]
277000 [2.28198e+00, 1.71622e-01, 6.97225e-01, 4.15760e-01, 3.47772e-01, 1.63490e-01, 1.41743e+00]
277500 [2.28138e+00, 1.71842e-01, 6.96976e-01, 4.15153e-01, 3.47787e-01, 1.63317e-01, 1.42498e+00]
278000 [2.27814e+00, 1.71786e-01, 6.96879e-01, 4.14003e-01, 3.47844e-01, 1.62951e-01, 1.43142e+00]
278500 [2.27974e+00, 1.71675e-01, 6.96588e-01, 4.16024e-01, 3.47701e-01, 1.63334e-01, 1.44396e+00]
279000 [2.28118e+00, 1.71845e-01, 6.96243e-01, 4.15242e-01, 3.47580e-01, 1.63055e-01, 1.44776e+00]
279500 [2.28252e+00, 1.71489e-01, 6.95995e-01, 4.14991e-01, 3.47485e-01, 1.63256e-01, 1.45325e+00]
280000 [2.27685e+00, 1.71857e-01, 6.96014e-01, 4.14474e-01, 3.47611e-01, 1.63463e-01, 1.46665e+00]
280500 [2.27953e+00, 1.71642e-01, 6.95730e-01, 4.15414e-01, 3.47408e-01, 1.63384e-01, 1.46699e+00]
281000 [2.28124e+00, 1.71748e-01, 6.95545e-01, 4.13860e-01, 3.47368e-01, 1.63134e-01, 1.46886e+00]
281500 [2.28254e+00, 1.71620e-01, 6.95426e-01, 4.15173e-01, 3.47346e-01, 1.63298e-01, 1.47419e+00]
282000 [2.28254e+00, 1.71568e-01, 6.95199e-01, 4.15768e-01, 3.47270e-01, 1.63419e-01, 1.47859e+00]
282500 [2.28093e+00, 1.71663e-01, 6.94981e-01, 4.15508e-01, 3.47254e-01, 1.63467e-01, 1.47998e+00]
283000 [2.28313e+00, 1.71520e-01, 6.94814e-01, 4.15094e-01, 3.47167e-01, 1.63345e-01, 1.47653e+00]
283500 [2.28451e+00, 1.71439e-01, 6.94648e-01, 4.14921e-01, 3.47090e-01, 1.63239e-01, 1.47523e+00]
284000 [2.28486e+00, 1.71422e-01, 6.94475e-01, 4.15039e-01, 3.47053e-01, 1.63229e-01, 1.47482e+00]
284500 [2.28486e+00, 1.71350e-01, 6.94253e-01, 4.14981e-01, 3.46965e-01, 1.63183e-01, 1.47533e+00]
285000 [2.28433e+00, 1.71409e-01, 6.94134e-01, 4.15176e-01, 3.46950e-01, 1.63239e-01, 1.47601e+00]
285500 [2.28347e+00, 1.71346e-01, 6.93929e-01, 4.15024e-01, 3.46846e-01, 1.63187e-01, 1.47715e+00]
286000 [2.28260e+00, 1.71641e-01, 6.93821e-01, 4.11657e-01, 3.46818e-01, 1.62752e-01, 1.47965e+00]
286500 [2.28278e+00, 1.71325e-01, 6.93630e-01, 4.14905e-01, 3.46769e-01, 1.63186e-01, 1.48147e+00]
287000 [2.28259e+00, 1.71343e-01, 6.93419e-01, 4.15304e-01, 3.46719e-01, 1.63195e-01, 1.48383e+00]
287500 [2.27962e+00, 1.71754e-01, 6.93584e-01, 4.16567e-01, 3.46871e-01, 1.63572e-01, 1.49395e+00]
288000 [2.27972e+00, 1.72825e-01, 6.94442e-01, 4.11760e-01, 3.48380e-01, 1.63490e-01, 1.51033e+00]
288500 [2.26692e+00, 1.73213e-01, 6.94855e-01, 4.12504e-01, 3.48242e-01, 1.62730e-01, 1.50736e+00]
289000 [2.25900e+00, 1.72746e-01, 6.94926e-01, 4.12305e-01, 3.47991e-01, 1.62932e-01, 1.50597e+00]
289500 [2.26789e+00, 1.71439e-01, 6.94554e-01, 4.15164e-01, 3.47560e-01, 1.63485e-01, 1.50477e+00]
290000 [2.27618e+00, 1.72006e-01, 6.96101e-01, 4.10415e-01, 3.50033e-01, 1.62441e-01, 1.51093e+00]
290500 [2.26459e+00, 1.72531e-01, 6.96943e-01, 4.11829e-01, 3.49791e-01, 1.61385e-01, 1.50316e+00]
291000 [2.25759e+00, 1.72258e-01, 6.96882e-01, 4.11038e-01, 3.49585e-01, 1.62366e-01, 1.50453e+00]
291500 [2.25159e+00, 1.71999e-01, 6.96758e-01, 4.10753e-01, 3.49298e-01, 1.62373e-01, 1.50461e+00]
292000 [2.24728e+00, 1.71674e-01, 6.96427e-01, 4.11647e-01, 3.49119e-01, 1.62752e-01, 1.50934e+00]
292500 [2.24448e+00, 1.71089e-01, 6.95967e-01, 4.11359e-01, 3.48869e-01, 1.62422e-01, 1.51278e+00]
293000 [2.24146e+00, 1.71940e-01, 6.96506e-01, 4.09149e-01, 3.51241e-01, 1.68073e-01, 1.54545e+00]
293500 [2.23016e+00, 1.73721e-01, 6.96639e-01, 4.03652e-01, 3.51189e-01, 1.60679e-01, 1.54312e+00]
294000 [2.22255e+00, 1.73943e-01, 6.96576e-01, 4.04305e-01, 3.51060e-01, 1.59718e-01, 1.53952e+00]
294500 [2.21581e+00, 1.74057e-01, 6.96418e-01, 4.04505e-01, 3.50874e-01, 1.59736e-01, 1.53728e+00]
295000 [2.21010e+00, 1.74104e-01, 6.96174e-01, 4.04562e-01, 3.50629e-01, 1.59788e-01, 1.53597e+00]
295500 [2.20662e+00, 1.74203e-01, 6.96196e-01, 4.04751e-01, 3.50791e-01, 1.59945e-01, 1.53369e+00]
296000 [2.20452e+00, 1.74208e-01, 6.96140e-01, 4.04745e-01, 3.50931e-01, 1.59969e-01, 1.53066e+00]
296500 [2.20298e+00, 1.74142e-01, 6.95983e-01, 4.04593e-01, 3.50979e-01, 1.59923e-01, 1.52745e+00]
297000 [2.21102e+00, 1.73230e-01, 6.95810e-01, 4.11929e-01, 3.51337e-01, 1.62426e-01, 1.56016e+00]
297500 [2.22342e+00, 1.71792e-01, 6.95599e-01, 4.09065e-01, 3.51165e-01, 1.61892e-01, 1.57113e+00]
298000 [2.22547e+00, 1.71431e-01, 6.95460e-01, 4.08295e-01, 3.51130e-01, 1.61508e-01, 1.57630e+00]
298500 [2.22511e+00, 1.71274e-01, 6.95305e-01, 4.07955e-01, 3.51079e-01, 1.61338e-01, 1.58003e+00]
299000 [2.22459e+00, 1.71137e-01, 6.95128e-01, 4.07826e-01, 3.51020e-01, 1.61262e-01, 1.58360e+00]
299500 [2.22419e+00, 1.71000e-01, 6.94834e-01, 4.08433e-01, 3.50859e-01, 1.60971e-01, 1.58144e+00]
300000 [2.22456e+00, 1.70991e-01, 6.94977e-01, 4.08149e-01, 3.51041e-01, 1.61168e-01, 1.58385e+00]
300500 [2.22548e+00, 1.70844e-01, 6.94700e-01, 4.08419e-01, 3.50935e-01, 1.61257e-01, 1.58534e+00]
301000 [2.22685e+00, 1.70705e-01, 6.94381e-01, 4.08318e-01, 3.50819e-01, 1.61141e-01, 1.58968e+00]
301500 [2.22833e+00, 1.70601e-01, 6.94083e-01, 4.08377e-01, 3.50701e-01, 1.61075e-01, 1.59491e+00]
302000 [2.22930e+00, 1.70457e-01, 6.93937e-01, 4.07857e-01, 3.50783e-01, 1.61397e-01, 1.59886e+00]
302500 [2.22996e+00, 1.70401e-01, 6.93511e-01, 4.08235e-01, 3.50611e-01, 1.61066e-01, 1.60100e+00]
303000 [2.23102e+00, 1.70319e-01, 6.93185e-01, 4.08196e-01, 3.50513e-01, 1.60991e-01, 1.60294e+00]
303500 [2.23134e+00, 1.70432e-01, 6.93154e-01, 4.08253e-01, 3.50534e-01, 1.61009e-01, 1.60473e+00]
304000 [2.23206e+00, 1.70265e-01, 6.92782e-01, 4.08177e-01, 3.50369e-01, 1.60957e-01, 1.60511e+00]
304500 [2.23273e+00, 1.70192e-01, 6.92438e-01, 4.08078e-01, 3.50252e-01, 1.60899e-01, 1.60768e+00]
305000 [2.23287e+00, 1.70180e-01, 6.92161e-01, 4.08064e-01, 3.50155e-01, 1.60885e-01, 1.61044e+00]
305500 [2.23339e+00, 1.70281e-01, 6.92277e-01, 4.08397e-01, 3.50522e-01, 1.61207e-01, 1.61856e+00]
306000 [2.23327e+00, 1.70288e-01, 6.91915e-01, 4.08214e-01, 3.50194e-01, 1.60910e-01, 1.61806e+00]
306500 [2.23458e+00, 1.70198e-01, 6.91578e-01, 4.08302e-01, 3.49985e-01, 1.60944e-01, 1.62055e+00]
307000 [2.23503e+00, 1.70184e-01, 6.91333e-01, 4.08365e-01, 3.49814e-01, 1.60934e-01, 1.62400e+00]
307500 [2.23563e+00, 1.70252e-01, 6.91168e-01, 4.08576e-01, 3.49700e-01, 1.61016e-01, 1.62853e+00]
308000 [2.23531e+00, 1.70257e-01, 6.90872e-01, 4.08555e-01, 3.49456e-01, 1.60951e-01, 1.63109e+00]
308500 [2.23509e+00, 1.70544e-01, 6.91214e-01, 4.08684e-01, 3.49487e-01, 1.61120e-01, 1.61217e+00]
309000 [2.23731e+00, 1.70567e-01, 6.91081e-01, 4.09281e-01, 3.49367e-01, 1.61342e-01, 1.61043e+00]
309500 [2.23932e+00, 1.70633e-01, 6.91000e-01, 4.09654e-01, 3.49287e-01, 1.61394e-01, 1.60850e+00]
310000 [2.24135e+00, 1.70961e-01, 6.91524e-01, 4.10616e-01, 3.49720e-01, 1.61685e-01, 1.61116e+00]
310500 [2.23456e+00, 1.71082e-01, 6.91300e-01, 4.08684e-01, 3.49448e-01, 1.61205e-01, 1.60900e+00]
311000 [2.23655e+00, 1.70458e-01, 6.91040e-01, 4.09774e-01, 3.49279e-01, 1.61396e-01, 1.60833e+00]
311500 [2.23947e+00, 1.70436e-01, 6.90865e-01, 4.10200e-01, 3.49205e-01, 1.61511e-01, 1.60686e+00]
312000 [2.24300e+00, 1.70382e-01, 6.90711e-01, 4.10797e-01, 3.49092e-01, 1.61612e-01, 1.60658e+00]
312500 [2.24587e+00, 1.70882e-01, 6.91145e-01, 4.09943e-01, 3.49429e-01, 1.61723e-01, 1.60680e+00]
313000 [2.24643e+00, 1.70537e-01, 6.90639e-01, 4.09941e-01, 3.49185e-01, 1.61433e-01, 1.60709e+00]
313500 [2.24763e+00, 1.70269e-01, 6.90312e-01, 4.10972e-01, 3.49177e-01, 1.61621e-01, 1.60928e+00]
314000 [2.24954e+00, 1.70050e-01, 6.90434e-01, 4.11826e-01, 3.49175e-01, 1.61805e-01, 1.59598e+00]
314500 [2.24083e+00, 1.72185e-01, 6.91297e-01, 4.10140e-01, 3.50324e-01, 1.61770e-01, 1.59302e+00]
315000 [2.24365e+00, 1.71486e-01, 6.91068e-01, 4.11987e-01, 3.50035e-01, 1.61724e-01, 1.59333e+00]
315500 [2.24759e+00, 1.71308e-01, 6.90783e-01, 4.12713e-01, 3.49858e-01, 1.61830e-01, 1.59455e+00]
316000 [2.25050e+00, 1.71212e-01, 6.90814e-01, 4.10750e-01, 3.49669e-01, 1.61529e-01, 1.59578e+00]
316500 [2.25088e+00, 1.71035e-01, 6.90553e-01, 4.11903e-01, 3.49625e-01, 1.61647e-01, 1.59227e+00]
317000 [2.25251e+00, 1.70932e-01, 6.90467e-01, 4.12093e-01, 3.49540e-01, 1.61847e-01, 1.59184e+00]
317500 [2.25372e+00, 1.70925e-01, 6.90331e-01, 4.12228e-01, 3.49584e-01, 1.61965e-01, 1.59187e+00]
318000 [2.25646e+00, 1.70715e-01, 6.90776e-01, 4.12885e-01, 3.49634e-01, 1.62390e-01, 1.59442e+00]
318500 [2.25654e+00, 1.70108e-01, 6.90527e-01, 4.13395e-01, 3.49457e-01, 1.62587e-01, 1.59392e+00]
319000 [2.25441e+00, 1.69662e-01, 6.90060e-01, 4.14133e-01, 3.49350e-01, 1.62566e-01, 1.59202e+00]
319500 [2.24641e+00, 1.70684e-01, 6.89946e-01, 4.09303e-01, 3.49356e-01, 1.60846e-01, 1.58981e+00]
320000 [2.24331e+00, 1.70638e-01, 6.89916e-01, 4.09674e-01, 3.49297e-01, 1.61039e-01, 1.58664e+00]
320500 [2.24379e+00, 1.70626e-01, 6.89951e-01, 4.09827e-01, 3.49244e-01, 1.61129e-01, 1.58599e+00]
321000 [2.24265e+00, 1.70867e-01, 6.90307e-01, 4.09413e-01, 3.49846e-01, 1.61065e-01, 1.58395e+00]
321500 [2.24532e+00, 1.70693e-01, 6.90052e-01, 4.10397e-01, 3.49505e-01, 1.61332e-01, 1.58499e+00]
322000 [2.24687e+00, 1.70757e-01, 6.89782e-01, 4.10537e-01, 3.49240e-01, 1.61402e-01, 1.58509e+00]
322500 [2.24714e+00, 1.70620e-01, 6.89727e-01, 4.10502e-01, 3.49309e-01, 1.61292e-01, 1.58408e+00]
323000 [2.24816e+00, 1.70792e-01, 6.89473e-01, 4.10472e-01, 3.49293e-01, 1.61470e-01, 1.58424e+00]
323500 [2.24113e+00, 1.71403e-01, 6.89739e-01, 4.09422e-01, 3.50409e-01, 1.61399e-01, 1.57833e+00]
324000 [2.24050e+00, 1.70945e-01, 6.89865e-01, 4.09549e-01, 3.50119e-01, 1.61602e-01, 1.57950e+00]
324500 [2.24233e+00, 1.70661e-01, 6.89488e-01, 4.09659e-01, 3.49891e-01, 1.61399e-01, 1.58162e+00]
325000 [2.24366e+00, 1.70521e-01, 6.89426e-01, 4.11112e-01, 3.49815e-01, 1.61620e-01, 1.58354e+00]
325500 [2.24636e+00, 1.70471e-01, 6.89296e-01, 4.09340e-01, 3.49583e-01, 1.61858e-01, 1.58419e+00]
326000 [2.24765e+00, 1.70286e-01, 6.89573e-01, 4.10256e-01, 3.49658e-01, 1.61395e-01, 1.58329e+00]
326500 [2.24717e+00, 1.70224e-01, 6.89620e-01, 4.09162e-01, 3.49588e-01, 1.61330e-01, 1.58431e+00]
327000 [2.24038e+00, 1.71256e-01, 6.90488e-01, 4.09332e-01, 3.50314e-01, 1.61448e-01, 1.58629e+00]
327500 [2.24140e+00, 1.70415e-01, 6.90321e-01, 4.12061e-01, 3.49886e-01, 1.62507e-01, 1.58741e+00]
328000 [2.21268e+00, 1.73166e-01, 6.90805e-01, 4.02432e-01, 3.50011e-01, 1.58938e-01, 1.58545e+00]
328500 [2.20145e+00, 1.73577e-01, 6.90605e-01, 4.03340e-01, 3.49938e-01, 1.59342e-01, 1.58468e+00]
329000 [2.19699e+00, 1.73624e-01, 6.90349e-01, 4.03442e-01, 3.49839e-01, 1.59369e-01, 1.58455e+00]
329500 [2.19471e+00, 1.73630e-01, 6.90274e-01, 4.03285e-01, 3.49808e-01, 1.59393e-01, 1.58447e+00]
330000 [2.19302e+00, 1.73497e-01, 6.90087e-01, 4.03133e-01, 3.49679e-01, 1.59257e-01, 1.58449e+00]
330500 [2.19322e+00, 1.73465e-01, 6.90353e-01, 4.03050e-01, 3.49945e-01, 1.59317e-01, 1.57069e+00]
331000 [2.19526e+00, 1.73944e-01, 6.90416e-01, 4.04068e-01, 3.50906e-01, 1.59748e-01, 1.56726e+00]
331500 [2.20890e+00, 1.72003e-01, 6.90539e-01, 4.09958e-01, 3.50456e-01, 1.61916e-01, 1.57303e+00]
332000 [2.22304e+00, 1.71451e-01, 6.90677e-01, 4.08934e-01, 3.50088e-01, 1.61402e-01, 1.57601e+00]
332500 [2.22156e+00, 1.73656e-01, 6.92192e-01, 4.13915e-01, 3.52876e-01, 1.62454e-01, 1.57577e+00]
333000 [2.23119e+00, 1.72590e-01, 6.92604e-01, 4.11019e-01, 3.52516e-01, 1.62470e-01, 1.57528e+00]
333500 [2.24104e+00, 1.71598e-01, 6.92539e-01, 4.13166e-01, 3.52169e-01, 1.62543e-01, 1.57564e+00]
334000 [2.24835e+00, 1.71000e-01, 6.92604e-01, 4.12875e-01, 3.51701e-01, 1.62363e-01, 1.56399e+00]
334500 [2.25351e+00, 1.70844e-01, 6.92570e-01, 4.13089e-01, 3.51341e-01, 1.62282e-01, 1.54415e+00]
335000 [2.25675e+00, 1.70706e-01, 6.92469e-01, 4.13831e-01, 3.50869e-01, 1.62456e-01, 1.51905e+00]
335500 [2.25886e+00, 1.70930e-01, 6.92750e-01, 4.14329e-01, 3.50760e-01, 1.62544e-01, 1.49335e+00]
336000 [2.26047e+00, 1.70797e-01, 6.92649e-01, 4.13982e-01, 3.50749e-01, 1.62836e-01, 1.47835e+00]
336500 [2.26336e+00, 1.70719e-01, 6.92708e-01, 4.14570e-01, 3.50561e-01, 1.62971e-01, 1.45880e+00]
337000 [2.26455e+00, 1.70502e-01, 6.92638e-01, 4.14631e-01, 3.50519e-01, 1.62990e-01, 1.43851e+00]
337500 [2.26664e+00, 1.70470e-01, 6.92608e-01, 4.14868e-01, 3.50453e-01, 1.63132e-01, 1.42343e+00]
338000 [2.26835e+00, 1.70575e-01, 6.92457e-01, 4.15439e-01, 3.50351e-01, 1.63317e-01, 1.41163e+00]
338500 [2.27017e+00, 1.70628e-01, 6.92233e-01, 4.15870e-01, 3.50270e-01, 1.63520e-01, 1.40434e+00]
339000 [2.27240e+00, 1.70634e-01, 6.92089e-01, 4.16114e-01, 3.50067e-01, 1.63666e-01, 1.40170e+00]
339500 [2.27385e+00, 1.70734e-01, 6.91958e-01, 4.16320e-01, 3.50012e-01, 1.63720e-01, 1.40366e+00]
340000 [2.26957e+00, 1.74639e-01, 6.96501e-01, 4.06131e-01, 3.53264e-01, 1.61130e-01, 1.38883e+00]
340500 [2.26750e+00, 1.73307e-01, 6.97970e-01, 4.13120e-01, 3.53064e-01, 1.62579e-01, 1.39052e+00]
341000 [2.26282e+00, 1.73197e-01, 6.98069e-01, 4.12551e-01, 3.52877e-01, 1.62880e-01, 1.39146e+00]
341500 [2.25728e+00, 1.73012e-01, 6.98080e-01, 4.12117e-01, 3.52665e-01, 1.62763e-01, 1.39197e+00]
342000 [2.25212e+00, 1.72793e-01, 6.98129e-01, 4.11651e-01, 3.52553e-01, 1.62623e-01, 1.39295e+00]
342500 [2.24821e+00, 1.72714e-01, 6.98272e-01, 4.11518e-01, 3.52636e-01, 1.62609e-01, 1.39537e+00]
343000 [2.24516e+00, 1.72714e-01, 6.98448e-01, 4.11614e-01, 3.52776e-01, 1.62668e-01, 1.39793e+00]
343500 [2.24294e+00, 1.72627e-01, 6.98565e-01, 4.11354e-01, 3.52845e-01, 1.62606e-01, 1.39992e+00]
344000 [2.24175e+00, 1.72419e-01, 6.98596e-01, 4.11229e-01, 3.52925e-01, 1.62445e-01, 1.40238e+00]
344500 [2.24141e+00, 1.72166e-01, 6.98590e-01, 4.10986e-01, 3.52988e-01, 1.62252e-01, 1.40477e+00]
345000 [2.24165e+00, 1.72036e-01, 6.98561e-01, 4.11118e-01, 3.53275e-01, 1.62360e-01, 1.40469e+00]
345500 [2.24191e+00, 1.71810e-01, 6.98519e-01, 4.10764e-01, 3.53352e-01, 1.62187e-01, 1.40319e+00]
346000 [2.23899e+00, 1.72876e-01, 7.00271e-01, 4.12282e-01, 3.55956e-01, 1.63174e-01, 1.39361e+00]
346500 [2.24183e+00, 1.72303e-01, 7.00032e-01, 4.11677e-01, 3.55789e-01, 1.62239e-01, 1.39475e+00]
347000 [2.24271e+00, 1.72155e-01, 6.99716e-01, 4.11279e-01, 3.55593e-01, 1.62436e-01, 1.39712e+00]
347500 [2.24384e+00, 1.71932e-01, 6.99316e-01, 4.10867e-01, 3.55263e-01, 1.62255e-01, 1.39947e+00]
348000 [2.23879e+00, 1.72787e-01, 6.99266e-01, 4.06352e-01, 3.55486e-01, 1.61270e-01, 1.40268e+00]
348500 [2.24090e+00, 1.72203e-01, 6.99242e-01, 4.10824e-01, 3.55441e-01, 1.62257e-01, 1.40461e+00]
349000 [2.19545e+00, 1.78533e-01, 7.00666e-01, 4.06660e-01, 3.56328e-01, 1.59741e-01, 1.38695e+00]
349500 [2.16300e+00, 1.80412e-01, 7.00770e-01, 4.09835e-01, 3.55918e-01, 1.60669e-01, 1.38351e+00]
350000 [2.14982e+00, 1.81305e-01, 7.01069e-01, 4.11280e-01, 3.55703e-01, 1.61139e-01, 1.37936e+00]
350500 [2.14388e+00, 1.81755e-01, 7.01352e-01, 4.12156e-01, 3.55396e-01, 1.61587e-01, 1.37576e+00]
351000 [2.14100e+00, 1.82151e-01, 7.01608e-01, 4.12571e-01, 3.55136e-01, 1.61595e-01, 1.36767e+00]
351500 [2.13440e+00, 1.83279e-01, 7.01968e-01, 4.12854e-01, 3.54961e-01, 1.61661e-01, 1.36430e+00]
352000 [2.13493e+00, 1.84534e-01, 7.02715e-01, 4.09316e-01, 3.55112e-01, 1.60906e-01, 1.36805e+00]
352500 [2.13157e+00, 1.84277e-01, 7.02468e-01, 4.08648e-01, 3.54884e-01, 1.60846e-01, 1.36798e+00]
353000 [2.13053e+00, 1.84444e-01, 7.02317e-01, 4.08532e-01, 3.54796e-01, 1.60678e-01, 1.37170e+00]
353500 [2.12992e+00, 1.85005e-01, 7.02331e-01, 4.08864e-01, 3.54666e-01, 1.60618e-01, 1.37553e+00]
354000 [2.13222e+00, 1.85821e-01, 7.02848e-01, 4.11086e-01, 3.54516e-01, 1.61713e-01, 1.38260e+00]
354500 [2.13484e+00, 1.86879e-01, 7.03332e-01, 4.11684e-01, 3.54392e-01, 1.62028e-01, 1.38716e+00]
355000 [2.14143e+00, 1.87474e-01, 7.04085e-01, 4.11024e-01, 3.54497e-01, 1.62028e-01, 1.39485e+00]
355500 [2.14523e+00, 1.88291e-01, 7.04597e-01, 4.11781e-01, 3.54454e-01, 1.62480e-01, 1.40440e+00]
356000 [2.14778e+00, 1.89207e-01, 7.05346e-01, 4.11866e-01, 3.54738e-01, 1.62773e-01, 1.41467e+00]
356500 [2.14981e+00, 1.90453e-01, 7.06305e-01, 4.12003e-01, 3.54741e-01, 1.63116e-01, 1.41849e+00]
357000 [2.15552e+00, 1.90850e-01, 7.07891e-01, 4.16749e-01, 3.54695e-01, 1.64872e-01, 1.42799e+00]
357500 [2.17202e+00, 1.87568e-01, 7.08361e-01, 4.23273e-01, 3.54810e-01, 1.66883e-01, 1.42888e+00]
358000 [2.16694e+00, 1.86273e-01, 7.08546e-01, 4.20005e-01, 3.54603e-01, 1.65221e-01, 1.42944e+00]
358500 [2.15869e+00, 1.85479e-01, 7.08748e-01, 4.18240e-01, 3.54425e-01, 1.64498e-01, 1.42842e+00]
359000 [2.15204e+00, 1.84774e-01, 7.08832e-01, 4.16953e-01, 3.54095e-01, 1.64087e-01, 1.42688e+00]
359500 [2.14607e+00, 1.84660e-01, 7.09114e-01, 4.16475e-01, 3.54158e-01, 1.63941e-01, 1.42499e+00]
360000 [2.14156e+00, 1.84373e-01, 7.09070e-01, 4.15794e-01, 3.53947e-01, 1.63697e-01, 1.42312e+00]
360500 [2.13866e+00, 1.84276e-01, 7.09125e-01, 4.15573e-01, 3.53864e-01, 1.63580e-01, 1.42124e+00]
361000 [2.13642e+00, 1.84622e-01, 7.09914e-01, 4.18721e-01, 3.55074e-01, 1.64406e-01, 1.41956e+00]
361500 [2.13804e+00, 1.84137e-01, 7.09806e-01, 4.15628e-01, 3.54824e-01, 1.63647e-01, 1.42002e+00]
362000 [2.13568e+00, 1.83787e-01, 7.09598e-01, 4.14764e-01, 3.54374e-01, 1.63269e-01, 1.42001e+00]
362500 [2.13248e+00, 1.83601e-01, 7.09344e-01, 4.14283e-01, 3.53992e-01, 1.63063e-01, 1.41863e+00]
363000 [2.12978e+00, 1.83681e-01, 7.09220e-01, 4.14449e-01, 3.53890e-01, 1.62902e-01, 1.41689e+00]
363500 [2.12783e+00, 1.83581e-01, 7.09018e-01, 4.14118e-01, 3.53673e-01, 1.62936e-01, 1.41576e+00]
364000 [2.13787e+00, 1.83412e-01, 7.09612e-01, 4.16802e-01, 3.55090e-01, 1.64187e-01, 1.42606e+00]
364500 [2.14383e+00, 1.82426e-01, 7.09328e-01, 4.14763e-01, 3.54805e-01, 1.63988e-01, 1.42523e+00]
365000 [2.14551e+00, 1.81847e-01, 7.09013e-01, 4.13478e-01, 3.54452e-01, 1.63433e-01, 1.42392e+00]
365500 [2.14469e+00, 1.81576e-01, 7.08589e-01, 4.13535e-01, 3.54195e-01, 1.63013e-01, 1.42182e+00]
366000 [2.14326e+00, 1.81440e-01, 7.08280e-01, 4.12294e-01, 3.54130e-01, 1.62989e-01, 1.41808e+00]
366500 [2.13479e+00, 1.84165e-01, 7.08704e-01, 3.99415e-01, 3.54466e-01, 1.58952e-01, 1.41513e+00]
367000 [2.12554e+00, 1.85640e-01, 7.09859e-01, 4.15916e-01, 3.54153e-01, 1.62433e-01, 1.41672e+00]
367500 [2.12398e+00, 1.87449e-01, 7.10171e-01, 4.04565e-01, 3.54158e-01, 1.61090e-01, 1.41412e+00]
368000 [2.13983e+00, 1.87100e-01, 7.10579e-01, 4.11853e-01, 3.54223e-01, 1.62492e-01, 1.41650e+00]
368500 [2.14323e+00, 1.89021e-01, 7.11394e-01, 4.12652e-01, 3.54302e-01, 1.62097e-01, 1.41486e+00]
369000 [2.15058e+00, 1.89287e-01, 7.12161e-01, 4.22032e-01, 3.54668e-01, 1.65603e-01, 1.41198e+00]
369500 [2.15712e+00, 1.89240e-01, 7.12599e-01, 4.14653e-01, 3.54565e-01, 1.63412e-01, 1.40598e+00]
370000 [2.20627e+00, 1.83559e-01, 7.12936e-01, 4.35705e-01, 3.55768e-01, 1.72497e-01, 1.42646e+00]
370500 [2.24586e+00, 1.79102e-01, 7.12406e-01, 4.25103e-01, 3.55373e-01, 1.68746e-01, 1.42779e+00]
371000 [2.26378e+00, 1.76616e-01, 7.11938e-01, 4.19294e-01, 3.54962e-01, 1.66125e-01, 1.42827e+00]
371500 [2.26893e+00, 1.75933e-01, 7.11596e-01, 4.17856e-01, 3.54676e-01, 1.65166e-01, 1.42964e+00]
372000 [2.26921e+00, 1.75473e-01, 7.11385e-01, 4.16552e-01, 3.54675e-01, 1.64913e-01, 1.43032e+00]
372500 [2.26659e+00, 1.75257e-01, 7.11010e-01, 4.16621e-01, 3.54691e-01, 1.64792e-01, 1.42945e+00]
373000 [2.26333e+00, 1.74936e-01, 7.10564e-01, 4.15321e-01, 3.54574e-01, 1.64459e-01, 1.42659e+00]
373500 [2.26015e+00, 1.74663e-01, 7.10117e-01, 4.14972e-01, 3.54471e-01, 1.64131e-01, 1.42370e+00]
374000 [2.25708e+00, 1.74345e-01, 7.09593e-01, 4.14052e-01, 3.54323e-01, 1.63840e-01, 1.42104e+00]
374500 [2.25460e+00, 1.74246e-01, 7.09116e-01, 4.13838e-01, 3.54331e-01, 1.63731e-01, 1.41653e+00]
375000 [2.25625e+00, 1.75090e-01, 7.09756e-01, 4.17514e-01, 3.55283e-01, 1.64938e-01, 1.41494e+00]
375500 [2.26225e+00, 1.74018e-01, 7.09385e-01, 4.16092e-01, 3.54924e-01, 1.64204e-01, 1.41292e+00]
376000 [2.26545e+00, 1.73351e-01, 7.08988e-01, 4.16235e-01, 3.54639e-01, 1.64020e-01, 1.41153e+00]
376500 [2.27400e+00, 1.73166e-01, 7.09021e-01, 4.19618e-01, 3.54807e-01, 1.64870e-01, 1.39848e+00]
377000 [2.28466e+00, 1.72305e-01, 7.08146e-01, 4.19886e-01, 3.54409e-01, 1.65310e-01, 1.39336e+00]
377500 [2.29464e+00, 1.71307e-01, 7.07257e-01, 4.23534e-01, 3.54071e-01, 1.65867e-01, 1.38636e+00]
378000 [2.29752e+00, 1.71570e-01, 7.06540e-01, 4.22130e-01, 3.54101e-01, 1.66051e-01, 1.37456e+00]
378500 [2.30303e+00, 1.71142e-01, 7.05892e-01, 4.25157e-01, 3.54067e-01, 1.67250e-01, 1.35039e+00]
379000 [2.30180e+00, 1.71696e-01, 7.05628e-01, 4.24117e-01, 3.53964e-01, 1.66462e-01, 1.33900e+00]
379500 [2.30585e+00, 1.71372e-01, 7.04936e-01, 4.25563e-01, 3.53725e-01, 1.67469e-01, 1.34629e+00]
380000 [2.30879e+00, 1.71315e-01, 7.04155e-01, 4.25158e-01, 3.53640e-01, 1.67312e-01, 1.35871e+00]
380500 [2.31133e+00, 1.71247e-01, 7.03744e-01, 4.24812e-01, 3.53557e-01, 1.66693e-01, 1.36924e+00]
381000 [2.31511e+00, 1.71191e-01, 7.03703e-01, 4.26008e-01, 3.53889e-01, 1.67431e-01, 1.37181e+00]
381500 [2.31911e+00, 1.70981e-01, 7.03179e-01, 4.25645e-01, 3.53545e-01, 1.67471e-01, 1.37942e+00]
382000 [2.32369e+00, 1.70902e-01, 7.02668e-01, 4.25131e-01, 3.53282e-01, 1.67248e-01, 1.38980e+00]
382500 [2.32576e+00, 1.71051e-01, 7.02266e-01, 4.24787e-01, 3.53374e-01, 1.67176e-01, 1.40514e+00]
383000 [2.30617e+00, 1.72473e-01, 7.02388e-01, 4.18540e-01, 3.53692e-01, 1.65255e-01, 1.39555e+00]
383500 [2.29213e+00, 1.72510e-01, 7.02267e-01, 4.18189e-01, 3.53514e-01, 1.65115e-01, 1.39856e+00]
384000 [2.28402e+00, 1.72349e-01, 7.01991e-01, 4.17741e-01, 3.53364e-01, 1.65005e-01, 1.40162e+00]
384500 [2.27651e+00, 1.72260e-01, 7.01821e-01, 4.17940e-01, 3.53263e-01, 1.64816e-01, 1.40564e+00]
385000 [2.28113e+00, 1.71473e-01, 7.01418e-01, 4.20333e-01, 3.53098e-01, 1.65890e-01, 1.41225e+00]
385500 [2.28933e+00, 1.71128e-01, 7.01038e-01, 4.20506e-01, 3.52935e-01, 1.65691e-01, 1.42014e+00]
386000 [2.30123e+00, 1.70418e-01, 7.00587e-01, 4.23205e-01, 3.52715e-01, 1.66070e-01, 1.42435e+00]
386500 [2.30729e+00, 1.70283e-01, 7.00184e-01, 4.23854e-01, 3.52470e-01, 1.66435e-01, 1.43230e+00]
387000 [2.31089e+00, 1.70642e-01, 7.00023e-01, 4.24176e-01, 3.52533e-01, 1.66743e-01, 1.43967e+00]
387500 [2.31395e+00, 1.70643e-01, 6.99561e-01, 4.24108e-01, 3.52285e-01, 1.66821e-01, 1.44603e+00]
388000 [2.31766e+00, 1.70787e-01, 6.99393e-01, 4.25160e-01, 3.52273e-01, 1.67113e-01, 1.44928e+00]
388500 [2.32072e+00, 1.70906e-01, 6.99244e-01, 4.24830e-01, 3.52208e-01, 1.67122e-01, 1.45382e+00]
389000 [2.32601e+00, 1.70730e-01, 6.98887e-01, 4.25083e-01, 3.52069e-01, 1.67234e-01, 1.45641e+00]
389500 [2.32695e+00, 1.70883e-01, 6.98686e-01, 4.23877e-01, 3.51962e-01, 1.67034e-01, 1.46290e+00]
390000 [2.32299e+00, 1.70959e-01, 6.98506e-01, 4.25198e-01, 3.51866e-01, 1.67115e-01, 1.46897e+00]
390500 [2.32058e+00, 1.70948e-01, 6.98225e-01, 4.25229e-01, 3.51842e-01, 1.67234e-01, 1.47392e+00]
391000 [2.32118e+00, 1.70757e-01, 6.97893e-01, 4.24258e-01, 3.51712e-01, 1.66871e-01, 1.47885e+00]
391500 [2.30571e+00, 1.72900e-01, 6.98257e-01, 4.18286e-01, 3.51944e-01, 1.63938e-01, 1.48109e+00]
392000 [2.30567e+00, 1.72225e-01, 6.98760e-01, 4.22067e-01, 3.52646e-01, 1.65534e-01, 1.48707e+00]
392500 [2.31238e+00, 1.71199e-01, 6.98390e-01, 4.23021e-01, 3.52311e-01, 1.66024e-01, 1.49944e+00]
393000 [2.31615e+00, 1.70676e-01, 6.97861e-01, 4.22463e-01, 3.51963e-01, 1.66179e-01, 1.50789e+00]
393500 [2.31521e+00, 1.70725e-01, 6.97515e-01, 4.22835e-01, 3.51934e-01, 1.66413e-01, 1.51193e+00]
394000 [2.31254e+00, 1.70501e-01, 6.97083e-01, 4.24289e-01, 3.51783e-01, 1.66800e-01, 1.51566e+00]
394500 [2.31260e+00, 1.70556e-01, 6.96651e-01, 4.24653e-01, 3.51718e-01, 1.66854e-01, 1.52278e+00]
395000 [2.30537e+00, 1.72100e-01, 6.97079e-01, 4.17022e-01, 3.51904e-01, 1.64118e-01, 1.52093e+00]
395500 [2.29373e+00, 1.72719e-01, 6.97084e-01, 4.10315e-01, 3.51690e-01, 1.63053e-01, 1.52382e+00]
396000 [2.28519e+00, 1.72654e-01, 6.97161e-01, 4.17509e-01, 3.51584e-01, 1.64035e-01, 1.52020e+00]
396500 [2.28301e+00, 1.72549e-01, 6.97056e-01, 4.17336e-01, 3.51393e-01, 1.64112e-01, 1.52323e+00]
397000 [2.28241e+00, 1.72541e-01, 6.97094e-01, 4.17553e-01, 3.51347e-01, 1.64122e-01, 1.52873e+00]
397500 [2.28470e+00, 1.72086e-01, 6.97308e-01, 4.18615e-01, 3.51541e-01, 1.64941e-01, 1.53216e+00]
398000 [2.28961e+00, 1.71755e-01, 6.97170e-01, 4.18469e-01, 3.51408e-01, 1.64460e-01, 1.54067e+00]
398500 [2.29138e+00, 1.71468e-01, 6.96913e-01, 4.17716e-01, 3.51340e-01, 1.64297e-01, 1.53856e+00]
399000 [2.29270e+00, 1.71105e-01, 6.96755e-01, 4.18709e-01, 3.51356e-01, 1.64326e-01, 1.54681e+00]
399500 [2.29228e+00, 1.71279e-01, 6.96519e-01, 4.17200e-01, 3.51335e-01, 1.64133e-01, 1.54502e+00]
400000 [2.29124e+00, 1.71225e-01, 6.96408e-01, 4.17350e-01, 3.51419e-01, 1.64178e-01, 1.55157e+00]
