0 [1.00e+00, 1.00e+00, 1.00e+00, 1.00e+00, 1.00e+00, 1.00e+00, 1.00e+00]
500 [1.02e+00, 8.88e-01, 1.01e+00, 1.60e+00, 1.01e+00, 1.01e+00, 9.60e-01]
1000 [1.06e+00, 6.10e-01, 1.02e+00, 1.64e+00, 1.01e+00, 5.98e-01, 8.76e-01]
1500 [1.14e+00, 4.70e-01, 1.02e+00, 1.24e+00, 1.01e+00, 4.40e-01, 8.23e-01]
2000 [1.26e+00, 3.69e-01, 1.02e+00, 8.97e-01, 1.00e+00, 3.45e-01, 7.79e-01]
2500 [1.43e+00, 3.01e-01, 1.02e+00, 7.10e-01, 9.95e-01, 2.80e-01, 7.45e-01]
3000 [1.61e+00, 2.59e-01, 1.02e+00, 6.07e-01, 9.83e-01, 2.40e-01, 7.22e-01]
3500 [1.80e+00, 2.36e-01, 1.01e+00, 5.52e-01, 9.71e-01, 2.18e-01, 7.09e-01]
4000 [1.98e+00, 2.24e-01, 1.00e+00, 5.23e-01, 9.59e-01, 2.06e-01, 7.03e-01]
4500 [2.13e+00, 2.18e-01, 9.95e-01, 5.09e-01, 9.48e-01, 2.01e-01, 7.00e-01]
5000 [2.26e+00, 2.16e-01, 9.89e-01, 5.05e-01, 9.38e-01, 1.99e-01, 7.00e-01]
5500 [2.37e+00, 2.16e-01, 9.83e-01, 5.06e-01, 9.28e-01, 1.99e-01, 7.01e-01]
6000 [2.46e+00, 2.18e-01, 9.78e-01, 5.09e-01, 9.19e-01, 2.00e-01, 7.03e-01]
6500 [2.53e+00, 2.20e-01, 9.73e-01, 5.13e-01, 9.10e-01, 2.02e-01, 7.04e-01]
7000 [2.60e+00, 2.22e-01, 9.69e-01, 5.17e-01, 9.02e-01, 2.04e-01, 7.06e-01]
7500 [2.65e+00, 2.23e-01, 9.66e-01, 5.21e-01, 8.93e-01, 2.05e-01, 7.07e-01]
8000 [2.69e+00, 2.25e-01, 9.63e-01, 5.24e-01, 8.85e-01, 2.07e-01, 7.08e-01]
8500 [2.72e+00, 2.26e-01, 9.60e-01, 5.26e-01, 8.77e-01, 2.08e-01, 7.09e-01]
9000 [2.74e+00, 2.26e-01, 9.58e-01, 5.28e-01, 8.69e-01, 2.08e-01, 7.10e-01]
9500 [2.76e+00, 2.27e-01, 9.55e-01, 5.29e-01, 8.61e-01, 2.09e-01, 7.11e-01]
10000 [2.77e+00, 2.27e-01, 9.53e-01, 5.29e-01, 8.53e-01, 2.09e-01, 7.12e-01]
10500 [2.78e+00, 2.27e-01, 9.51e-01, 5.29e-01, 8.45e-01, 2.09e-01, 7.13e-01]
11000 [2.78e+00, 2.27e-01, 9.49e-01, 5.28e-01, 8.38e-01, 2.09e-01, 7.14e-01]
11500 [2.78e+00, 2.26e-01, 9.47e-01, 5.28e-01, 8.30e-01, 2.08e-01, 7.15e-01]
12000 [2.79e+00, 2.31e-01, 9.44e-01, 5.53e-01, 8.23e-01, 2.12e-01, 7.16e-01]
12500 [2.84e+00, 2.29e-01, 9.42e-01, 5.45e-01, 8.16e-01, 2.15e-01, 7.11e-01]
13000 [2.85e+00, 2.29e-01, 9.40e-01, 5.55e-01, 8.09e-01, 2.13e-01, 7.08e-01]
13500 [2.86e+00, 2.28e-01, 9.41e-01, 5.45e-01, 8.06e-01, 2.15e-01, 7.08e-01]
14000 [2.87e+00, 2.28e-01, 9.42e-01, 5.40e-01, 8.03e-01, 2.13e-01, 7.11e-01]
14500 [2.87e+00, 2.27e-01, 9.40e-01, 5.41e-01, 7.99e-01, 2.14e-01, 7.07e-01]
15000 [2.86e+00, 2.25e-01, 9.39e-01, 5.38e-01, 7.93e-01, 2.12e-01, 7.02e-01]
15500 [2.85e+00, 2.24e-01, 9.37e-01, 5.34e-01, 7.87e-01, 2.11e-01, 6.97e-01]
16000 [2.84e+00, 2.22e-01, 9.35e-01, 5.31e-01, 7.81e-01, 2.10e-01, 6.91e-01]
16500 [2.82e+00, 2.21e-01, 9.33e-01, 5.27e-01, 7.75e-01, 2.08e-01, 6.85e-01]
17000 [2.81e+00, 2.20e-01, 9.32e-01, 5.24e-01, 7.68e-01, 2.07e-01, 6.77e-01]
17500 [2.79e+00, 2.19e-01, 9.30e-01, 5.22e-01, 7.62e-01, 2.06e-01, 6.69e-01]
18000 [2.78e+00, 2.17e-01, 9.27e-01, 5.20e-01, 7.56e-01, 2.05e-01, 6.60e-01]
18500 [2.76e+00, 2.17e-01, 9.25e-01, 5.18e-01, 7.50e-01, 2.05e-01, 6.51e-01]
19000 [2.75e+00, 2.16e-01, 9.23e-01, 5.16e-01, 7.44e-01, 2.04e-01, 6.43e-01]
19500 [2.74e+00, 2.15e-01, 9.21e-01, 5.14e-01, 7.38e-01, 2.03e-01, 6.37e-01]
20000 [2.73e+00, 2.14e-01, 9.19e-01, 5.12e-01, 7.32e-01, 2.02e-01, 6.32e-01]
20500 [2.71e+00, 2.13e-01, 9.16e-01, 5.11e-01, 7.26e-01, 2.02e-01, 6.29e-01]
21000 [2.70e+00, 2.12e-01, 9.13e-01, 5.10e-01, 7.20e-01, 2.01e-01, 6.23e-01]
21500 [2.69e+00, 2.12e-01, 9.11e-01, 5.10e-01, 7.15e-01, 2.01e-01, 6.19e-01]
22000 [2.68e+00, 2.12e-01, 9.08e-01, 5.10e-01, 7.10e-01, 2.01e-01, 6.24e-01]
22500 [2.67e+00, 2.11e-01, 9.05e-01, 5.08e-01, 7.04e-01, 2.00e-01, 6.28e-01]
23000 [2.65e+00, 2.10e-01, 9.03e-01, 5.06e-01, 6.99e-01, 2.00e-01, 6.29e-01]
23500 [2.64e+00, 2.09e-01, 9.00e-01, 5.04e-01, 6.94e-01, 1.99e-01, 6.29e-01]
24000 [2.62e+00, 2.08e-01, 8.97e-01, 5.02e-01, 6.89e-01, 1.98e-01, 6.28e-01]
24500 [2.61e+00, 2.08e-01, 8.95e-01, 5.00e-01, 6.84e-01, 1.97e-01, 6.28e-01]
25000 [2.60e+00, 2.07e-01, 8.92e-01, 4.98e-01, 6.80e-01, 1.96e-01, 6.27e-01]
25500 [2.58e+00, 2.06e-01, 8.89e-01, 4.96e-01, 6.75e-01, 1.96e-01, 6.27e-01]
26000 [2.57e+00, 2.05e-01, 8.86e-01, 4.94e-01, 6.70e-01, 1.95e-01, 6.26e-01]
26500 [2.56e+00, 2.04e-01, 8.83e-01, 4.93e-01, 6.65e-01, 1.94e-01, 6.26e-01]
27000 [2.55e+00, 2.03e-01, 8.80e-01, 4.91e-01, 6.61e-01, 1.93e-01, 6.26e-01]
27500 [2.54e+00, 2.03e-01, 8.77e-01, 4.89e-01, 6.56e-01, 1.93e-01, 6.26e-01]
28000 [2.53e+00, 2.02e-01, 8.74e-01, 4.88e-01, 6.52e-01, 1.92e-01, 6.26e-01]
28500 [2.52e+00, 2.02e-01, 8.72e-01, 4.86e-01, 6.48e-01, 1.91e-01, 6.25e-01]
29000 [2.51e+00, 2.01e-01, 8.69e-01, 4.84e-01, 6.43e-01, 1.91e-01, 6.25e-01]
29500 [2.51e+00, 2.05e-01, 8.66e-01, 4.99e-01, 6.40e-01, 1.93e-01, 6.28e-01]
30000 [2.53e+00, 2.05e-01, 8.67e-01, 4.87e-01, 6.39e-01, 1.92e-01, 6.32e-01]
30500 [2.54e+00, 2.02e-01, 8.65e-01, 4.82e-01, 6.35e-01, 1.90e-01, 6.35e-01]
31000 [2.54e+00, 2.01e-01, 8.63e-01, 4.79e-01, 6.31e-01, 1.89e-01, 6.34e-01]
31500 [2.53e+00, 2.00e-01, 8.60e-01, 4.77e-01, 6.27e-01, 1.88e-01, 6.34e-01]
32000 [2.52e+00, 2.00e-01, 8.58e-01, 4.76e-01, 6.24e-01, 1.88e-01, 6.35e-01]
32500 [2.51e+00, 1.99e-01, 8.55e-01, 4.75e-01, 6.20e-01, 1.87e-01, 6.37e-01]
33000 [2.51e+00, 1.98e-01, 8.53e-01, 4.74e-01, 6.17e-01, 1.87e-01, 6.37e-01]
33500 [2.50e+00, 1.98e-01, 8.50e-01, 4.73e-01, 6.13e-01, 1.86e-01, 6.35e-01]
34000 [2.49e+00, 1.97e-01, 8.47e-01, 4.72e-01, 6.10e-01, 1.86e-01, 6.33e-01]
34500 [2.48e+00, 1.97e-01, 8.45e-01, 4.70e-01, 6.06e-01, 1.85e-01, 6.30e-01]
35000 [2.48e+00, 1.96e-01, 8.42e-01, 4.68e-01, 6.03e-01, 1.84e-01, 6.28e-01]
35500 [2.47e+00, 1.96e-01, 8.40e-01, 4.68e-01, 6.00e-01, 1.84e-01, 6.26e-01]
36000 [2.46e+00, 1.95e-01, 8.37e-01, 4.67e-01, 5.96e-01, 1.84e-01, 6.24e-01]
36500 [2.46e+00, 1.95e-01, 8.35e-01, 4.66e-01, 5.93e-01, 1.83e-01, 6.24e-01]
37000 [2.46e+00, 1.95e-01, 8.33e-01, 4.67e-01, 5.90e-01, 1.84e-01, 6.22e-01]
37500 [2.45e+00, 1.95e-01, 8.32e-01, 4.66e-01, 5.88e-01, 1.83e-01, 6.21e-01]
38000 [2.45e+00, 1.94e-01, 8.30e-01, 4.64e-01, 5.85e-01, 1.83e-01, 6.20e-01]
38500 [2.44e+00, 1.94e-01, 8.27e-01, 4.63e-01, 5.81e-01, 1.82e-01, 6.20e-01]
39000 [2.44e+00, 1.94e-01, 8.25e-01, 4.63e-01, 5.78e-01, 1.82e-01, 6.20e-01]
39500 [2.44e+00, 1.94e-01, 8.22e-01, 4.65e-01, 5.76e-01, 1.82e-01, 6.21e-01]
40000 [2.44e+00, 1.94e-01, 8.20e-01, 4.66e-01, 5.73e-01, 1.83e-01, 6.21e-01]
40500 [2.44e+00, 1.94e-01, 8.18e-01, 4.66e-01, 5.70e-01, 1.83e-01, 6.18e-01]
41000 [2.44e+00, 1.94e-01, 8.16e-01, 4.66e-01, 5.67e-01, 1.83e-01, 6.15e-01]
41500 [2.44e+00, 1.93e-01, 8.15e-01, 4.64e-01, 5.64e-01, 1.83e-01, 6.13e-01]
42000 [2.43e+00, 1.92e-01, 8.13e-01, 4.63e-01, 5.62e-01, 1.82e-01, 6.11e-01]
42500 [2.42e+00, 1.92e-01, 8.11e-01, 4.62e-01, 5.59e-01, 1.82e-01, 6.09e-01]
43000 [2.42e+00, 1.91e-01, 8.10e-01, 4.60e-01, 5.56e-01, 1.81e-01, 6.07e-01]
43500 [2.41e+00, 1.90e-01, 8.08e-01, 4.59e-01, 5.54e-01, 1.80e-01, 6.06e-01]
44000 [2.40e+00, 1.90e-01, 8.06e-01, 4.58e-01, 5.51e-01, 1.80e-01, 6.05e-01]
44500 [2.39e+00, 1.89e-01, 8.04e-01, 4.56e-01, 5.49e-01, 1.80e-01, 6.04e-01]
45000 [2.39e+00, 1.89e-01, 8.02e-01, 4.55e-01, 5.46e-01, 1.79e-01, 6.03e-01]
45500 [2.38e+00, 1.88e-01, 8.00e-01, 4.54e-01, 5.43e-01, 1.79e-01, 6.02e-01]
46000 [2.37e+00, 1.88e-01, 7.99e-01, 4.52e-01, 5.42e-01, 1.78e-01, 6.01e-01]
46500 [2.36e+00, 1.87e-01, 7.97e-01, 4.51e-01, 5.39e-01, 1.78e-01, 6.01e-01]
47000 [2.36e+00, 1.87e-01, 7.95e-01, 4.50e-01, 5.36e-01, 1.77e-01, 6.01e-01]
47500 [2.35e+00, 1.87e-01, 7.93e-01, 4.49e-01, 5.34e-01, 1.77e-01, 6.00e-01]
48000 [2.35e+00, 1.86e-01, 7.91e-01, 4.48e-01, 5.31e-01, 1.76e-01, 6.00e-01]
48500 [2.34e+00, 1.85e-01, 7.89e-01, 4.47e-01, 5.29e-01, 1.76e-01, 6.00e-01]
49000 [2.33e+00, 1.85e-01, 7.87e-01, 4.46e-01, 5.27e-01, 1.76e-01, 5.99e-01]
49500 [2.33e+00, 1.85e-01, 7.85e-01, 4.45e-01, 5.24e-01, 1.75e-01, 5.98e-01]
50000 [2.32e+00, 1.84e-01, 7.83e-01, 4.44e-01, 5.22e-01, 1.75e-01, 5.98e-01]
50500 [2.32e+00, 1.84e-01, 7.82e-01, 4.43e-01, 5.20e-01, 1.74e-01, 5.97e-01]
51000 [2.31e+00, 1.83e-01, 7.80e-01, 4.42e-01, 5.18e-01, 1.74e-01, 5.97e-01]
51500 [2.30e+00, 1.83e-01, 7.78e-01, 4.40e-01, 5.16e-01, 1.73e-01, 5.96e-01]
52000 [2.29e+00, 1.82e-01, 7.76e-01, 4.40e-01, 5.14e-01, 1.73e-01, 5.96e-01]
52500 [2.28e+00, 1.82e-01, 7.74e-01, 4.39e-01, 5.12e-01, 1.73e-01, 5.94e-01]
53000 [2.28e+00, 1.82e-01, 7.73e-01, 4.39e-01, 5.10e-01, 1.72e-01, 5.93e-01]
53500 [2.27e+00, 1.82e-01, 7.71e-01, 4.43e-01, 5.08e-01, 1.73e-01, 5.94e-01]
54000 [2.37e+00, 2.22e-01, 7.67e-01, 5.23e-01, 5.10e-01, 1.97e-01, 6.04e-01]
54500 [2.49e+00, 2.37e-01, 7.66e-01, 5.42e-01, 5.07e-01, 2.08e-01, 6.21e-01]
55000 [2.58e+00, 2.42e-01, 7.68e-01, 5.42e-01, 5.03e-01, 2.11e-01, 6.15e-01]
55500 [2.64e+00, 2.41e-01, 7.72e-01, 5.35e-01, 5.00e-01, 2.09e-01, 6.03e-01]
56000 [2.65e+00, 2.37e-01, 7.78e-01, 5.26e-01, 5.00e-01, 2.07e-01, 5.90e-01]
56500 [2.65e+00, 2.37e-01, 7.81e-01, 5.22e-01, 4.97e-01, 2.05e-01, 5.94e-01]
57000 [2.63e+00, 2.34e-01, 7.86e-01, 5.15e-01, 4.97e-01, 2.03e-01, 5.98e-01]
57500 [2.60e+00, 2.32e-01, 7.88e-01, 5.12e-01, 4.95e-01, 2.01e-01, 5.96e-01]
58000 [2.61e+00, 2.16e-01, 7.90e-01, 5.11e-01, 4.98e-01, 2.01e-01, 5.89e-01]
58500 [2.60e+00, 2.06e-01, 7.91e-01, 4.91e-01, 4.97e-01, 1.93e-01, 5.92e-01]
59000 [2.56e+00, 2.00e-01, 7.91e-01, 4.77e-01, 4.97e-01, 1.88e-01, 5.92e-01]
59500 [2.51e+00, 1.96e-01, 7.90e-01, 4.67e-01, 4.96e-01, 1.84e-01, 5.91e-01]
60000 [2.47e+00, 1.93e-01, 7.89e-01, 4.60e-01, 4.95e-01, 1.81e-01, 5.90e-01]
60500 [2.43e+00, 1.90e-01, 7.88e-01, 4.54e-01, 4.94e-01, 1.79e-01, 5.90e-01]
61000 [2.40e+00, 1.88e-01, 7.86e-01, 4.50e-01, 4.93e-01, 1.77e-01, 5.89e-01]
61500 [2.38e+00, 1.87e-01, 7.84e-01, 4.46e-01, 4.92e-01, 1.76e-01, 5.89e-01]
62000 [2.36e+00, 1.86e-01, 7.81e-01, 4.43e-01, 4.91e-01, 1.75e-01, 5.89e-01]
62500 [2.34e+00, 1.85e-01, 7.79e-01, 4.41e-01, 4.90e-01, 1.74e-01, 5.89e-01]
63000 [2.33e+00, 1.84e-01, 7.76e-01, 4.39e-01, 4.89e-01, 1.73e-01, 5.90e-01]
63500 [2.32e+00, 1.83e-01, 7.74e-01, 4.38e-01, 4.87e-01, 1.72e-01, 5.90e-01]
64000 [2.31e+00, 1.83e-01, 7.71e-01, 4.37e-01, 4.86e-01, 1.72e-01, 5.91e-01]
64500 [2.30e+00, 1.83e-01, 7.68e-01, 4.36e-01, 4.84e-01, 1.72e-01, 5.93e-01]
65000 [2.30e+00, 1.82e-01, 7.66e-01, 4.35e-01, 4.83e-01, 1.71e-01, 5.95e-01]
65500 [2.30e+00, 1.82e-01, 7.63e-01, 4.34e-01, 4.82e-01, 1.71e-01, 5.97e-01]
66000 [2.29e+00, 1.82e-01, 7.61e-01, 4.33e-01, 4.80e-01, 1.71e-01, 6.01e-01]
66500 [2.29e+00, 1.81e-01, 7.59e-01, 4.32e-01, 4.79e-01, 1.70e-01, 6.05e-01]
67000 [2.29e+00, 1.81e-01, 7.57e-01, 4.32e-01, 4.77e-01, 1.70e-01, 6.09e-01]
67500 [2.29e+00, 1.81e-01, 7.55e-01, 4.31e-01, 4.76e-01, 1.70e-01, 6.14e-01]
68000 [2.29e+00, 1.81e-01, 7.54e-01, 4.32e-01, 4.75e-01, 1.70e-01, 6.21e-01]
68500 [2.29e+00, 1.81e-01, 7.53e-01, 4.34e-01, 4.73e-01, 1.71e-01, 6.40e-01]
69000 [2.28e+00, 1.80e-01, 7.51e-01, 4.32e-01, 4.72e-01, 1.70e-01, 6.48e-01]
69500 [2.28e+00, 1.79e-01, 7.50e-01, 4.31e-01, 4.71e-01, 1.70e-01, 6.54e-01]
70000 [2.28e+00, 1.79e-01, 7.48e-01, 4.30e-01, 4.69e-01, 1.69e-01, 6.61e-01]
70500 [2.27e+00, 1.79e-01, 7.47e-01, 4.30e-01, 4.68e-01, 1.69e-01, 6.70e-01]
71000 [2.27e+00, 1.79e-01, 7.45e-01, 4.30e-01, 4.67e-01, 1.69e-01, 6.80e-01]
71500 [2.27e+00, 1.79e-01, 7.44e-01, 4.29e-01, 4.65e-01, 1.69e-01, 6.92e-01]
72000 [2.27e+00, 1.79e-01, 7.43e-01, 4.29e-01, 4.64e-01, 1.69e-01, 7.05e-01]
72500 [2.27e+00, 1.78e-01, 7.42e-01, 4.29e-01, 4.62e-01, 1.69e-01, 7.18e-01]
73000 [2.27e+00, 1.78e-01, 7.40e-01, 4.28e-01, 4.61e-01, 1.69e-01, 7.33e-01]
73500 [2.27e+00, 1.78e-01, 7.39e-01, 4.28e-01, 4.60e-01, 1.69e-01, 7.48e-01]
74000 [2.27e+00, 1.78e-01, 7.38e-01, 4.28e-01, 4.58e-01, 1.68e-01, 7.64e-01]
74500 [2.27e+00, 1.78e-01, 7.37e-01, 4.27e-01, 4.57e-01, 1.68e-01, 7.80e-01]
75000 [2.27e+00, 1.78e-01, 7.36e-01, 4.27e-01, 4.55e-01, 1.68e-01, 7.97e-01]
75500 [2.26e+00, 1.78e-01, 7.35e-01, 4.26e-01, 4.54e-01, 1.68e-01, 8.13e-01]
76000 [2.26e+00, 1.77e-01, 7.34e-01, 4.26e-01, 4.53e-01, 1.68e-01, 8.31e-01]
76500 [2.26e+00, 1.77e-01, 7.33e-01, 4.25e-01, 4.51e-01, 1.68e-01, 8.47e-01]
77000 [2.26e+00, 1.77e-01, 7.32e-01, 4.25e-01, 4.50e-01, 1.67e-01, 8.63e-01]
77500 [2.26e+00, 1.77e-01, 7.31e-01, 4.25e-01, 4.49e-01, 1.67e-01, 8.79e-01]
78000 [2.25e+00, 1.77e-01, 7.31e-01, 4.25e-01, 4.48e-01, 1.67e-01, 8.93e-01]
78500 [2.24e+00, 1.76e-01, 7.30e-01, 4.25e-01, 4.47e-01, 1.67e-01, 9.07e-01]
79000 [2.24e+00, 1.76e-01, 7.29e-01, 4.25e-01, 4.46e-01, 1.67e-01, 9.22e-01]
79500 [2.26e+00, 1.80e-01, 7.31e-01, 4.30e-01, 4.48e-01, 1.69e-01, 9.34e-01]
80000 [2.27e+00, 1.79e-01, 7.31e-01, 4.27e-01, 4.47e-01, 1.68e-01, 9.36e-01]
80500 [2.28e+00, 1.79e-01, 7.30e-01, 4.26e-01, 4.46e-01, 1.68e-01, 9.47e-01]
81000 [2.29e+00, 1.79e-01, 7.31e-01, 4.26e-01, 4.44e-01, 1.68e-01, 9.61e-01]
81500 [2.30e+00, 1.79e-01, 7.32e-01, 4.27e-01, 4.42e-01, 1.68e-01, 9.74e-01]
82000 [2.30e+00, 1.79e-01, 7.32e-01, 4.27e-01, 4.41e-01, 1.68e-01, 9.85e-01]
82500 [2.30e+00, 1.79e-01, 7.32e-01, 4.28e-01, 4.41e-01, 1.68e-01, 9.97e-01]
83000 [2.29e+00, 1.78e-01, 7.31e-01, 4.27e-01, 4.39e-01, 1.68e-01, 1.01e+00]
83500 [2.29e+00, 1.78e-01, 7.31e-01, 4.27e-01, 4.38e-01, 1.68e-01, 1.03e+00]
84000 [2.28e+00, 1.78e-01, 7.31e-01, 4.26e-01, 4.37e-01, 1.68e-01, 1.04e+00]
84500 [2.28e+00, 1.77e-01, 7.30e-01, 4.26e-01, 4.36e-01, 1.68e-01, 1.06e+00]
85000 [2.27e+00, 1.77e-01, 7.30e-01, 4.25e-01, 4.35e-01, 1.67e-01, 1.08e+00]
85500 [2.27e+00, 1.77e-01, 7.29e-01, 4.24e-01, 4.33e-01, 1.67e-01, 1.10e+00]
86000 [2.27e+00, 1.77e-01, 7.29e-01, 4.24e-01, 4.32e-01, 1.67e-01, 1.11e+00]
86500 [2.27e+00, 1.76e-01, 7.28e-01, 4.23e-01, 4.31e-01, 1.67e-01, 1.12e+00]
87000 [2.26e+00, 1.76e-01, 7.27e-01, 4.23e-01, 4.30e-01, 1.67e-01, 1.14e+00]
87500 [2.26e+00, 1.76e-01, 7.27e-01, 4.22e-01, 4.29e-01, 1.66e-01, 1.15e+00]
88000 [2.26e+00, 1.76e-01, 7.26e-01, 4.22e-01, 4.28e-01, 1.66e-01, 1.17e+00]
88500 [2.26e+00, 1.76e-01, 7.25e-01, 4.21e-01, 4.27e-01, 1.66e-01, 1.18e+00]
89000 [2.26e+00, 1.75e-01, 7.24e-01, 4.21e-01, 4.25e-01, 1.66e-01, 1.20e+00]
89500 [2.25e+00, 1.75e-01, 7.24e-01, 4.19e-01, 4.25e-01, 1.65e-01, 1.22e+00]
90000 [2.25e+00, 1.75e-01, 7.23e-01, 4.22e-01, 4.23e-01, 1.66e-01, 1.23e+00]
90500 [2.25e+00, 1.77e-01, 7.23e-01, 4.24e-01, 4.22e-01, 1.67e-01, 1.25e+00]
91000 [2.24e+00, 1.76e-01, 7.23e-01, 4.22e-01, 4.21e-01, 1.66e-01, 1.28e+00]
91500 [2.23e+00, 1.75e-01, 7.22e-01, 4.21e-01, 4.20e-01, 1.66e-01, 1.30e+00]
92000 [2.23e+00, 1.74e-01, 7.21e-01, 4.19e-01, 4.19e-01, 1.65e-01, 1.33e+00]
92500 [2.22e+00, 1.74e-01, 7.22e-01, 4.16e-01, 4.23e-01, 1.64e-01, 1.35e+00]
93000 [2.21e+00, 1.77e-01, 7.24e-01, 4.12e-01, 4.22e-01, 1.63e-01, 1.38e+00]
93500 [2.15e+00, 1.82e-01, 7.25e-01, 4.21e-01, 4.21e-01, 1.64e-01, 1.36e+00]
94000 [2.18e+00, 1.99e-01, 7.27e-01, 4.48e-01, 4.18e-01, 1.74e-01, 1.36e+00]
94500 [2.22e+00, 2.04e-01, 7.28e-01, 4.52e-01, 4.17e-01, 1.77e-01, 1.35e+00]
95000 [2.24e+00, 2.06e-01, 7.29e-01, 4.53e-01, 4.15e-01, 1.78e-01, 1.36e+00]
95500 [2.26e+00, 2.06e-01, 7.30e-01, 4.52e-01, 4.14e-01, 1.78e-01, 1.37e+00]
96000 [2.27e+00, 2.06e-01, 7.31e-01, 4.51e-01, 4.13e-01, 1.78e-01, 1.40e+00]
96500 [2.28e+00, 2.05e-01, 7.34e-01, 4.50e-01, 4.14e-01, 1.77e-01, 1.43e+00]
97000 [2.28e+00, 2.03e-01, 7.35e-01, 4.49e-01, 4.13e-01, 1.77e-01, 1.46e+00]
97500 [2.27e+00, 2.02e-01, 7.36e-01, 4.45e-01, 4.13e-01, 1.75e-01, 1.48e+00]
98000 [2.26e+00, 2.02e-01, 7.36e-01, 4.44e-01, 4.11e-01, 1.75e-01, 1.51e+00]
98500 [2.25e+00, 2.01e-01, 7.38e-01, 4.42e-01, 4.12e-01, 1.74e-01, 1.53e+00]
99000 [2.24e+00, 2.00e-01, 7.38e-01, 4.39e-01, 4.10e-01, 1.73e-01, 1.53e+00]
99500 [2.22e+00, 1.99e-01, 7.39e-01, 4.36e-01, 4.10e-01, 1.72e-01, 1.52e+00]
100000 [2.21e+00, 1.98e-01, 7.41e-01, 4.36e-01, 4.10e-01, 1.72e-01, 1.52e+00]
100500 [2.19e+00, 1.97e-01, 7.41e-01, 4.34e-01, 4.09e-01, 1.71e-01, 1.52e+00]
101000 [2.18e+00, 1.96e-01, 7.42e-01, 4.32e-01, 4.10e-01, 1.71e-01, 1.51e+00]
101500 [2.17e+00, 1.96e-01, 7.42e-01, 4.33e-01, 4.08e-01, 1.70e-01, 1.52e+00]
102000 [2.17e+00, 1.94e-01, 7.43e-01, 4.29e-01, 4.09e-01, 1.70e-01, 1.53e+00]
102500 [2.16e+00, 1.95e-01, 7.43e-01, 4.31e-01, 4.08e-01, 1.70e-01, 1.53e+00]
103000 [2.16e+00, 1.91e-01, 7.45e-01, 4.27e-01, 4.14e-01, 1.68e-01, 1.53e+00]
103500 [2.18e+00, 1.83e-01, 7.45e-01, 4.34e-01, 4.15e-01, 1.69e-01, 1.52e+00]
104000 [2.20e+00, 1.80e-01, 7.45e-01, 4.31e-01, 4.14e-01, 1.69e-01, 1.52e+00]
104500 [2.21e+00, 1.78e-01, 7.44e-01, 4.26e-01, 4.14e-01, 1.68e-01, 1.52e+00]
105000 [2.22e+00, 1.76e-01, 7.43e-01, 4.22e-01, 4.13e-01, 1.66e-01, 1.52e+00]
105500 [2.22e+00, 1.76e-01, 7.42e-01, 4.19e-01, 4.12e-01, 1.65e-01, 1.53e+00]
106000 [2.22e+00, 1.75e-01, 7.39e-01, 4.18e-01, 4.11e-01, 1.65e-01, 1.53e+00]
106500 [2.21e+00, 1.94e-01, 7.39e-01, 4.36e-01, 4.09e-01, 1.71e-01, 1.53e+00]
107000 [2.19e+00, 1.98e-01, 7.40e-01, 4.37e-01, 4.07e-01, 1.72e-01, 1.51e+00]
107500 [2.19e+00, 1.99e-01, 7.40e-01, 4.37e-01, 4.07e-01, 1.72e-01, 1.50e+00]
108000 [2.19e+00, 1.99e-01, 7.40e-01, 4.37e-01, 4.06e-01, 1.72e-01, 1.51e+00]
108500 [2.19e+00, 1.97e-01, 7.41e-01, 4.35e-01, 4.06e-01, 1.71e-01, 1.50e+00]
109000 [2.19e+00, 1.98e-01, 7.40e-01, 4.35e-01, 4.05e-01, 1.71e-01, 1.50e+00]
109500 [2.18e+00, 1.97e-01, 7.42e-01, 4.34e-01, 4.05e-01, 1.70e-01, 1.50e+00]
110000 [2.18e+00, 1.96e-01, 7.42e-01, 4.33e-01, 4.04e-01, 1.70e-01, 1.50e+00]
110500 [2.18e+00, 1.96e-01, 7.41e-01, 4.32e-01, 4.02e-01, 1.70e-01, 1.49e+00]
111000 [2.18e+00, 1.95e-01, 7.41e-01, 4.31e-01, 4.02e-01, 1.69e-01, 1.49e+00]
111500 [2.17e+00, 1.94e-01, 7.42e-01, 4.31e-01, 4.02e-01, 1.69e-01, 1.49e+00]
112000 [2.17e+00, 1.94e-01, 7.41e-01, 4.29e-01, 4.01e-01, 1.69e-01, 1.47e+00]
112500 [2.16e+00, 1.95e-01, 7.40e-01, 4.31e-01, 3.99e-01, 1.69e-01, 1.46e+00]
113000 [2.16e+00, 1.95e-01, 7.40e-01, 4.32e-01, 3.99e-01, 1.69e-01, 1.47e+00]
113500 [2.15e+00, 1.94e-01, 7.40e-01, 4.30e-01, 3.98e-01, 1.69e-01, 1.46e+00]
114000 [2.15e+00, 1.94e-01, 7.38e-01, 4.30e-01, 3.97e-01, 1.69e-01, 1.45e+00]
114500 [2.14e+00, 1.93e-01, 7.38e-01, 4.28e-01, 3.97e-01, 1.68e-01, 1.45e+00]
115000 [2.14e+00, 1.93e-01, 7.37e-01, 4.28e-01, 3.96e-01, 1.68e-01, 1.45e+00]
115500 [2.13e+00, 1.92e-01, 7.37e-01, 4.27e-01, 3.96e-01, 1.67e-01, 1.45e+00]
116000 [2.14e+00, 1.91e-01, 7.38e-01, 4.26e-01, 3.96e-01, 1.67e-01, 1.45e+00]
116500 [2.13e+00, 1.93e-01, 7.36e-01, 4.28e-01, 3.95e-01, 1.68e-01, 1.44e+00]
117000 [2.16e+00, 1.83e-01, 7.41e-01, 4.33e-01, 3.97e-01, 1.69e-01, 1.45e+00]
117500 [2.19e+00, 1.80e-01, 7.41e-01, 4.31e-01, 3.97e-01, 1.69e-01, 1.45e+00]
118000 [2.20e+00, 1.78e-01, 7.40e-01, 4.28e-01, 3.96e-01, 1.68e-01, 1.46e+00]
118500 [2.21e+00, 1.77e-01, 7.37e-01, 4.26e-01, 3.96e-01, 1.67e-01, 1.46e+00]
119000 [2.16e+00, 1.92e-01, 7.39e-01, 4.25e-01, 3.96e-01, 1.68e-01, 1.41e+00]
119500 [2.15e+00, 1.92e-01, 7.39e-01, 4.26e-01, 3.96e-01, 1.67e-01, 1.42e+00]
120000 [2.14e+00, 1.95e-01, 7.39e-01, 4.32e-01, 3.94e-01, 1.70e-01, 1.42e+00]
120500 [2.14e+00, 1.96e-01, 7.38e-01, 4.35e-01, 3.93e-01, 1.71e-01, 1.41e+00]
121000 [2.14e+00, 1.95e-01, 7.40e-01, 4.30e-01, 3.95e-01, 1.70e-01, 1.41e+00]
121500 [2.14e+00, 1.95e-01, 7.39e-01, 4.32e-01, 3.94e-01, 1.70e-01, 1.40e+00]
122000 [2.14e+00, 1.94e-01, 7.39e-01, 4.32e-01, 3.94e-01, 1.70e-01, 1.39e+00]
122500 [2.13e+00, 1.95e-01, 7.38e-01, 4.31e-01, 3.93e-01, 1.69e-01, 1.39e+00]
123000 [2.13e+00, 1.94e-01, 7.39e-01, 4.29e-01, 3.93e-01, 1.68e-01, 1.38e+00]
123500 [2.13e+00, 1.92e-01, 7.39e-01, 4.26e-01, 3.93e-01, 1.67e-01, 1.39e+00]
124000 [2.13e+00, 1.93e-01, 7.37e-01, 4.28e-01, 3.91e-01, 1.68e-01, 1.38e+00]
124500 [2.13e+00, 1.94e-01, 7.36e-01, 4.30e-01, 3.90e-01, 1.68e-01, 1.38e+00]
125000 [2.14e+00, 1.88e-01, 7.37e-01, 4.37e-01, 3.93e-01, 1.70e-01, 1.36e+00]
125500 [2.20e+00, 1.82e-01, 7.38e-01, 4.36e-01, 3.92e-01, 1.71e-01, 1.37e+00]
126000 [2.23e+00, 1.78e-01, 7.37e-01, 4.30e-01, 3.91e-01, 1.69e-01, 1.37e+00]
126500 [2.23e+00, 1.77e-01, 7.36e-01, 4.26e-01, 3.90e-01, 1.67e-01, 1.38e+00]
127000 [2.22e+00, 1.76e-01, 7.35e-01, 4.23e-01, 3.90e-01, 1.66e-01, 1.38e+00]
127500 [2.19e+00, 1.78e-01, 7.37e-01, 4.15e-01, 3.90e-01, 1.66e-01, 1.37e+00]
128000 [2.16e+00, 1.90e-01, 7.36e-01, 4.21e-01, 3.90e-01, 1.66e-01, 1.40e+00]
128500 [2.13e+00, 1.93e-01, 7.35e-01, 4.26e-01, 3.89e-01, 1.67e-01, 1.41e+00]
129000 [2.14e+00, 1.93e-01, 7.36e-01, 4.27e-01, 3.90e-01, 1.69e-01, 1.41e+00]
129500 [2.13e+00, 1.94e-01, 7.35e-01, 4.28e-01, 3.89e-01, 1.68e-01, 1.40e+00]
130000 [2.12e+00, 1.94e-01, 7.35e-01, 4.29e-01, 3.88e-01, 1.68e-01, 1.39e+00]
130500 [2.11e+00, 1.93e-01, 7.35e-01, 4.29e-01, 3.87e-01, 1.68e-01, 1.39e+00]
131000 [2.11e+00, 1.94e-01, 7.34e-01, 4.29e-01, 3.86e-01, 1.68e-01, 1.39e+00]
131500 [2.12e+00, 1.92e-01, 7.35e-01, 4.27e-01, 3.87e-01, 1.68e-01, 1.39e+00]
132000 [2.11e+00, 1.93e-01, 7.34e-01, 4.27e-01, 3.87e-01, 1.68e-01, 1.38e+00]
132500 [2.11e+00, 1.93e-01, 7.34e-01, 4.28e-01, 3.87e-01, 1.67e-01, 1.39e+00]
133000 [2.12e+00, 1.96e-01, 7.34e-01, 4.31e-01, 3.86e-01, 1.69e-01, 1.39e+00]
133500 [2.14e+00, 1.96e-01, 7.33e-01, 4.31e-01, 3.86e-01, 1.69e-01, 1.38e+00]
134000 [2.15e+00, 1.94e-01, 7.34e-01, 4.32e-01, 3.87e-01, 1.70e-01, 1.37e+00]
134500 [2.15e+00, 1.95e-01, 7.33e-01, 4.31e-01, 3.86e-01, 1.69e-01, 1.38e+00]
135000 [2.15e+00, 1.96e-01, 7.32e-01, 4.32e-01, 3.85e-01, 1.70e-01, 1.37e+00]
135500 [2.17e+00, 1.91e-01, 7.33e-01, 4.45e-01, 3.87e-01, 1.72e-01, 1.38e+00]
136000 [2.22e+00, 1.85e-01, 7.34e-01, 4.41e-01, 3.86e-01, 1.72e-01, 1.39e+00]
136500 [2.24e+00, 1.81e-01, 7.33e-01, 4.34e-01, 3.86e-01, 1.71e-01, 1.40e+00]
137000 [2.25e+00, 1.78e-01, 7.33e-01, 4.28e-01, 3.85e-01, 1.69e-01, 1.40e+00]
137500 [2.24e+00, 1.80e-01, 7.35e-01, 4.32e-01, 3.91e-01, 1.69e-01, 1.40e+00]
138000 [2.25e+00, 1.78e-01, 7.35e-01, 4.27e-01, 3.91e-01, 1.68e-01, 1.40e+00]
138500 [2.25e+00, 1.77e-01, 7.33e-01, 4.23e-01, 3.91e-01, 1.67e-01, 1.40e+00]
139000 [2.25e+00, 1.76e-01, 7.32e-01, 4.22e-01, 3.90e-01, 1.66e-01, 1.40e+00]
139500 [2.24e+00, 1.75e-01, 7.30e-01, 4.21e-01, 3.89e-01, 1.66e-01, 1.40e+00]
140000 [2.22e+00, 1.75e-01, 7.29e-01, 4.21e-01, 3.89e-01, 1.66e-01, 1.40e+00]
140500 [2.21e+00, 1.75e-01, 7.27e-01, 4.20e-01, 3.89e-01, 1.65e-01, 1.38e+00]
141000 [2.19e+00, 1.74e-01, 7.26e-01, 4.19e-01, 3.88e-01, 1.65e-01, 1.36e+00]
141500 [2.18e+00, 1.74e-01, 7.24e-01, 4.19e-01, 3.88e-01, 1.65e-01, 1.35e+00]
142000 [2.17e+00, 1.73e-01, 7.23e-01, 4.17e-01, 3.88e-01, 1.64e-01, 1.34e+00]
142500 [2.17e+00, 1.73e-01, 7.22e-01, 4.18e-01, 3.87e-01, 1.64e-01, 1.32e+00]
143000 [2.16e+00, 1.73e-01, 7.21e-01, 4.16e-01, 3.87e-01, 1.64e-01, 1.32e+00]
143500 [2.15e+00, 1.72e-01, 7.20e-01, 4.16e-01, 3.87e-01, 1.64e-01, 1.31e+00]
144000 [2.15e+00, 1.72e-01, 7.18e-01, 4.14e-01, 3.86e-01, 1.63e-01, 1.31e+00]
144500 [2.15e+00, 1.72e-01, 7.17e-01, 4.14e-01, 3.86e-01, 1.63e-01, 1.31e+00]
145000 [2.14e+00, 1.72e-01, 7.16e-01, 4.16e-01, 3.85e-01, 1.64e-01, 1.32e+00]
145500 [2.14e+00, 1.72e-01, 7.15e-01, 4.16e-01, 3.84e-01, 1.64e-01, 1.32e+00]
146000 [2.14e+00, 1.72e-01, 7.14e-01, 4.11e-01, 3.84e-01, 1.63e-01, 1.33e+00]
146500 [2.16e+00, 1.72e-01, 7.13e-01, 4.11e-01, 3.83e-01, 1.62e-01, 1.35e+00]
147000 [2.16e+00, 1.72e-01, 7.12e-01, 4.11e-01, 3.83e-01, 1.62e-01, 1.37e+00]
147500 [2.17e+00, 1.73e-01, 7.11e-01, 4.15e-01, 3.82e-01, 1.63e-01, 1.40e+00]
148000 [2.17e+00, 1.73e-01, 7.10e-01, 4.17e-01, 3.82e-01, 1.64e-01, 1.41e+00]
148500 [2.14e+00, 1.85e-01, 7.12e-01, 4.10e-01, 3.80e-01, 1.63e-01, 1.44e+00]
149000 [2.11e+00, 1.89e-01, 7.13e-01, 4.15e-01, 3.80e-01, 1.63e-01, 1.45e+00]
149500 [2.10e+00, 1.90e-01, 7.13e-01, 4.16e-01, 3.80e-01, 1.64e-01, 1.46e+00]
150000 [2.10e+00, 1.91e-01, 7.13e-01, 4.21e-01, 3.79e-01, 1.65e-01, 1.48e+00]
150500 [2.12e+00, 1.93e-01, 7.13e-01, 4.25e-01, 3.78e-01, 1.67e-01, 1.51e+00]
151000 [2.13e+00, 1.94e-01, 7.15e-01, 4.28e-01, 3.77e-01, 1.68e-01, 1.55e+00]
151500 [2.19e+00, 1.81e-01, 7.14e-01, 4.31e-01, 3.78e-01, 1.69e-01, 1.53e+00]
152000 [2.21e+00, 1.77e-01, 7.14e-01, 4.21e-01, 3.78e-01, 1.66e-01, 1.52e+00]
152500 [2.21e+00, 1.75e-01, 7.13e-01, 4.18e-01, 3.78e-01, 1.64e-01, 1.51e+00]
153000 [2.20e+00, 1.74e-01, 7.13e-01, 4.16e-01, 3.78e-01, 1.64e-01, 1.50e+00]
153500 [2.20e+00, 1.74e-01, 7.12e-01, 4.16e-01, 3.77e-01, 1.64e-01, 1.51e+00]
154000 [2.19e+00, 1.73e-01, 7.11e-01, 4.16e-01, 3.77e-01, 1.64e-01, 1.52e+00]
154500 [2.19e+00, 1.72e-01, 7.11e-01, 4.15e-01, 3.77e-01, 1.63e-01, 1.52e+00]
155000 [2.18e+00, 1.72e-01, 7.10e-01, 4.14e-01, 3.76e-01, 1.63e-01, 1.52e+00]
155500 [2.18e+00, 1.72e-01, 7.09e-01, 4.13e-01, 3.76e-01, 1.62e-01, 1.51e+00]
156000 [2.17e+00, 1.71e-01, 7.08e-01, 4.12e-01, 3.76e-01, 1.62e-01, 1.50e+00]
156500 [2.16e+00, 1.71e-01, 7.07e-01, 4.12e-01, 3.76e-01, 1.62e-01, 1.49e+00]
157000 [2.16e+00, 1.71e-01, 7.07e-01, 4.11e-01, 3.75e-01, 1.62e-01, 1.48e+00]
157500 [2.15e+00, 1.70e-01, 7.06e-01, 4.11e-01, 3.75e-01, 1.62e-01, 1.47e+00]
158000 [2.14e+00, 1.70e-01, 7.05e-01, 4.10e-01, 3.75e-01, 1.62e-01, 1.46e+00]
158500 [2.14e+00, 1.70e-01, 7.04e-01, 4.11e-01, 3.75e-01, 1.61e-01, 1.46e+00]
159000 [2.13e+00, 1.70e-01, 7.03e-01, 4.11e-01, 3.74e-01, 1.61e-01, 1.45e+00]
159500 [2.12e+00, 1.70e-01, 7.03e-01, 4.10e-01, 3.74e-01, 1.61e-01, 1.45e+00]
160000 [2.12e+00, 1.70e-01, 7.02e-01, 4.10e-01, 3.74e-01, 1.61e-01, 1.44e+00]
160500 [2.11e+00, 1.70e-01, 7.01e-01, 4.10e-01, 3.73e-01, 1.61e-01, 1.44e+00]
161000 [2.11e+00, 1.70e-01, 7.01e-01, 4.10e-01, 3.73e-01, 1.61e-01, 1.43e+00]
161500 [2.11e+00, 1.70e-01, 7.00e-01, 4.10e-01, 3.73e-01, 1.61e-01, 1.43e+00]
162000 [2.10e+00, 1.70e-01, 6.99e-01, 4.10e-01, 3.72e-01, 1.61e-01, 1.42e+00]
162500 [2.12e+00, 1.70e-01, 6.99e-01, 4.06e-01, 3.72e-01, 1.60e-01, 1.43e+00]
163000 [2.13e+00, 1.70e-01, 6.98e-01, 4.06e-01, 3.72e-01, 1.60e-01, 1.45e+00]
163500 [2.14e+00, 1.71e-01, 6.98e-01, 4.07e-01, 3.72e-01, 1.60e-01, 1.48e+00]
164000 [2.15e+00, 1.71e-01, 6.97e-01, 4.07e-01, 3.71e-01, 1.60e-01, 1.51e+00]
164500 [2.15e+00, 1.71e-01, 6.97e-01, 4.07e-01, 3.71e-01, 1.60e-01, 1.53e+00]
165000 [2.16e+00, 1.71e-01, 6.97e-01, 4.07e-01, 3.71e-01, 1.60e-01, 1.55e+00]
165500 [2.16e+00, 1.71e-01, 6.96e-01, 4.07e-01, 3.70e-01, 1.60e-01, 1.57e+00]
166000 [2.17e+00, 1.71e-01, 6.96e-01, 4.07e-01, 3.70e-01, 1.60e-01, 1.59e+00]
166500 [2.17e+00, 1.71e-01, 6.96e-01, 4.07e-01, 3.70e-01, 1.60e-01, 1.61e+00]
167000 [2.18e+00, 1.71e-01, 6.96e-01, 4.07e-01, 3.69e-01, 1.60e-01, 1.62e+00]
167500 [2.18e+00, 1.71e-01, 6.96e-01, 4.08e-01, 3.69e-01, 1.61e-01, 1.64e+00]
168000 [2.18e+00, 1.70e-01, 6.96e-01, 4.09e-01, 3.69e-01, 1.61e-01, 1.64e+00]
168500 [2.17e+00, 1.70e-01, 6.96e-01, 4.08e-01, 3.69e-01, 1.61e-01, 1.64e+00]
169000 [2.17e+00, 1.70e-01, 6.96e-01, 4.08e-01, 3.68e-01, 1.61e-01, 1.64e+00]
169500 [2.17e+00, 1.70e-01, 6.95e-01, 4.08e-01, 3.68e-01, 1.61e-01, 1.65e+00]
170000 [2.16e+00, 1.70e-01, 6.95e-01, 4.08e-01, 3.68e-01, 1.61e-01, 1.66e+00]
170500 [2.16e+00, 1.70e-01, 6.95e-01, 4.08e-01, 3.67e-01, 1.61e-01, 1.68e+00]
171000 [2.16e+00, 1.70e-01, 6.94e-01, 4.08e-01, 3.67e-01, 1.61e-01, 1.70e+00]
171500 [2.16e+00, 1.70e-01, 6.94e-01, 4.07e-01, 3.67e-01, 1.61e-01, 1.72e+00]
172000 [2.16e+00, 1.70e-01, 6.94e-01, 4.07e-01, 3.67e-01, 1.61e-01, 1.75e+00]
172500 [2.16e+00, 1.70e-01, 6.93e-01, 4.07e-01, 3.66e-01, 1.61e-01, 1.77e+00]
173000 [2.16e+00, 1.70e-01, 6.93e-01, 4.07e-01, 3.66e-01, 1.61e-01, 1.79e+00]
173500 [2.16e+00, 1.70e-01, 6.93e-01, 4.07e-01, 3.66e-01, 1.60e-01, 1.82e+00]
174000 [2.16e+00, 1.70e-01, 6.93e-01, 4.07e-01, 3.65e-01, 1.61e-01, 1.84e+00]
174500 [2.16e+00, 1.70e-01, 6.92e-01, 4.08e-01, 3.65e-01, 1.61e-01, 1.87e+00]
175000 [2.16e+00, 1.70e-01, 6.92e-01, 4.08e-01, 3.65e-01, 1.61e-01, 1.91e+00]
175500 [2.16e+00, 1.69e-01, 6.91e-01, 4.07e-01, 3.64e-01, 1.60e-01, 1.94e+00]
176000 [2.15e+00, 1.69e-01, 6.91e-01, 4.07e-01, 3.64e-01, 1.60e-01, 1.96e+00]
176500 [2.14e+00, 1.69e-01, 6.91e-01, 4.07e-01, 3.64e-01, 1.60e-01, 1.98e+00]
177000 [2.13e+00, 1.69e-01, 6.90e-01, 4.06e-01, 3.64e-01, 1.60e-01, 1.99e+00]
177500 [2.13e+00, 1.69e-01, 6.90e-01, 4.06e-01, 3.63e-01, 1.60e-01, 2.01e+00]
178000 [2.13e+00, 1.69e-01, 6.89e-01, 4.06e-01, 3.63e-01, 1.60e-01, 2.03e+00]
178500 [2.13e+00, 1.69e-01, 6.89e-01, 4.06e-01, 3.63e-01, 1.60e-01, 2.05e+00]
179000 [2.13e+00, 1.69e-01, 6.89e-01, 4.06e-01, 3.63e-01, 1.60e-01, 2.08e+00]
179500 [2.13e+00, 1.69e-01, 6.89e-01, 4.06e-01, 3.62e-01, 1.60e-01, 2.10e+00]
180000 [2.13e+00, 1.69e-01, 6.88e-01, 4.06e-01, 3.62e-01, 1.60e-01, 2.13e+00]
180500 [2.13e+00, 1.69e-01, 6.88e-01, 4.06e-01, 3.62e-01, 1.60e-01, 2.17e+00]
181000 [2.14e+00, 1.69e-01, 6.88e-01, 4.06e-01, 3.62e-01, 1.60e-01, 2.20e+00]
181500 [2.14e+00, 1.69e-01, 6.88e-01, 4.07e-01, 3.61e-01, 1.60e-01, 2.24e+00]
182000 [2.14e+00, 1.69e-01, 6.88e-01, 4.07e-01, 3.61e-01, 1.60e-01, 2.27e+00]
182500 [2.15e+00, 1.85e-01, 6.90e-01, 4.20e-01, 3.63e-01, 1.65e-01, 2.19e+00]
183000 [2.13e+00, 1.89e-01, 6.93e-01, 4.15e-01, 3.62e-01, 1.64e-01, 2.15e+00]
183500 [2.12e+00, 1.91e-01, 6.94e-01, 4.21e-01, 3.62e-01, 1.65e-01, 2.14e+00]
184000 [2.12e+00, 1.92e-01, 6.95e-01, 4.23e-01, 3.62e-01, 1.67e-01, 2.15e+00]
184500 [2.12e+00, 1.92e-01, 6.96e-01, 4.23e-01, 3.61e-01, 1.67e-01, 2.15e+00]
185000 [2.12e+00, 1.92e-01, 6.97e-01, 4.22e-01, 3.61e-01, 1.66e-01, 2.15e+00]
185500 [2.12e+00, 1.90e-01, 6.98e-01, 4.30e-01, 3.62e-01, 1.68e-01, 2.14e+00]
186000 [2.17e+00, 1.78e-01, 7.00e-01, 4.28e-01, 3.62e-01, 1.68e-01, 2.16e+00]
186500 [2.18e+00, 1.74e-01, 7.01e-01, 4.19e-01, 3.61e-01, 1.65e-01, 2.15e+00]
187000 [2.18e+00, 1.73e-01, 7.02e-01, 4.16e-01, 3.61e-01, 1.64e-01, 2.13e+00]
187500 [2.18e+00, 1.73e-01, 7.01e-01, 4.16e-01, 3.61e-01, 1.64e-01, 2.13e+00]
188000 [2.18e+00, 1.73e-01, 7.00e-01, 4.17e-01, 3.61e-01, 1.64e-01, 2.14e+00]
188500 [2.17e+00, 1.72e-01, 7.00e-01, 4.15e-01, 3.61e-01, 1.64e-01, 2.15e+00]
189000 [2.16e+00, 1.72e-01, 6.99e-01, 4.14e-01, 3.61e-01, 1.63e-01, 2.16e+00]
189500 [2.15e+00, 1.71e-01, 6.98e-01, 4.13e-01, 3.61e-01, 1.63e-01, 2.16e+00]
190000 [2.15e+00, 1.71e-01, 6.98e-01, 4.13e-01, 3.61e-01, 1.62e-01, 2.16e+00]
190500 [2.14e+00, 1.71e-01, 6.97e-01, 4.13e-01, 3.61e-01, 1.62e-01, 2.16e+00]
191000 [2.12e+00, 1.71e-01, 7.09e-01, 4.06e-01, 3.65e-01, 1.61e-01, 2.15e+00]
191500 [2.12e+00, 1.71e-01, 7.06e-01, 4.11e-01, 3.65e-01, 1.61e-01, 2.16e+00]
192000 [2.12e+00, 1.70e-01, 7.05e-01, 4.11e-01, 3.64e-01, 1.61e-01, 2.17e+00]
192500 [2.12e+00, 1.70e-01, 7.03e-01, 4.10e-01, 3.64e-01, 1.61e-01, 2.19e+00]
193000 [2.12e+00, 1.70e-01, 7.02e-01, 4.10e-01, 3.63e-01, 1.61e-01, 2.20e+00]
193500 [2.12e+00, 1.70e-01, 7.00e-01, 4.10e-01, 3.63e-01, 1.61e-01, 2.21e+00]
194000 [2.12e+00, 1.70e-01, 6.99e-01, 4.10e-01, 3.62e-01, 1.61e-01, 2.22e+00]
194500 [2.12e+00, 1.70e-01, 6.98e-01, 4.09e-01, 3.62e-01, 1.61e-01, 2.22e+00]
195000 [2.13e+00, 1.73e-01, 7.03e-01, 4.11e-01, 3.66e-01, 1.64e-01, 2.22e+00]
195500 [2.14e+00, 1.72e-01, 7.02e-01, 4.10e-01, 3.65e-01, 1.62e-01, 2.22e+00]
196000 [2.14e+00, 1.71e-01, 7.01e-01, 4.09e-01, 3.65e-01, 1.61e-01, 2.22e+00]
196500 [2.15e+00, 1.71e-01, 7.01e-01, 4.07e-01, 3.65e-01, 1.60e-01, 2.23e+00]
197000 [2.16e+00, 1.70e-01, 7.00e-01, 4.06e-01, 3.64e-01, 1.60e-01, 2.24e+00]
197500 [2.17e+00, 1.70e-01, 7.00e-01, 4.05e-01, 3.64e-01, 1.60e-01, 2.25e+00]
198000 [2.18e+00, 1.70e-01, 6.99e-01, 4.06e-01, 3.64e-01, 1.60e-01, 2.26e+00]
198500 [2.18e+00, 1.71e-01, 6.98e-01, 4.06e-01, 3.63e-01, 1.60e-01, 2.27e+00]
199000 [2.19e+00, 1.71e-01, 6.98e-01, 4.06e-01, 3.63e-01, 1.60e-01, 2.28e+00]
199500 [2.19e+00, 1.71e-01, 6.98e-01, 4.07e-01, 3.63e-01, 1.60e-01, 2.30e+00]
200000 [2.20e+00, 1.71e-01, 6.97e-01, 4.07e-01, 3.63e-01, 1.60e-01, 2.31e+00]
200500 [2.20e+00, 1.71e-01, 6.97e-01, 4.07e-01, 3.63e-01, 1.60e-01, 2.33e+00]
201000 [2.20e+00, 1.71e-01, 6.97e-01, 4.07e-01, 3.63e-01, 1.60e-01, 2.34e+00]
201500 [2.21e+00, 1.71e-01, 6.96e-01, 4.07e-01, 3.62e-01, 1.60e-01, 2.35e+00]
202000 [2.20e+00, 1.72e-01, 6.96e-01, 4.10e-01, 3.62e-01, 1.61e-01, 2.36e+00]
202500 [2.19e+00, 1.72e-01, 6.96e-01, 4.09e-01, 3.62e-01, 1.61e-01, 2.40e+00]
203000 [2.19e+00, 1.71e-01, 6.96e-01, 4.08e-01, 3.62e-01, 1.61e-01, 2.43e+00]
203500 [2.19e+00, 1.71e-01, 6.96e-01, 4.07e-01, 3.62e-01, 1.60e-01, 2.45e+00]
204000 [2.19e+00, 1.71e-01, 6.95e-01, 4.06e-01, 3.62e-01, 1.60e-01, 2.48e+00]
204500 [2.19e+00, 1.71e-01, 6.95e-01, 4.07e-01, 3.62e-01, 1.61e-01, 2.50e+00]
205000 [2.19e+00, 1.71e-01, 6.95e-01, 4.07e-01, 3.62e-01, 1.60e-01, 2.53e+00]
205500 [2.20e+00, 1.71e-01, 6.94e-01, 4.07e-01, 3.61e-01, 1.60e-01, 2.56e+00]
206000 [2.20e+00, 1.71e-01, 6.94e-01, 4.07e-01, 3.61e-01, 1.60e-01, 2.59e+00]
206500 [2.20e+00, 1.71e-01, 6.94e-01, 4.07e-01, 3.61e-01, 1.60e-01, 2.62e+00]
207000 [2.20e+00, 1.71e-01, 6.94e-01, 4.07e-01, 3.61e-01, 1.60e-01, 2.64e+00]
207500 [2.20e+00, 1.71e-01, 6.94e-01, 4.07e-01, 3.61e-01, 1.60e-01, 2.66e+00]
208000 [2.18e+00, 1.72e-01, 6.93e-01, 4.10e-01, 3.61e-01, 1.61e-01, 2.65e+00]
208500 [2.18e+00, 1.72e-01, 6.94e-01, 4.10e-01, 3.60e-01, 1.61e-01, 2.65e+00]
209000 [2.18e+00, 1.71e-01, 6.93e-01, 4.07e-01, 3.60e-01, 1.61e-01, 2.67e+00]
209500 [2.19e+00, 1.71e-01, 6.93e-01, 4.06e-01, 3.60e-01, 1.60e-01, 2.69e+00]
210000 [2.20e+00, 1.71e-01, 6.93e-01, 4.06e-01, 3.59e-01, 1.60e-01, 2.72e+00]
210500 [2.20e+00, 1.71e-01, 6.92e-01, 4.07e-01, 3.59e-01, 1.60e-01, 2.73e+00]
211000 [2.20e+00, 1.72e-01, 6.92e-01, 4.10e-01, 3.59e-01, 1.61e-01, 2.75e+00]
211500 [2.20e+00, 1.71e-01, 6.92e-01, 4.07e-01, 3.59e-01, 1.60e-01, 2.75e+00]
212000 [2.20e+00, 1.71e-01, 6.92e-01, 4.07e-01, 3.59e-01, 1.60e-01, 2.75e+00]
212500 [2.19e+00, 1.71e-01, 6.93e-01, 4.10e-01, 3.59e-01, 1.61e-01, 2.75e+00]
213000 [2.19e+00, 1.71e-01, 6.92e-01, 4.09e-01, 3.58e-01, 1.61e-01, 2.74e+00]
213500 [2.18e+00, 1.71e-01, 6.93e-01, 4.09e-01, 3.58e-01, 1.61e-01, 2.74e+00]
214000 [2.18e+00, 1.71e-01, 6.92e-01, 4.09e-01, 3.58e-01, 1.61e-01, 2.74e+00]
214500 [2.18e+00, 1.71e-01, 6.93e-01, 4.09e-01, 3.58e-01, 1.61e-01, 2.75e+00]
215000 [2.17e+00, 1.71e-01, 6.92e-01, 4.09e-01, 3.58e-01, 1.61e-01, 2.75e+00]
215500 [2.17e+00, 1.71e-01, 6.92e-01, 4.08e-01, 3.58e-01, 1.61e-01, 2.77e+00]
216000 [2.16e+00, 1.71e-01, 6.92e-01, 4.08e-01, 3.57e-01, 1.61e-01, 2.79e+00]
216500 [2.17e+00, 1.71e-01, 6.92e-01, 4.07e-01, 3.57e-01, 1.60e-01, 2.81e+00]
217000 [2.17e+00, 1.70e-01, 6.92e-01, 4.07e-01, 3.57e-01, 1.60e-01, 2.84e+00]
217500 [2.17e+00, 1.70e-01, 6.92e-01, 4.06e-01, 3.57e-01, 1.60e-01, 2.85e+00]
218000 [2.17e+00, 1.71e-01, 6.92e-01, 4.06e-01, 3.57e-01, 1.60e-01, 2.89e+00]
218500 [2.18e+00, 1.70e-01, 6.91e-01, 4.07e-01, 3.56e-01, 1.60e-01, 2.89e+00]
219000 [2.17e+00, 1.71e-01, 6.91e-01, 4.07e-01, 3.56e-01, 1.60e-01, 2.88e+00]
219500 [2.16e+00, 1.71e-01, 6.91e-01, 4.08e-01, 3.56e-01, 1.61e-01, 2.86e+00]
220000 [2.17e+00, 1.70e-01, 6.91e-01, 4.06e-01, 3.56e-01, 1.60e-01, 2.87e+00]
220500 [2.18e+00, 1.70e-01, 6.91e-01, 4.05e-01, 3.56e-01, 1.60e-01, 2.86e+00]
221000 [2.18e+00, 1.71e-01, 6.91e-01, 4.08e-01, 3.55e-01, 1.60e-01, 2.85e+00]
221500 [2.18e+00, 1.71e-01, 6.91e-01, 4.06e-01, 3.55e-01, 1.60e-01, 2.86e+00]
222000 [2.18e+00, 1.71e-01, 6.91e-01, 4.06e-01, 3.56e-01, 1.60e-01, 2.91e+00]
222500 [2.19e+00, 1.71e-01, 6.91e-01, 4.05e-01, 3.55e-01, 1.60e-01, 2.91e+00]
223000 [2.19e+00, 1.71e-01, 6.91e-01, 4.07e-01, 3.55e-01, 1.60e-01, 2.91e+00]
223500 [2.18e+00, 1.71e-01, 6.90e-01, 4.07e-01, 3.55e-01, 1.60e-01, 2.91e+00]
224000 [2.19e+00, 1.71e-01, 6.90e-01, 4.06e-01, 3.55e-01, 1.60e-01, 2.92e+00]
224500 [2.18e+00, 1.71e-01, 6.90e-01, 4.08e-01, 3.55e-01, 1.61e-01, 2.92e+00]
225000 [2.19e+00, 1.71e-01, 6.90e-01, 4.06e-01, 3.54e-01, 1.60e-01, 2.93e+00]
225500 [2.19e+00, 1.71e-01, 6.90e-01, 4.06e-01, 3.54e-01, 1.60e-01, 2.95e+00]
226000 [2.20e+00, 1.71e-01, 6.90e-01, 4.06e-01, 3.54e-01, 1.60e-01, 2.97e+00]
226500 [2.20e+00, 1.71e-01, 6.90e-01, 4.06e-01, 3.54e-01, 1.60e-01, 2.99e+00]
227000 [2.20e+00, 1.71e-01, 6.90e-01, 4.06e-01, 3.54e-01, 1.60e-01, 3.00e+00]
227500 [2.20e+00, 1.71e-01, 6.90e-01, 4.07e-01, 3.53e-01, 1.60e-01, 3.04e+00]
228000 [2.21e+00, 1.71e-01, 6.90e-01, 4.06e-01, 3.53e-01, 1.60e-01, 3.03e+00]
228500 [2.21e+00, 1.71e-01, 6.90e-01, 4.06e-01, 3.53e-01, 1.60e-01, 3.06e+00]
229000 [2.21e+00, 1.71e-01, 6.90e-01, 4.06e-01, 3.53e-01, 1.60e-01, 3.05e+00]
229500 [2.21e+00, 1.71e-01, 6.90e-01, 4.07e-01, 3.53e-01, 1.60e-01, 3.06e+00]
230000 [2.21e+00, 1.71e-01, 6.90e-01, 4.07e-01, 3.53e-01, 1.60e-01, 3.08e+00]
230500 [2.20e+00, 1.72e-01, 6.91e-01, 4.12e-01, 3.53e-01, 1.61e-01, 3.07e+00]
231000 [2.21e+00, 1.71e-01, 6.91e-01, 4.07e-01, 3.53e-01, 1.60e-01, 3.08e+00]
231500 [2.19e+00, 1.72e-01, 6.92e-01, 4.10e-01, 3.53e-01, 1.61e-01, 3.07e+00]
232000 [2.18e+00, 1.71e-01, 6.92e-01, 4.09e-01, 3.53e-01, 1.61e-01, 3.08e+00]
