0 [1.00e+00, 1.00e+00, 1.00e+00, 1.00e+00, 1.00e+00, 1.00e+00, 1.00e+00]
500 [1.07e+00, 7.35e-01, 9.82e-01, 1.24e+00, 1.00e+00, 1.02e+00, 9.04e-01]
1000 [1.51e+00, 5.39e-01, 9.98e-01, 1.65e+00, 9.96e-01, 6.52e-01, 7.74e-01]
1500 [2.04e+00, 4.39e-01, 1.01e+00, 1.15e+00, 9.91e-01, 4.12e-01, 6.93e-01]
2000 [2.48e+00, 3.35e-01, 1.01e+00, 8.05e-01, 9.77e-01, 3.10e-01, 6.11e-01]
2500 [2.79e+00, 2.81e-01, 1.01e+00, 6.60e-01, 9.55e-01, 2.58e-01, 5.61e-01]
3000 [2.95e+00, 2.56e-01, 1.00e+00, 5.99e-01, 9.28e-01, 2.36e-01, 5.43e-01]
3500 [3.00e+00, 2.47e-01, 9.99e-01, 5.75e-01, 8.99e-01, 2.27e-01, 5.37e-01]
4000 [2.99e+00, 2.41e-01, 9.93e-01, 5.63e-01, 8.73e-01, 2.22e-01, 5.33e-01]
4500 [2.95e+00, 2.38e-01, 9.86e-01, 5.54e-01, 8.50e-01, 2.18e-01, 5.31e-01]
5000 [2.91e+00, 2.34e-01, 9.79e-01, 5.46e-01, 8.30e-01, 2.16e-01, 5.29e-01]
5500 [2.87e+00, 2.31e-01, 9.72e-01, 5.39e-01, 8.13e-01, 2.13e-01, 5.26e-01]
6000 [2.83e+00, 2.29e-01, 9.64e-01, 5.33e-01, 7.97e-01, 2.10e-01, 5.24e-01]
6500 [2.80e+00, 2.26e-01, 9.56e-01, 5.27e-01, 7.83e-01, 2.08e-01, 5.22e-01]
7000 [2.77e+00, 2.24e-01, 9.48e-01, 5.22e-01, 7.70e-01, 2.06e-01, 5.20e-01]
7500 [2.75e+00, 2.22e-01, 9.41e-01, 5.17e-01, 7.57e-01, 2.04e-01, 5.19e-01]
8000 [2.72e+00, 2.20e-01, 9.33e-01, 5.12e-01, 7.46e-01, 2.02e-01, 5.17e-01]
8500 [2.70e+00, 2.18e-01, 9.26e-01, 5.08e-01, 7.35e-01, 2.00e-01, 5.16e-01]
9000 [2.68e+00, 2.16e-01, 9.18e-01, 5.04e-01, 7.24e-01, 1.99e-01, 5.15e-01]
9500 [2.66e+00, 2.14e-01, 9.11e-01, 5.00e-01, 7.14e-01, 1.97e-01, 5.14e-01]
10000 [2.64e+00, 2.13e-01, 9.04e-01, 4.96e-01, 7.04e-01, 1.96e-01, 5.13e-01]
10500 [2.62e+00, 2.11e-01, 8.97e-01, 4.93e-01, 6.95e-01, 1.94e-01, 5.11e-01]
11000 [2.60e+00, 2.10e-01, 8.90e-01, 4.89e-01, 6.86e-01, 1.93e-01, 5.10e-01]
11500 [2.58e+00, 2.09e-01, 8.83e-01, 4.86e-01, 6.77e-01, 1.92e-01, 5.10e-01]
12000 [2.57e+00, 2.07e-01, 8.77e-01, 4.83e-01, 6.68e-01, 1.91e-01, 5.09e-01]
12500 [2.55e+00, 2.06e-01, 8.70e-01, 4.80e-01, 6.60e-01, 1.89e-01, 5.08e-01]
13000 [2.54e+00, 2.05e-01, 8.64e-01, 4.77e-01, 6.52e-01, 1.88e-01, 5.07e-01]
13500 [2.52e+00, 2.04e-01, 8.58e-01, 4.75e-01, 6.44e-01, 1.87e-01, 5.06e-01]
14000 [2.51e+00, 2.03e-01, 8.52e-01, 4.72e-01, 6.36e-01, 1.86e-01, 5.05e-01]
14500 [2.50e+00, 2.02e-01, 8.46e-01, 4.69e-01, 6.29e-01, 1.85e-01, 5.05e-01]
15000 [2.48e+00, 2.00e-01, 8.41e-01, 4.67e-01, 6.22e-01, 1.84e-01, 5.04e-01]
15500 [2.47e+00, 1.99e-01, 8.35e-01, 4.65e-01, 6.15e-01, 1.83e-01, 5.03e-01]
16000 [2.46e+00, 1.99e-01, 8.30e-01, 4.62e-01, 6.08e-01, 1.83e-01, 5.02e-01]
16500 [2.45e+00, 1.98e-01, 8.25e-01, 4.61e-01, 6.01e-01, 1.82e-01, 5.02e-01]
17000 [2.44e+00, 1.97e-01, 8.20e-01, 4.59e-01, 5.95e-01, 1.81e-01, 5.01e-01]
17500 [2.43e+00, 1.96e-01, 8.15e-01, 4.56e-01, 5.89e-01, 1.80e-01, 5.01e-01]
18000 [2.42e+00, 1.95e-01, 8.11e-01, 4.55e-01, 5.83e-01, 1.79e-01, 5.00e-01]
18500 [2.41e+00, 1.94e-01, 8.06e-01, 4.53e-01, 5.77e-01, 1.79e-01, 4.99e-01]
19000 [2.40e+00, 1.94e-01, 8.02e-01, 4.51e-01, 5.71e-01, 1.78e-01, 4.99e-01]
19500 [2.39e+00, 1.93e-01, 7.98e-01, 4.50e-01, 5.66e-01, 1.77e-01, 4.98e-01]
20000 [2.38e+00, 1.92e-01, 7.94e-01, 4.48e-01, 5.60e-01, 1.77e-01, 4.98e-01]
20500 [2.37e+00, 1.92e-01, 7.90e-01, 4.46e-01, 5.55e-01, 1.76e-01, 4.97e-01]
21000 [2.37e+00, 1.91e-01, 7.87e-01, 4.45e-01, 5.50e-01, 1.76e-01, 4.96e-01]
21500 [2.36e+00, 1.90e-01, 7.84e-01, 4.44e-01, 5.45e-01, 1.75e-01, 4.96e-01]
22000 [2.35e+00, 1.90e-01, 7.80e-01, 4.42e-01, 5.40e-01, 1.75e-01, 4.96e-01]
22500 [2.35e+00, 1.89e-01, 7.77e-01, 4.41e-01, 5.36e-01, 1.74e-01, 4.95e-01]
23000 [2.34e+00, 1.89e-01, 7.74e-01, 4.40e-01, 5.31e-01, 1.74e-01, 4.95e-01]
23500 [2.33e+00, 1.88e-01, 7.71e-01, 4.39e-01, 5.27e-01, 1.73e-01, 4.94e-01]
24000 [2.33e+00, 1.88e-01, 7.68e-01, 4.38e-01, 5.23e-01, 1.73e-01, 4.94e-01]
24500 [2.32e+00, 1.87e-01, 7.66e-01, 4.37e-01, 5.19e-01, 1.72e-01, 4.93e-01]
25000 [2.32e+00, 1.87e-01, 7.63e-01, 4.36e-01, 5.14e-01, 1.72e-01, 4.93e-01]
25500 [2.31e+00, 1.86e-01, 7.60e-01, 4.35e-01, 5.11e-01, 1.72e-01, 4.92e-01]
26000 [2.31e+00, 1.86e-01, 7.58e-01, 4.34e-01, 5.07e-01, 1.71e-01, 4.92e-01]
26500 [2.30e+00, 1.86e-01, 7.56e-01, 4.33e-01, 5.03e-01, 1.71e-01, 4.92e-01]
27000 [2.30e+00, 1.85e-01, 7.54e-01, 4.32e-01, 4.99e-01, 1.70e-01, 4.91e-01]
27500 [2.29e+00, 1.85e-01, 7.52e-01, 4.31e-01, 4.96e-01, 1.70e-01, 4.91e-01]
28000 [2.29e+00, 1.85e-01, 7.50e-01, 4.30e-01, 4.92e-01, 1.70e-01, 4.90e-01]
28500 [2.28e+00, 1.84e-01, 7.48e-01, 4.29e-01, 4.89e-01, 1.69e-01, 4.90e-01]
29000 [2.28e+00, 1.84e-01, 7.46e-01, 4.29e-01, 4.86e-01, 1.69e-01, 4.90e-01]
29500 [2.28e+00, 1.84e-01, 7.44e-01, 4.28e-01, 4.83e-01, 1.69e-01, 4.89e-01]
30000 [2.27e+00, 1.83e-01, 7.42e-01, 4.27e-01, 4.80e-01, 1.69e-01, 4.89e-01]
30500 [2.27e+00, 1.83e-01, 7.40e-01, 4.26e-01, 4.77e-01, 1.68e-01, 4.89e-01]
31000 [2.26e+00, 1.83e-01, 7.39e-01, 4.26e-01, 4.74e-01, 1.68e-01, 4.88e-01]
31500 [2.27e+00, 1.83e-01, 7.38e-01, 4.27e-01, 4.71e-01, 1.68e-01, 4.90e-01]
32000 [2.27e+00, 1.83e-01, 7.37e-01, 4.25e-01, 4.69e-01, 1.69e-01, 4.98e-01]
32500 [2.27e+00, 1.82e-01, 7.36e-01, 4.25e-01, 4.68e-01, 1.68e-01, 4.99e-01]
33000 [2.26e+00, 1.82e-01, 7.34e-01, 4.25e-01, 4.65e-01, 1.67e-01, 4.98e-01]
33500 [2.26e+00, 1.82e-01, 7.33e-01, 4.24e-01, 4.62e-01, 1.67e-01, 4.97e-01]
34000 [2.25e+00, 1.82e-01, 7.32e-01, 4.23e-01, 4.60e-01, 1.67e-01, 4.97e-01]
34500 [2.25e+00, 1.81e-01, 7.30e-01, 4.22e-01, 4.57e-01, 1.67e-01, 4.97e-01]
35000 [2.24e+00, 1.81e-01, 7.29e-01, 4.23e-01, 4.55e-01, 1.67e-01, 4.97e-01]
35500 [2.24e+00, 1.81e-01, 7.29e-01, 4.22e-01, 4.54e-01, 1.66e-01, 5.00e-01]
36000 [2.25e+00, 1.83e-01, 7.28e-01, 4.37e-01, 4.52e-01, 1.68e-01, 5.00e-01]
36500 [2.26e+00, 1.81e-01, 7.29e-01, 4.22e-01, 4.51e-01, 1.67e-01, 4.97e-01]
37000 [2.25e+00, 1.81e-01, 7.29e-01, 4.22e-01, 4.49e-01, 1.66e-01, 4.96e-01]
37500 [2.24e+00, 1.81e-01, 7.28e-01, 4.21e-01, 4.46e-01, 1.66e-01, 4.96e-01]
38000 [2.24e+00, 1.80e-01, 7.27e-01, 4.21e-01, 4.44e-01, 1.66e-01, 4.95e-01]
38500 [2.24e+00, 1.80e-01, 7.26e-01, 4.20e-01, 4.42e-01, 1.66e-01, 4.95e-01]
39000 [2.23e+00, 1.80e-01, 7.25e-01, 4.19e-01, 4.40e-01, 1.65e-01, 4.94e-01]
39500 [2.23e+00, 1.80e-01, 7.24e-01, 4.19e-01, 4.38e-01, 1.65e-01, 4.94e-01]
40000 [2.23e+00, 1.79e-01, 7.22e-01, 4.18e-01, 4.36e-01, 1.65e-01, 4.94e-01]
40500 [2.22e+00, 1.79e-01, 7.21e-01, 4.18e-01, 4.34e-01, 1.65e-01, 4.94e-01]
41000 [2.22e+00, 1.79e-01, 7.20e-01, 4.19e-01, 4.32e-01, 1.65e-01, 4.94e-01]
41500 [2.25e+00, 1.82e-01, 7.22e-01, 4.24e-01, 4.32e-01, 1.68e-01, 4.93e-01]
42000 [2.25e+00, 1.82e-01, 7.22e-01, 4.25e-01, 4.32e-01, 1.68e-01, 4.94e-01]
42500 [2.25e+00, 1.81e-01, 7.22e-01, 4.23e-01, 4.31e-01, 1.67e-01, 4.93e-01]
43000 [2.25e+00, 1.81e-01, 7.21e-01, 4.21e-01, 4.30e-01, 1.66e-01, 4.92e-01]
43500 [2.26e+00, 1.84e-01, 7.21e-01, 4.41e-01, 4.28e-01, 1.71e-01, 5.04e-01]
44000 [2.30e+00, 1.84e-01, 7.23e-01, 4.36e-01, 4.26e-01, 1.69e-01, 5.06e-01]
44500 [2.32e+00, 1.84e-01, 7.23e-01, 4.38e-01, 4.25e-01, 1.73e-01, 5.01e-01]
45000 [2.30e+00, 1.79e-01, 7.22e-01, 4.29e-01, 4.23e-01, 1.69e-01, 4.91e-01]
45500 [2.27e+00, 1.76e-01, 7.23e-01, 4.02e-01, 4.24e-01, 1.66e-01, 4.81e-01]
46000 [2.22e+00, 1.74e-01, 7.21e-01, 4.05e-01, 4.23e-01, 1.60e-01, 4.79e-01]
46500 [2.19e+00, 1.76e-01, 7.21e-01, 4.11e-01, 4.21e-01, 1.61e-01, 4.78e-01]
47000 [2.25e+00, 1.80e-01, 7.21e-01, 4.31e-01, 4.20e-01, 1.70e-01, 4.71e-01]
47500 [2.27e+00, 1.82e-01, 7.29e-01, 4.23e-01, 4.24e-01, 1.70e-01, 4.71e-01]
48000 [2.26e+00, 1.81e-01, 7.29e-01, 4.22e-01, 4.24e-01, 1.67e-01, 4.71e-01]
48500 [2.27e+00, 1.83e-01, 7.29e-01, 4.36e-01, 4.23e-01, 1.70e-01, 4.67e-01]
49000 [2.28e+00, 1.82e-01, 7.28e-01, 4.33e-01, 4.22e-01, 1.71e-01, 4.64e-01]
49500 [2.28e+00, 1.80e-01, 7.27e-01, 4.29e-01, 4.21e-01, 1.70e-01, 4.61e-01]
50000 [2.28e+00, 1.78e-01, 7.26e-01, 4.27e-01, 4.20e-01, 1.69e-01, 4.59e-01]
50500 [2.27e+00, 1.78e-01, 7.26e-01, 4.25e-01, 4.18e-01, 1.68e-01, 4.55e-01]
51000 [2.26e+00, 1.77e-01, 7.25e-01, 4.23e-01, 4.16e-01, 1.67e-01, 4.52e-01]
51500 [2.24e+00, 1.77e-01, 7.25e-01, 4.25e-01, 4.16e-01, 1.65e-01, 4.45e-01]
52000 [2.25e+00, 1.77e-01, 7.23e-01, 4.23e-01, 4.14e-01, 1.67e-01, 4.49e-01]
52500 [2.24e+00, 1.74e-01, 7.22e-01, 4.09e-01, 4.16e-01, 1.66e-01, 4.49e-01]
53000 [2.20e+00, 1.72e-01, 7.21e-01, 4.00e-01, 4.15e-01, 1.59e-01, 4.51e-01]
53500 [2.18e+00, 1.74e-01, 7.22e-01, 4.06e-01, 4.14e-01, 1.59e-01, 4.52e-01]
54000 [2.19e+00, 1.78e-01, 7.22e-01, 4.21e-01, 4.13e-01, 1.65e-01, 4.40e-01]
54500 [2.23e+00, 1.80e-01, 7.21e-01, 4.30e-01, 4.12e-01, 1.68e-01, 4.36e-01]
55000 [2.25e+00, 1.78e-01, 7.20e-01, 4.26e-01, 4.11e-01, 1.68e-01, 4.40e-01]
55500 [2.25e+00, 1.77e-01, 7.20e-01, 4.24e-01, 4.10e-01, 1.67e-01, 4.41e-01]
56000 [2.25e+00, 1.78e-01, 7.19e-01, 4.27e-01, 4.10e-01, 1.67e-01, 4.55e-01]
56500 [2.26e+00, 1.77e-01, 7.18e-01, 4.23e-01, 4.09e-01, 1.67e-01, 4.63e-01]
57000 [2.25e+00, 1.76e-01, 7.17e-01, 4.21e-01, 4.07e-01, 1.66e-01, 4.62e-01]
57500 [2.24e+00, 1.75e-01, 7.17e-01, 4.19e-01, 4.06e-01, 1.65e-01, 4.60e-01]
58000 [2.23e+00, 1.74e-01, 7.16e-01, 4.17e-01, 4.05e-01, 1.65e-01, 4.58e-01]
58500 [2.22e+00, 1.74e-01, 7.15e-01, 4.16e-01, 4.04e-01, 1.64e-01, 4.55e-01]
59000 [2.21e+00, 1.74e-01, 7.14e-01, 4.17e-01, 4.02e-01, 1.64e-01, 4.46e-01]
59500 [2.20e+00, 1.73e-01, 7.12e-01, 4.17e-01, 4.01e-01, 1.63e-01, 4.25e-01]
60000 [2.18e+00, 1.72e-01, 7.11e-01, 4.15e-01, 3.99e-01, 1.63e-01, 4.13e-01]
60500 [2.16e+00, 1.71e-01, 7.09e-01, 4.14e-01, 3.98e-01, 1.63e-01, 4.02e-01]
61000 [2.15e+00, 1.71e-01, 7.08e-01, 4.13e-01, 3.97e-01, 1.62e-01, 3.93e-01]
61500 [2.14e+00, 1.71e-01, 7.07e-01, 4.13e-01, 3.96e-01, 1.62e-01, 3.85e-01]
62000 [2.13e+00, 1.71e-01, 7.05e-01, 4.12e-01, 3.94e-01, 1.62e-01, 3.80e-01]
62500 [2.13e+00, 1.71e-01, 7.04e-01, 4.12e-01, 3.93e-01, 1.62e-01, 3.75e-01]
63000 [2.12e+00, 1.70e-01, 7.03e-01, 4.12e-01, 3.92e-01, 1.62e-01, 3.72e-01]
63500 [2.12e+00, 1.70e-01, 7.02e-01, 4.12e-01, 3.91e-01, 1.62e-01, 3.69e-01]
64000 [2.12e+00, 1.70e-01, 7.01e-01, 4.11e-01, 3.90e-01, 1.62e-01, 3.66e-01]
64500 [2.11e+00, 1.70e-01, 7.00e-01, 4.11e-01, 3.89e-01, 1.62e-01, 3.65e-01]
65000 [2.11e+00, 1.70e-01, 6.99e-01, 4.11e-01, 3.88e-01, 1.62e-01, 3.63e-01]
65500 [2.11e+00, 1.70e-01, 6.98e-01, 4.11e-01, 3.87e-01, 1.62e-01, 3.61e-01]
66000 [2.11e+00, 1.70e-01, 6.97e-01, 4.11e-01, 3.86e-01, 1.61e-01, 3.60e-01]
66500 [2.11e+00, 1.70e-01, 6.96e-01, 4.10e-01, 3.85e-01, 1.61e-01, 3.59e-01]
67000 [2.10e+00, 1.70e-01, 6.96e-01, 4.10e-01, 3.85e-01, 1.61e-01, 3.58e-01]
67500 [2.10e+00, 1.70e-01, 6.95e-01, 4.10e-01, 3.84e-01, 1.61e-01, 3.56e-01]
68000 [2.10e+00, 1.69e-01, 6.94e-01, 4.10e-01, 3.83e-01, 1.61e-01, 3.55e-01]
68500 [2.10e+00, 1.69e-01, 6.93e-01, 4.09e-01, 3.82e-01, 1.61e-01, 3.54e-01]
69000 [2.10e+00, 1.69e-01, 6.93e-01, 4.09e-01, 3.81e-01, 1.61e-01, 3.53e-01]
69500 [2.10e+00, 1.69e-01, 6.92e-01, 4.09e-01, 3.80e-01, 1.61e-01, 3.52e-01]
70000 [2.10e+00, 1.69e-01, 6.92e-01, 4.09e-01, 3.79e-01, 1.61e-01, 3.51e-01]
70500 [2.09e+00, 1.69e-01, 6.91e-01, 4.09e-01, 3.79e-01, 1.61e-01, 3.50e-01]
71000 [2.09e+00, 1.69e-01, 6.90e-01, 4.08e-01, 3.78e-01, 1.61e-01, 3.49e-01]
71500 [2.09e+00, 1.69e-01, 6.90e-01, 4.08e-01, 3.77e-01, 1.61e-01, 3.48e-01]
72000 [2.09e+00, 1.69e-01, 6.89e-01, 4.08e-01, 3.76e-01, 1.60e-01, 3.47e-01]
72500 [2.09e+00, 1.69e-01, 6.89e-01, 4.08e-01, 3.76e-01, 1.60e-01, 3.46e-01]
73000 [2.09e+00, 1.69e-01, 6.88e-01, 4.08e-01, 3.75e-01, 1.60e-01, 3.45e-01]
73500 [2.09e+00, 1.69e-01, 6.88e-01, 4.08e-01, 3.74e-01, 1.60e-01, 3.44e-01]
74000 [2.09e+00, 1.68e-01, 6.87e-01, 4.07e-01, 3.74e-01, 1.60e-01, 3.43e-01]
74500 [2.09e+00, 1.68e-01, 6.87e-01, 4.07e-01, 3.73e-01, 1.60e-01, 3.42e-01]
75000 [2.09e+00, 1.68e-01, 6.86e-01, 4.07e-01, 3.72e-01, 1.60e-01, 3.41e-01]
75500 [2.08e+00, 1.68e-01, 6.86e-01, 4.07e-01, 3.72e-01, 1.60e-01, 3.40e-01]
76000 [2.08e+00, 1.68e-01, 6.86e-01, 4.07e-01, 3.71e-01, 1.60e-01, 3.40e-01]
76500 [2.08e+00, 1.68e-01, 6.85e-01, 4.07e-01, 3.70e-01, 1.60e-01, 3.39e-01]
77000 [2.08e+00, 1.68e-01, 6.85e-01, 4.06e-01, 3.70e-01, 1.60e-01, 3.38e-01]
77500 [2.08e+00, 1.68e-01, 6.85e-01, 4.06e-01, 3.69e-01, 1.60e-01, 3.38e-01]
78000 [2.08e+00, 1.68e-01, 6.84e-01, 4.06e-01, 3.69e-01, 1.60e-01, 3.38e-01]
78500 [2.08e+00, 1.68e-01, 6.84e-01, 4.06e-01, 3.68e-01, 1.60e-01, 3.37e-01]
79000 [2.08e+00, 1.68e-01, 6.84e-01, 4.06e-01, 3.67e-01, 1.60e-01, 3.37e-01]
79500 [2.08e+00, 1.68e-01, 6.83e-01, 4.06e-01, 3.67e-01, 1.60e-01, 3.36e-01]
80000 [2.08e+00, 1.68e-01, 6.83e-01, 4.06e-01, 3.66e-01, 1.59e-01, 3.36e-01]
80500 [2.08e+00, 1.68e-01, 6.83e-01, 4.06e-01, 3.66e-01, 1.60e-01, 3.36e-01]
81000 [2.08e+00, 1.68e-01, 6.83e-01, 4.06e-01, 3.65e-01, 1.59e-01, 3.36e-01]
81500 [2.08e+00, 1.68e-01, 6.82e-01, 4.06e-01, 3.65e-01, 1.60e-01, 3.36e-01]
82000 [2.08e+00, 1.68e-01, 6.82e-01, 4.06e-01, 3.64e-01, 1.59e-01, 3.36e-01]
82500 [2.08e+00, 1.68e-01, 6.82e-01, 4.05e-01, 3.64e-01, 1.59e-01, 3.36e-01]
83000 [2.08e+00, 1.68e-01, 6.82e-01, 4.05e-01, 3.63e-01, 1.59e-01, 3.37e-01]
83500 [2.08e+00, 1.68e-01, 6.81e-01, 4.05e-01, 3.63e-01, 1.59e-01, 3.37e-01]
84000 [2.08e+00, 1.68e-01, 6.81e-01, 4.05e-01, 3.62e-01, 1.59e-01, 3.37e-01]
84500 [2.08e+00, 1.68e-01, 6.81e-01, 4.05e-01, 3.62e-01, 1.59e-01, 3.38e-01]
85000 [2.08e+00, 1.67e-01, 6.81e-01, 4.05e-01, 3.61e-01, 1.59e-01, 3.38e-01]
85500 [2.08e+00, 1.67e-01, 6.80e-01, 4.05e-01, 3.61e-01, 1.59e-01, 3.38e-01]
86000 [2.08e+00, 1.67e-01, 6.80e-01, 4.05e-01, 3.60e-01, 1.59e-01, 3.39e-01]
86500 [2.08e+00, 1.67e-01, 6.80e-01, 4.05e-01, 3.60e-01, 1.59e-01, 3.40e-01]
87000 [2.08e+00, 1.67e-01, 6.80e-01, 4.05e-01, 3.60e-01, 1.59e-01, 3.41e-01]
87500 [2.07e+00, 1.67e-01, 6.80e-01, 4.04e-01, 3.59e-01, 1.59e-01, 3.41e-01]
88000 [2.07e+00, 1.67e-01, 6.79e-01, 4.05e-01, 3.59e-01, 1.59e-01, 3.42e-01]
88500 [2.07e+00, 1.67e-01, 6.79e-01, 4.05e-01, 3.58e-01, 1.59e-01, 3.43e-01]
89000 [2.07e+00, 1.67e-01, 6.79e-01, 4.05e-01, 3.58e-01, 1.59e-01, 3.44e-01]
89500 [2.07e+00, 1.67e-01, 6.79e-01, 4.05e-01, 3.57e-01, 1.59e-01, 3.46e-01]
90000 [2.09e+00, 1.67e-01, 6.79e-01, 4.00e-01, 3.57e-01, 1.58e-01, 3.51e-01]
90500 [2.10e+00, 1.68e-01, 6.79e-01, 4.00e-01, 3.57e-01, 1.57e-01, 3.51e-01]
91000 [2.11e+00, 1.68e-01, 6.79e-01, 4.01e-01, 3.57e-01, 1.58e-01, 3.52e-01]
91500 [2.11e+00, 1.69e-01, 6.79e-01, 4.06e-01, 3.56e-01, 1.59e-01, 3.50e-01]
92000 [2.10e+00, 1.68e-01, 6.80e-01, 4.05e-01, 3.56e-01, 1.60e-01, 3.45e-01]
92500 [2.09e+00, 1.68e-01, 6.80e-01, 4.05e-01, 3.56e-01, 1.59e-01, 3.44e-01]
93000 [2.08e+00, 1.67e-01, 6.80e-01, 4.05e-01, 3.55e-01, 1.59e-01, 3.43e-01]
93500 [2.08e+00, 1.67e-01, 6.80e-01, 4.04e-01, 3.55e-01, 1.59e-01, 3.43e-01]
94000 [2.07e+00, 1.67e-01, 6.80e-01, 4.05e-01, 3.55e-01, 1.58e-01, 3.44e-01]
94500 [2.07e+00, 1.67e-01, 6.79e-01, 4.04e-01, 3.54e-01, 1.59e-01, 3.44e-01]
95000 [2.07e+00, 1.67e-01, 6.79e-01, 4.04e-01, 3.54e-01, 1.59e-01, 3.45e-01]
95500 [2.07e+00, 1.67e-01, 6.79e-01, 4.04e-01, 3.53e-01, 1.59e-01, 3.47e-01]
96000 [2.07e+00, 1.67e-01, 6.79e-01, 4.04e-01, 3.53e-01, 1.59e-01, 3.48e-01]
96500 [2.07e+00, 1.67e-01, 6.79e-01, 4.04e-01, 3.53e-01, 1.59e-01, 3.49e-01]
97000 [2.07e+00, 1.67e-01, 6.78e-01, 4.04e-01, 3.53e-01, 1.59e-01, 3.51e-01]
97500 [2.07e+00, 1.67e-01, 6.78e-01, 4.03e-01, 3.52e-01, 1.59e-01, 3.52e-01]
98000 [2.07e+00, 1.67e-01, 6.78e-01, 4.03e-01, 3.52e-01, 1.59e-01, 3.54e-01]
98500 [2.06e+00, 1.67e-01, 6.79e-01, 3.92e-01, 3.55e-01, 1.57e-01, 3.51e-01]
99000 [2.07e+00, 1.68e-01, 6.79e-01, 3.92e-01, 3.54e-01, 1.55e-01, 3.52e-01]
99500 [2.08e+00, 1.69e-01, 6.79e-01, 3.93e-01, 3.54e-01, 1.55e-01, 3.53e-01]
100000 [2.09e+00, 1.69e-01, 6.78e-01, 3.95e-01, 3.54e-01, 1.56e-01, 3.53e-01]
100500 [2.10e+00, 1.70e-01, 6.78e-01, 3.96e-01, 3.53e-01, 1.56e-01, 3.53e-01]
101000 [2.11e+00, 1.71e-01, 6.78e-01, 3.98e-01, 3.53e-01, 1.57e-01, 3.54e-01]
101500 [2.12e+00, 1.71e-01, 6.78e-01, 3.99e-01, 3.53e-01, 1.57e-01, 3.54e-01]
102000 [2.12e+00, 1.71e-01, 6.78e-01, 4.00e-01, 3.52e-01, 1.58e-01, 3.54e-01]
102500 [2.12e+00, 1.72e-01, 6.79e-01, 4.00e-01, 3.52e-01, 1.58e-01, 3.55e-01]
103000 [2.13e+00, 1.72e-01, 6.79e-01, 4.01e-01, 3.52e-01, 1.58e-01, 3.56e-01]
103500 [2.13e+00, 1.72e-01, 6.79e-01, 4.01e-01, 3.51e-01, 1.58e-01, 3.56e-01]
104000 [2.13e+00, 1.72e-01, 6.79e-01, 4.01e-01, 3.51e-01, 1.58e-01, 3.57e-01]
104500 [2.13e+00, 1.72e-01, 6.80e-01, 4.02e-01, 3.51e-01, 1.58e-01, 3.58e-01]
105000 [2.13e+00, 1.72e-01, 6.80e-01, 4.02e-01, 3.51e-01, 1.58e-01, 3.58e-01]
105500 [2.14e+00, 1.72e-01, 6.80e-01, 4.02e-01, 3.51e-01, 1.59e-01, 3.59e-01]
106000 [2.11e+00, 1.68e-01, 6.80e-01, 3.92e-01, 3.51e-01, 1.55e-01, 3.70e-01]
106500 [2.10e+00, 1.70e-01, 6.79e-01, 3.96e-01, 3.50e-01, 1.56e-01, 3.72e-01]
107000 [2.12e+00, 1.73e-01, 6.80e-01, 4.17e-01, 3.51e-01, 1.61e-01, 3.69e-01]
107500 [2.14e+00, 1.72e-01, 6.81e-01, 4.10e-01, 3.50e-01, 1.61e-01, 3.69e-01]
108000 [2.14e+00, 1.71e-01, 6.81e-01, 4.07e-01, 3.50e-01, 1.60e-01, 3.71e-01]
108500 [2.14e+00, 1.70e-01, 6.81e-01, 4.06e-01, 3.50e-01, 1.60e-01, 3.74e-01]
109000 [2.14e+00, 1.70e-01, 6.82e-01, 4.05e-01, 3.50e-01, 1.59e-01, 3.76e-01]
109500 [2.14e+00, 1.70e-01, 6.82e-01, 4.05e-01, 3.49e-01, 1.59e-01, 3.79e-01]
110000 [2.14e+00, 1.69e-01, 6.82e-01, 4.05e-01, 3.49e-01, 1.59e-01, 3.82e-01]
110500 [2.14e+00, 1.69e-01, 6.82e-01, 4.04e-01, 3.49e-01, 1.59e-01, 3.85e-01]
111000 [2.13e+00, 1.69e-01, 6.82e-01, 4.04e-01, 3.49e-01, 1.59e-01, 3.88e-01]
111500 [2.13e+00, 1.69e-01, 6.82e-01, 4.04e-01, 3.49e-01, 1.59e-01, 3.91e-01]
112000 [2.13e+00, 1.69e-01, 6.82e-01, 4.04e-01, 3.48e-01, 1.59e-01, 3.94e-01]
112500 [2.13e+00, 1.69e-01, 6.82e-01, 4.04e-01, 3.48e-01, 1.59e-01, 3.97e-01]
113000 [2.13e+00, 1.69e-01, 6.82e-01, 4.04e-01, 3.48e-01, 1.59e-01, 4.00e-01]
113500 [2.13e+00, 1.69e-01, 6.82e-01, 4.04e-01, 3.48e-01, 1.59e-01, 4.03e-01]
114000 [2.13e+00, 1.69e-01, 6.82e-01, 4.03e-01, 3.48e-01, 1.59e-01, 4.06e-01]
114500 [2.13e+00, 1.69e-01, 6.82e-01, 4.03e-01, 3.47e-01, 1.59e-01, 4.09e-01]
115000 [2.13e+00, 1.69e-01, 6.82e-01, 4.03e-01, 3.47e-01, 1.59e-01, 4.12e-01]
115500 [2.13e+00, 1.69e-01, 6.82e-01, 4.03e-01, 3.47e-01, 1.59e-01, 4.16e-01]
116000 [2.13e+00, 1.69e-01, 6.82e-01, 4.03e-01, 3.47e-01, 1.59e-01, 4.19e-01]
116500 [2.13e+00, 1.69e-01, 6.82e-01, 4.03e-01, 3.46e-01, 1.59e-01, 4.22e-01]
117000 [2.13e+00, 1.69e-01, 6.82e-01, 4.03e-01, 3.46e-01, 1.59e-01, 4.26e-01]
117500 [2.13e+00, 1.69e-01, 6.82e-01, 4.03e-01, 3.46e-01, 1.59e-01, 4.29e-01]
118000 [2.13e+00, 1.69e-01, 6.82e-01, 4.03e-01, 3.46e-01, 1.59e-01, 4.33e-01]
118500 [2.13e+00, 1.69e-01, 6.82e-01, 4.03e-01, 3.46e-01, 1.59e-01, 4.37e-01]
119000 [2.13e+00, 1.69e-01, 6.82e-01, 4.03e-01, 3.46e-01, 1.59e-01, 4.40e-01]
119500 [2.13e+00, 1.69e-01, 6.82e-01, 4.03e-01, 3.45e-01, 1.59e-01, 4.44e-01]
120000 [2.13e+00, 1.69e-01, 6.82e-01, 4.03e-01, 3.45e-01, 1.59e-01, 4.48e-01]
120500 [2.13e+00, 1.69e-01, 6.82e-01, 4.03e-01, 3.45e-01, 1.59e-01, 4.52e-01]
121000 [2.13e+00, 1.69e-01, 6.82e-01, 4.03e-01, 3.45e-01, 1.59e-01, 4.55e-01]
121500 [2.13e+00, 1.69e-01, 6.82e-01, 4.03e-01, 3.45e-01, 1.59e-01, 4.59e-01]
122000 [2.13e+00, 1.69e-01, 6.82e-01, 4.03e-01, 3.45e-01, 1.59e-01, 4.63e-01]
122500 [2.13e+00, 1.69e-01, 6.82e-01, 4.03e-01, 3.44e-01, 1.59e-01, 4.67e-01]
123000 [2.13e+00, 1.69e-01, 6.82e-01, 4.03e-01, 3.44e-01, 1.59e-01, 4.71e-01]
123500 [2.13e+00, 1.69e-01, 6.82e-01, 4.03e-01, 3.44e-01, 1.59e-01, 4.74e-01]
124000 [2.13e+00, 1.69e-01, 6.82e-01, 4.03e-01, 3.44e-01, 1.59e-01, 4.79e-01]
124500 [2.13e+00, 1.69e-01, 6.82e-01, 4.03e-01, 3.44e-01, 1.59e-01, 4.84e-01]
125000 [2.13e+00, 1.69e-01, 6.82e-01, 4.03e-01, 3.44e-01, 1.59e-01, 4.90e-01]
125500 [2.13e+00, 1.69e-01, 6.82e-01, 4.03e-01, 3.43e-01, 1.59e-01, 4.95e-01]
126000 [2.13e+00, 1.69e-01, 6.82e-01, 4.04e-01, 3.43e-01, 1.59e-01, 5.02e-01]
126500 [2.13e+00, 1.69e-01, 6.82e-01, 4.03e-01, 3.43e-01, 1.59e-01, 5.13e-01]
127000 [2.13e+00, 1.69e-01, 6.82e-01, 4.03e-01, 3.43e-01, 1.59e-01, 5.30e-01]
127500 [2.13e+00, 1.69e-01, 6.82e-01, 4.02e-01, 3.43e-01, 1.59e-01, 5.48e-01]
128000 [2.13e+00, 1.69e-01, 6.82e-01, 4.03e-01, 3.42e-01, 1.59e-01, 5.71e-01]
128500 [2.13e+00, 1.69e-01, 6.82e-01, 4.01e-01, 3.42e-01, 1.58e-01, 5.95e-01]
129000 [2.13e+00, 1.69e-01, 6.81e-01, 4.03e-01, 3.42e-01, 1.58e-01, 6.21e-01]
129500 [2.13e+00, 1.69e-01, 6.81e-01, 4.02e-01, 3.42e-01, 1.58e-01, 6.52e-01]
130000 [2.13e+00, 1.69e-01, 6.81e-01, 4.04e-01, 3.42e-01, 1.58e-01, 6.83e-01]
130500 [2.13e+00, 1.69e-01, 6.81e-01, 4.03e-01, 3.42e-01, 1.59e-01, 7.19e-01]
131000 [2.14e+00, 1.69e-01, 6.81e-01, 4.03e-01, 3.42e-01, 1.58e-01, 7.57e-01]
131500 [2.14e+00, 1.69e-01, 6.81e-01, 4.02e-01, 3.41e-01, 1.58e-01, 8.02e-01]
132000 [2.14e+00, 1.69e-01, 6.81e-01, 4.01e-01, 3.41e-01, 1.58e-01, 8.39e-01]
132500 [2.14e+00, 1.69e-01, 6.81e-01, 4.03e-01, 3.41e-01, 1.59e-01, 8.88e-01]
133000 [2.14e+00, 1.69e-01, 6.81e-01, 4.03e-01, 3.41e-01, 1.59e-01, 9.32e-01]
133500 [2.14e+00, 1.69e-01, 6.81e-01, 4.02e-01, 3.41e-01, 1.58e-01, 9.50e-01]
134000 [2.14e+00, 1.69e-01, 6.81e-01, 4.02e-01, 3.41e-01, 1.59e-01, 9.47e-01]
134500 [2.14e+00, 1.69e-01, 6.82e-01, 4.02e-01, 3.41e-01, 1.59e-01, 9.46e-01]
135000 [2.15e+00, 1.69e-01, 6.82e-01, 4.03e-01, 3.41e-01, 1.59e-01, 9.45e-01]
135500 [2.15e+00, 1.70e-01, 6.82e-01, 4.03e-01, 3.41e-01, 1.59e-01, 9.45e-01]
136000 [2.15e+00, 1.70e-01, 6.82e-01, 4.03e-01, 3.41e-01, 1.59e-01, 9.45e-01]
136500 [2.14e+00, 1.69e-01, 6.83e-01, 4.03e-01, 3.41e-01, 1.59e-01, 9.40e-01]
137000 [2.14e+00, 1.69e-01, 6.83e-01, 4.04e-01, 3.41e-01, 1.59e-01, 9.40e-01]
137500 [2.14e+00, 1.69e-01, 6.83e-01, 4.04e-01, 3.41e-01, 1.59e-01, 9.37e-01]
138000 [2.13e+00, 1.69e-01, 6.83e-01, 4.04e-01, 3.40e-01, 1.59e-01, 9.36e-01]
138500 [2.13e+00, 1.69e-01, 6.83e-01, 4.04e-01, 3.40e-01, 1.59e-01, 9.34e-01]
139000 [2.11e+00, 1.68e-01, 6.82e-01, 3.92e-01, 3.40e-01, 1.55e-01, 9.47e-01]
139500 [2.10e+00, 1.70e-01, 6.82e-01, 3.96e-01, 3.40e-01, 1.56e-01, 9.49e-01]
140000 [2.11e+00, 1.70e-01, 6.82e-01, 3.97e-01, 3.40e-01, 1.57e-01, 9.50e-01]
140500 [2.11e+00, 1.71e-01, 6.82e-01, 3.98e-01, 3.40e-01, 1.57e-01, 9.51e-01]
141000 [2.12e+00, 1.71e-01, 6.82e-01, 3.99e-01, 3.40e-01, 1.57e-01, 9.52e-01]
141500 [2.12e+00, 1.71e-01, 6.81e-01, 4.00e-01, 3.40e-01, 1.58e-01, 9.53e-01]
142000 [2.12e+00, 1.72e-01, 6.81e-01, 4.00e-01, 3.40e-01, 1.58e-01, 9.53e-01]
142500 [2.13e+00, 1.72e-01, 6.81e-01, 4.00e-01, 3.39e-01, 1.58e-01, 9.53e-01]
143000 [2.13e+00, 1.72e-01, 6.81e-01, 4.00e-01, 3.39e-01, 1.58e-01, 9.54e-01]
143500 [2.13e+00, 1.72e-01, 6.81e-01, 4.01e-01, 3.39e-01, 1.58e-01, 9.54e-01]
144000 [2.13e+00, 1.72e-01, 6.81e-01, 3.99e-01, 3.40e-01, 1.58e-01, 9.55e-01]
144500 [2.14e+00, 1.73e-01, 6.82e-01, 4.03e-01, 3.41e-01, 1.59e-01, 9.51e-01]
145000 [2.14e+00, 1.73e-01, 6.82e-01, 4.02e-01, 3.41e-01, 1.59e-01, 9.50e-01]
145500 [2.14e+00, 1.73e-01, 6.82e-01, 4.02e-01, 3.40e-01, 1.59e-01, 9.49e-01]
146000 [2.14e+00, 1.72e-01, 6.82e-01, 4.02e-01, 3.40e-01, 1.59e-01, 9.49e-01]
146500 [2.14e+00, 1.72e-01, 6.82e-01, 4.01e-01, 3.40e-01, 1.58e-01, 9.50e-01]
147000 [2.13e+00, 1.72e-01, 6.82e-01, 4.01e-01, 3.40e-01, 1.58e-01, 9.50e-01]
147500 [2.13e+00, 1.72e-01, 6.82e-01, 4.01e-01, 3.40e-01, 1.58e-01, 9.51e-01]
148000 [2.13e+00, 1.72e-01, 6.82e-01, 4.01e-01, 3.40e-01, 1.58e-01, 9.53e-01]
148500 [2.13e+00, 1.72e-01, 6.82e-01, 4.01e-01, 3.40e-01, 1.58e-01, 9.54e-01]
149000 [2.13e+00, 1.72e-01, 6.82e-01, 4.00e-01, 3.39e-01, 1.58e-01, 9.54e-01]
149500 [2.13e+00, 1.72e-01, 6.82e-01, 4.01e-01, 3.39e-01, 1.58e-01, 9.56e-01]
150000 [2.13e+00, 1.72e-01, 6.82e-01, 4.01e-01, 3.39e-01, 1.58e-01, 9.57e-01]
150500 [2.13e+00, 1.72e-01, 6.82e-01, 4.01e-01, 3.39e-01, 1.58e-01, 9.58e-01]
151000 [2.13e+00, 1.72e-01, 6.82e-01, 4.01e-01, 3.39e-01, 1.58e-01, 9.58e-01]
151500 [2.13e+00, 1.72e-01, 6.82e-01, 4.01e-01, 3.39e-01, 1.58e-01, 9.58e-01]
152000 [2.13e+00, 1.72e-01, 6.83e-01, 4.01e-01, 3.39e-01, 1.58e-01, 9.60e-01]
152500 [2.13e+00, 1.72e-01, 6.83e-01, 4.01e-01, 3.39e-01, 1.58e-01, 9.61e-01]
153000 [2.14e+00, 1.73e-01, 6.83e-01, 4.03e-01, 3.40e-01, 1.59e-01, 9.56e-01]
153500 [2.14e+00, 1.73e-01, 6.83e-01, 4.03e-01, 3.39e-01, 1.59e-01, 9.54e-01]
154000 [2.14e+00, 1.73e-01, 6.83e-01, 4.02e-01, 3.39e-01, 1.59e-01, 9.53e-01]
154500 [2.14e+00, 1.72e-01, 6.83e-01, 4.02e-01, 3.39e-01, 1.59e-01, 9.52e-01]
155000 [2.14e+00, 1.72e-01, 6.83e-01, 4.01e-01, 3.39e-01, 1.58e-01, 9.52e-01]
155500 [2.13e+00, 1.72e-01, 6.83e-01, 4.01e-01, 3.39e-01, 1.58e-01, 9.54e-01]
156000 [2.13e+00, 1.72e-01, 6.83e-01, 4.01e-01, 3.39e-01, 1.58e-01, 9.54e-01]
156500 [2.13e+00, 1.72e-01, 6.83e-01, 4.01e-01, 3.39e-01, 1.58e-01, 9.55e-01]
157000 [2.13e+00, 1.72e-01, 6.83e-01, 4.01e-01, 3.39e-01, 1.58e-01, 9.56e-01]
157500 [2.13e+00, 1.72e-01, 6.83e-01, 4.01e-01, 3.39e-01, 1.58e-01, 9.57e-01]
158000 [2.13e+00, 1.72e-01, 6.83e-01, 4.01e-01, 3.39e-01, 1.58e-01, 9.57e-01]
158500 [2.14e+00, 1.73e-01, 6.83e-01, 4.02e-01, 3.39e-01, 1.59e-01, 9.56e-01]
159000 [2.14e+00, 1.73e-01, 6.83e-01, 4.02e-01, 3.39e-01, 1.59e-01, 9.55e-01]
159500 [2.14e+00, 1.73e-01, 6.83e-01, 4.02e-01, 3.39e-01, 1.59e-01, 9.55e-01]
160000 [2.14e+00, 1.72e-01, 6.83e-01, 4.02e-01, 3.39e-01, 1.59e-01, 9.54e-01]
160500 [2.14e+00, 1.72e-01, 6.83e-01, 4.02e-01, 3.39e-01, 1.58e-01, 9.54e-01]
161000 [2.14e+00, 1.72e-01, 6.83e-01, 4.02e-01, 3.38e-01, 1.58e-01, 9.55e-01]
161500 [2.15e+00, 1.75e-01, 6.84e-01, 4.20e-01, 3.39e-01, 1.64e-01, 9.34e-01]
162000 [2.17e+00, 1.74e-01, 6.85e-01, 4.20e-01, 3.39e-01, 1.65e-01, 9.25e-01]
162500 [2.16e+00, 1.72e-01, 6.86e-01, 4.17e-01, 3.38e-01, 1.64e-01, 9.23e-01]
163000 [2.15e+00, 1.71e-01, 6.86e-01, 3.98e-01, 3.40e-01, 1.59e-01, 9.43e-01]
163500 [2.14e+00, 1.72e-01, 6.88e-01, 3.99e-01, 3.39e-01, 1.58e-01, 9.41e-01]
164000 [2.16e+00, 1.74e-01, 6.89e-01, 4.16e-01, 3.40e-01, 1.63e-01, 9.09e-01]
164500 [2.19e+00, 1.74e-01, 6.89e-01, 4.15e-01, 3.40e-01, 1.64e-01, 8.91e-01]
165000 [2.18e+00, 1.72e-01, 6.90e-01, 4.01e-01, 3.44e-01, 1.59e-01, 9.24e-01]
165500 [2.18e+00, 1.73e-01, 6.90e-01, 4.03e-01, 3.44e-01, 1.59e-01, 9.22e-01]
166000 [2.17e+00, 1.73e-01, 6.90e-01, 4.04e-01, 3.43e-01, 1.59e-01, 9.19e-01]
166500 [2.16e+00, 1.73e-01, 6.90e-01, 4.04e-01, 3.43e-01, 1.59e-01, 9.17e-01]
167000 [2.15e+00, 1.73e-01, 6.89e-01, 4.04e-01, 3.43e-01, 1.59e-01, 9.15e-01]
167500 [2.15e+00, 1.74e-01, 6.90e-01, 4.14e-01, 3.43e-01, 1.61e-01, 8.99e-01]
168000 [2.14e+00, 1.71e-01, 6.90e-01, 3.99e-01, 3.42e-01, 1.57e-01, 9.29e-01]
168500 [2.15e+00, 1.71e-01, 6.89e-01, 4.09e-01, 3.42e-01, 1.61e-01, 9.24e-01]
169000 [2.15e+00, 1.71e-01, 6.89e-01, 4.08e-01, 3.42e-01, 1.61e-01, 9.28e-01]
169500 [2.15e+00, 1.70e-01, 6.89e-01, 4.07e-01, 3.42e-01, 1.60e-01, 9.31e-01]
170000 [2.14e+00, 1.70e-01, 6.89e-01, 4.06e-01, 3.42e-01, 1.60e-01, 9.36e-01]
170500 [2.13e+00, 1.71e-01, 6.88e-01, 3.98e-01, 3.42e-01, 1.57e-01, 9.43e-01]
171000 [2.12e+00, 1.70e-01, 6.88e-01, 3.96e-01, 3.42e-01, 1.56e-01, 9.56e-01]
171500 [2.12e+00, 1.71e-01, 6.87e-01, 3.98e-01, 3.42e-01, 1.57e-01, 9.56e-01]
172000 [2.12e+00, 1.71e-01, 6.87e-01, 3.99e-01, 3.42e-01, 1.57e-01, 9.56e-01]
172500 [2.12e+00, 1.72e-01, 6.87e-01, 4.00e-01, 3.42e-01, 1.58e-01, 9.56e-01]
173000 [2.13e+00, 1.72e-01, 6.87e-01, 4.00e-01, 3.41e-01, 1.58e-01, 9.56e-01]
173500 [2.13e+00, 1.72e-01, 6.86e-01, 4.00e-01, 3.41e-01, 1.58e-01, 9.56e-01]
174000 [2.13e+00, 1.72e-01, 6.86e-01, 4.01e-01, 3.41e-01, 1.58e-01, 9.55e-01]
174500 [2.13e+00, 1.72e-01, 6.86e-01, 4.01e-01, 3.41e-01, 1.58e-01, 9.55e-01]
175000 [2.13e+00, 1.72e-01, 6.86e-01, 4.01e-01, 3.41e-01, 1.58e-01, 9.54e-01]
175500 [2.13e+00, 1.72e-01, 6.86e-01, 4.01e-01, 3.41e-01, 1.58e-01, 9.54e-01]
176000 [2.13e+00, 1.72e-01, 6.85e-01, 4.01e-01, 3.41e-01, 1.58e-01, 9.54e-01]
176500 [2.13e+00, 1.72e-01, 6.85e-01, 4.01e-01, 3.40e-01, 1.58e-01, 9.54e-01]
177000 [2.13e+00, 1.72e-01, 6.85e-01, 4.02e-01, 3.40e-01, 1.58e-01, 9.54e-01]
177500 [2.14e+00, 1.74e-01, 6.90e-01, 4.16e-01, 3.49e-01, 1.61e-01, 9.86e-01]
178000 [2.14e+00, 1.74e-01, 6.90e-01, 4.08e-01, 3.50e-01, 1.60e-01, 9.78e-01]
178500 [2.14e+00, 1.74e-01, 6.90e-01, 4.06e-01, 3.49e-01, 1.60e-01, 9.75e-01]
179000 [2.14e+00, 1.74e-01, 6.90e-01, 4.05e-01, 3.49e-01, 1.60e-01, 9.73e-01]
179500 [2.15e+00, 1.73e-01, 6.90e-01, 4.04e-01, 3.49e-01, 1.59e-01, 9.70e-01]
180000 [2.15e+00, 1.73e-01, 6.89e-01, 4.04e-01, 3.48e-01, 1.59e-01, 9.68e-01]
180500 [2.15e+00, 1.73e-01, 6.89e-01, 4.04e-01, 3.48e-01, 1.59e-01, 9.67e-01]
181000 [2.15e+00, 1.74e-01, 6.89e-01, 4.05e-01, 3.47e-01, 1.60e-01, 9.65e-01]
181500 [2.16e+00, 1.74e-01, 6.94e-01, 4.16e-01, 3.46e-01, 1.63e-01, 9.52e-01]
182000 [2.17e+00, 1.73e-01, 6.95e-01, 4.14e-01, 3.46e-01, 1.62e-01, 9.39e-01]
182500 [2.17e+00, 1.72e-01, 6.95e-01, 4.13e-01, 3.46e-01, 1.62e-01, 9.44e-01]
183000 [2.15e+00, 1.73e-01, 6.97e-01, 4.03e-01, 3.46e-01, 1.59e-01, 9.73e-01]
183500 [2.15e+00, 1.73e-01, 6.96e-01, 4.03e-01, 3.46e-01, 1.59e-01, 9.78e-01]
184000 [2.15e+00, 1.73e-01, 6.95e-01, 4.04e-01, 3.46e-01, 1.59e-01, 9.77e-01]
184500 [2.17e+00, 1.74e-01, 6.94e-01, 4.15e-01, 3.45e-01, 1.63e-01, 9.68e-01]
185000 [2.17e+00, 1.74e-01, 6.94e-01, 4.05e-01, 3.46e-01, 1.60e-01, 9.61e-01]
185500 [2.16e+00, 1.74e-01, 6.94e-01, 4.05e-01, 3.45e-01, 1.60e-01, 9.55e-01]
186000 [2.16e+00, 1.74e-01, 6.94e-01, 4.05e-01, 3.45e-01, 1.60e-01, 9.52e-01]
186500 [2.15e+00, 1.74e-01, 6.93e-01, 4.04e-01, 3.45e-01, 1.60e-01, 9.51e-01]
187000 [2.15e+00, 1.73e-01, 6.93e-01, 4.04e-01, 3.45e-01, 1.59e-01, 9.50e-01]
187500 [2.15e+00, 1.73e-01, 6.92e-01, 4.04e-01, 3.45e-01, 1.59e-01, 9.48e-01]
188000 [2.15e+00, 1.73e-01, 6.92e-01, 4.03e-01, 3.44e-01, 1.59e-01, 9.47e-01]
188500 [2.15e+00, 1.73e-01, 6.92e-01, 4.03e-01, 3.44e-01, 1.59e-01, 9.46e-01]
189000 [2.14e+00, 1.73e-01, 6.91e-01, 4.03e-01, 3.44e-01, 1.59e-01, 9.45e-01]
189500 [2.14e+00, 1.73e-01, 6.91e-01, 4.03e-01, 3.44e-01, 1.59e-01, 9.44e-01]
190000 [2.14e+00, 1.73e-01, 6.90e-01, 4.03e-01, 3.44e-01, 1.59e-01, 9.43e-01]
190500 [2.15e+00, 1.74e-01, 6.89e-01, 4.16e-01, 3.44e-01, 1.62e-01, 9.33e-01]
191000 [2.18e+00, 1.73e-01, 6.89e-01, 4.17e-01, 3.43e-01, 1.63e-01, 9.28e-01]
191500 [2.16e+00, 1.71e-01, 6.89e-01, 4.12e-01, 3.44e-01, 1.62e-01, 9.18e-01]
192000 [2.14e+00, 1.70e-01, 6.89e-01, 4.09e-01, 3.43e-01, 1.62e-01, 9.09e-01]
192500 [2.12e+00, 1.70e-01, 6.89e-01, 4.10e-01, 3.43e-01, 1.61e-01, 9.04e-01]
193000 [2.11e+00, 1.69e-01, 6.89e-01, 3.99e-01, 3.43e-01, 1.60e-01, 9.00e-01]
193500 [2.10e+00, 1.69e-01, 6.88e-01, 4.08e-01, 3.43e-01, 1.60e-01, 8.99e-01]
194000 [2.10e+00, 1.69e-01, 6.88e-01, 4.08e-01, 3.43e-01, 1.60e-01, 8.97e-01]
194500 [2.09e+00, 1.69e-01, 6.87e-01, 4.07e-01, 3.42e-01, 1.60e-01, 8.97e-01]
195000 [2.09e+00, 1.68e-01, 6.86e-01, 4.07e-01, 3.42e-01, 1.60e-01, 8.98e-01]
195500 [2.09e+00, 1.68e-01, 6.86e-01, 4.04e-01, 3.42e-01, 1.59e-01, 8.99e-01]
196000 [2.10e+00, 1.68e-01, 6.86e-01, 4.05e-01, 3.42e-01, 1.59e-01, 9.00e-01]
196500 [2.10e+00, 1.68e-01, 6.85e-01, 4.05e-01, 3.41e-01, 1.59e-01, 9.00e-01]
197000 [2.09e+00, 1.68e-01, 6.85e-01, 4.06e-01, 3.41e-01, 1.60e-01, 9.05e-01]
