0 [2.52000e+00, 2.16000e-01, 7.74000e-01, 4.87000e-01, 3.62000e-01, 1.90000e-01, 5.70000e-01]
500 [2.55132e+00, 2.14725e-01, 7.75359e-01, 4.88378e-01, 3.62061e-01, 1.91724e-01, 5.75598e-01]
1000 [2.58405e+00, 2.15729e-01, 7.77987e-01, 4.90104e-01, 3.61422e-01, 1.93188e-01, 5.79384e-01]
1500 [2.60294e+00, 2.15790e-01, 7.82114e-01, 4.90325e-01, 3.60648e-01, 1.91781e-01, 5.74082e-01]
2000 [2.48562e+00, 2.21252e-01, 7.87393e-01, 4.69881e-01, 3.60648e-01, 1.89256e-01, 5.73662e-01]
2500 [2.47321e+00, 2.23536e-01, 7.94637e-01, 4.82745e-01, 3.60784e-01, 1.95039e-01, 5.73716e-01]
3000 [2.53252e+00, 2.24093e-01, 8.00595e-01, 4.91484e-01, 3.60735e-01, 1.98083e-01, 5.78006e-01]
3500 [2.60220e+00, 2.24506e-01, 8.07585e-01, 4.96487e-01, 3.62814e-01, 1.98649e-01, 5.87796e-01]
4000 [2.62613e+00, 2.27596e-01, 8.12054e-01, 5.02287e-01, 3.62932e-01, 2.01311e-01, 5.89673e-01]
4500 [2.64414e+00, 2.28124e-01, 8.18660e-01, 4.89738e-01, 3.63323e-01, 1.97655e-01, 5.94229e-01]
5000 [2.60645e+00, 2.24736e-01, 8.20104e-01, 4.98173e-01, 3.63648e-01, 1.95775e-01, 5.93288e-01]
5500 [2.65339e+00, 2.22455e-01, 8.25092e-01, 5.10987e-01, 3.69023e-01, 2.01037e-01, 5.97653e-01]
6000 [2.63079e+00, 2.25249e-01, 8.24563e-01, 4.76732e-01, 3.68262e-01, 1.93055e-01, 5.93462e-01]
6500 [2.58925e+00, 2.22618e-01, 8.24337e-01, 4.98838e-01, 3.67494e-01, 1.98660e-01, 5.88419e-01]
7000 [2.61413e+00, 2.20989e-01, 8.25712e-01, 4.92358e-01, 3.66577e-01, 1.94345e-01, 5.91169e-01]
7500 [2.63281e+00, 2.16588e-01, 8.20885e-01, 4.86542e-01, 3.64785e-01, 1.92250e-01, 5.95302e-01]
8000 [2.67824e+00, 2.12419e-01, 8.13147e-01, 4.89718e-01, 3.63149e-01, 1.91554e-01, 5.96583e-01]
8500 [2.76635e+00, 2.01623e-01, 8.02772e-01, 4.94994e-01, 3.62759e-01, 1.96539e-01, 6.07487e-01]
9000 [2.66071e+00, 1.90317e-01, 7.99672e-01, 4.71264e-01, 3.61807e-01, 1.86387e-01, 6.03769e-01]
9500 [2.54296e+00, 1.82665e-01, 7.91259e-01, 4.55284e-01, 3.60595e-01, 1.79758e-01, 5.99767e-01]
10000 [2.45580e+00, 1.77588e-01, 7.78263e-01, 4.44865e-01, 3.59315e-01, 1.75378e-01, 5.97250e-01]
10500 [2.41291e+00, 1.75111e-01, 7.64944e-01, 4.40247e-01, 3.58239e-01, 1.73417e-01, 5.95424e-01]
11000 [2.39133e+00, 1.73675e-01, 7.52740e-01, 4.37097e-01, 3.56955e-01, 1.72340e-01, 5.93799e-01]
11500 [2.37745e+00, 1.72397e-01, 7.42227e-01, 4.34823e-01, 3.55677e-01, 1.71294e-01, 5.92629e-01]
12000 [2.36892e+00, 1.71571e-01, 7.33601e-01, 4.33967e-01, 3.54616e-01, 1.71154e-01, 5.92070e-01]
12500 [2.36429e+00, 1.72069e-01, 7.27848e-01, 4.33267e-01, 3.53451e-01, 1.71257e-01, 5.89069e-01]
13000 [2.35671e+00, 1.71327e-01, 7.21612e-01, 4.32545e-01, 3.52346e-01, 1.70540e-01, 5.91841e-01]
13500 [2.34989e+00, 1.70153e-01, 7.15734e-01, 4.30231e-01, 3.51075e-01, 1.69879e-01, 5.96618e-01]
14000 [2.30873e+00, 1.73102e-01, 7.13649e-01, 4.23675e-01, 3.50145e-01, 1.67855e-01, 5.94039e-01]
14500 [2.30330e+00, 1.72040e-01, 7.10958e-01, 4.23689e-01, 3.49102e-01, 1.67580e-01, 5.92998e-01]
15000 [2.30846e+00, 1.72698e-01, 7.09707e-01, 4.23541e-01, 3.48268e-01, 1.66486e-01, 5.90427e-01]
15500 [2.30279e+00, 1.71368e-01, 7.06894e-01, 4.20697e-01, 3.47012e-01, 1.65860e-01, 5.90408e-01]
16000 [2.29333e+00, 1.71547e-01, 7.04682e-01, 4.20585e-01, 3.46097e-01, 1.64597e-01, 5.87709e-01]
16500 [2.29693e+00, 1.70103e-01, 7.01876e-01, 4.20869e-01, 3.44985e-01, 1.65464e-01, 5.88557e-01]
17000 [2.30221e+00, 1.69645e-01, 6.99006e-01, 4.21856e-01, 3.43874e-01, 1.65831e-01, 5.90374e-01]
17500 [2.31468e+00, 1.68782e-01, 6.96679e-01, 4.24431e-01, 3.43011e-01, 1.66922e-01, 5.93078e-01]
18000 [2.31726e+00, 1.68472e-01, 6.94113e-01, 4.25007e-01, 3.42148e-01, 1.67580e-01, 5.96127e-01]
18500 [2.31516e+00, 1.68173e-01, 6.91904e-01, 4.24825e-01, 3.41264e-01, 1.67786e-01, 5.98181e-01]
19000 [2.31317e+00, 1.67953e-01, 6.90025e-01, 4.24706e-01, 3.40498e-01, 1.67842e-01, 5.98146e-01]
19500 [2.31135e+00, 1.67935e-01, 6.88281e-01, 4.24767e-01, 3.39722e-01, 1.67916e-01, 5.98305e-01]
20000 [2.30760e+00, 1.68738e-01, 6.86651e-01, 4.17977e-01, 3.38939e-01, 1.66500e-01, 5.99325e-01]
20500 [2.31440e+00, 1.67361e-01, 6.85384e-01, 4.23562e-01, 3.38043e-01, 1.67228e-01, 5.99612e-01]
21000 [2.30929e+00, 1.67186e-01, 6.83882e-01, 4.23756e-01, 3.37398e-01, 1.67222e-01, 5.96591e-01]
21500 [2.28932e+00, 1.67852e-01, 6.83651e-01, 4.22763e-01, 3.36655e-01, 1.66492e-01, 5.94241e-01]
22000 [2.29715e+00, 1.67457e-01, 6.82811e-01, 4.21989e-01, 3.35971e-01, 1.66665e-01, 5.93994e-01]
22500 [2.29642e+00, 1.67084e-01, 6.81747e-01, 4.22366e-01, 3.35197e-01, 1.67151e-01, 5.94534e-01]
23000 [2.29476e+00, 1.67117e-01, 6.80471e-01, 4.17884e-01, 3.34418e-01, 1.66126e-01, 5.96064e-01]
23500 [2.27101e+00, 1.70829e-01, 6.83677e-01, 4.16328e-01, 3.35060e-01, 1.64786e-01, 6.02337e-01]
24000 [2.26873e+00, 1.69070e-01, 6.83890e-01, 4.19094e-01, 3.34277e-01, 1.65410e-01, 6.02892e-01]
24500 [2.27655e+00, 1.68716e-01, 6.83627e-01, 4.20827e-01, 3.33802e-01, 1.66053e-01, 6.02767e-01]
25000 [2.28303e+00, 1.68425e-01, 6.83199e-01, 4.21281e-01, 3.33181e-01, 1.66220e-01, 6.02541e-01]
25500 [2.28797e+00, 1.68794e-01, 6.82787e-01, 4.19264e-01, 3.32693e-01, 1.65949e-01, 6.01169e-01]
26000 [2.29180e+00, 1.68120e-01, 6.82319e-01, 4.21461e-01, 3.32165e-01, 1.66460e-01, 5.99537e-01]
26500 [2.28232e+00, 1.70852e-01, 6.82121e-01, 4.08572e-01, 3.31817e-01, 1.61312e-01, 5.96775e-01]
27000 [2.26118e+00, 1.70939e-01, 6.84092e-01, 4.14433e-01, 3.31503e-01, 1.63548e-01, 5.93168e-01]
27500 [2.27121e+00, 1.69348e-01, 6.84290e-01, 4.15209e-01, 3.30951e-01, 1.63871e-01, 5.93732e-01]
28000 [2.27011e+00, 1.69030e-01, 6.84170e-01, 4.14998e-01, 3.30523e-01, 1.63800e-01, 5.90925e-01]
28500 [2.27296e+00, 1.68368e-01, 6.83671e-01, 4.18722e-01, 3.29971e-01, 1.64702e-01, 5.88783e-01]
29000 [2.28541e+00, 1.71267e-01, 6.85819e-01, 4.23750e-01, 3.35011e-01, 1.62933e-01, 5.88763e-01]
29500 [2.28810e+00, 1.77495e-01, 6.85923e-01, 4.34779e-01, 3.34423e-01, 1.70909e-01, 5.91535e-01]
30000 [2.30475e+00, 1.72684e-01, 6.86341e-01, 4.21853e-01, 3.33986e-01, 1.66147e-01, 5.93638e-01]
30500 [2.29318e+00, 1.70705e-01, 6.86463e-01, 4.16737e-01, 3.33544e-01, 1.64302e-01, 5.95407e-01]
31000 [2.27604e+00, 1.70304e-01, 6.86260e-01, 4.15492e-01, 3.33040e-01, 1.63600e-01, 5.95150e-01]
31500 [2.25716e+00, 1.69585e-01, 6.87164e-01, 4.08592e-01, 3.32746e-01, 1.60792e-01, 5.90953e-01]
32000 [2.25567e+00, 1.69716e-01, 6.87334e-01, 4.12806e-01, 3.32574e-01, 1.63084e-01, 5.93575e-01]
32500 [2.27733e+00, 1.67885e-01, 6.86142e-01, 4.18046e-01, 3.32077e-01, 1.64383e-01, 5.99768e-01]
33000 [2.29214e+00, 1.67452e-01, 6.84642e-01, 4.19160e-01, 3.31756e-01, 1.65453e-01, 6.04192e-01]
33500 [2.29782e+00, 1.67103e-01, 6.83292e-01, 4.19925e-01, 3.31260e-01, 1.65715e-01, 6.09204e-01]
34000 [2.29924e+00, 1.67090e-01, 6.82311e-01, 4.19950e-01, 3.30747e-01, 1.65934e-01, 6.13254e-01]
34500 [2.29899e+00, 1.67191e-01, 6.81548e-01, 4.20565e-01, 3.30475e-01, 1.66189e-01, 6.16376e-01]
35000 [2.29716e+00, 1.66880e-01, 6.80680e-01, 4.20493e-01, 3.29982e-01, 1.66110e-01, 6.20033e-01]
35500 [2.29508e+00, 1.66755e-01, 6.79961e-01, 4.20412e-01, 3.29603e-01, 1.66090e-01, 6.23509e-01]
36000 [2.27509e+00, 1.69856e-01, 6.80585e-01, 4.13767e-01, 3.29418e-01, 1.63677e-01, 6.25693e-01]
36500 [2.28556e+00, 1.67497e-01, 6.80572e-01, 4.21211e-01, 3.29024e-01, 1.66064e-01, 6.25435e-01]
37000 [2.20308e+00, 1.89287e-01, 6.81540e-01, 4.14726e-01, 3.29446e-01, 1.63047e-01, 6.23471e-01]
37500 [2.22911e+00, 1.90264e-01, 6.84440e-01, 4.25955e-01, 3.28625e-01, 1.68232e-01, 6.26064e-01]
38000 [2.27407e+00, 1.91015e-01, 6.88461e-01, 4.32940e-01, 3.28153e-01, 1.70629e-01, 6.24360e-01]
38500 [2.31641e+00, 1.91342e-01, 6.92857e-01, 4.36114e-01, 3.27965e-01, 1.71677e-01, 6.24289e-01]
39000 [2.33310e+00, 1.96308e-01, 6.97714e-01, 4.36672e-01, 3.28266e-01, 1.72691e-01, 6.23815e-01]
39500 [2.38151e+00, 2.00549e-01, 7.05158e-01, 4.45962e-01, 3.28719e-01, 1.76263e-01, 6.24017e-01]
40000 [2.43149e+00, 2.03174e-01, 7.13316e-01, 4.50957e-01, 3.29206e-01, 1.78402e-01, 6.24733e-01]
40500 [2.47916e+00, 2.03770e-01, 7.21673e-01, 4.62670e-01, 3.29573e-01, 1.81869e-01, 6.22971e-01]
41000 [2.51170e+00, 2.06819e-01, 7.30067e-01, 4.68939e-01, 3.30194e-01, 1.83902e-01, 6.17904e-01]
41500 [2.56211e+00, 2.07996e-01, 7.37902e-01, 4.81498e-01, 3.30775e-01, 1.88247e-01, 6.19025e-01]
42000 [2.59060e+00, 2.09137e-01, 7.45278e-01, 4.82869e-01, 3.31540e-01, 1.88601e-01, 6.20302e-01]
42500 [2.63308e+00, 2.07247e-01, 7.49584e-01, 4.82863e-01, 3.31853e-01, 1.89437e-01, 6.26809e-01]
43000 [2.64666e+00, 2.07606e-01, 7.54288e-01, 4.95131e-01, 3.32394e-01, 1.91553e-01, 6.20973e-01]
43500 [2.64978e+00, 2.09910e-01, 7.60274e-01, 4.99484e-01, 3.33484e-01, 1.93359e-01, 6.18559e-01]
44000 [2.60791e+00, 2.10121e-01, 7.65771e-01, 4.84664e-01, 3.34256e-01, 1.90301e-01, 6.17335e-01]
44500 [2.59571e+00, 2.12758e-01, 7.69542e-01, 4.71247e-01, 3.35137e-01, 1.85838e-01, 6.13326e-01]
45000 [2.62206e+00, 2.12558e-01, 7.73425e-01, 4.92596e-01, 3.35883e-01, 1.93637e-01, 6.12621e-01]
45500 [2.65049e+00, 2.15379e-01, 7.77975e-01, 4.88191e-01, 3.36486e-01, 1.93733e-01, 6.13723e-01]
46000 [2.67378e+00, 2.26908e-01, 7.85088e-01, 5.12455e-01, 3.39242e-01, 2.01842e-01, 6.03467e-01]
46500 [2.72965e+00, 2.19079e-01, 7.87019e-01, 5.27828e-01, 3.37857e-01, 2.06269e-01, 6.09354e-01]
47000 [2.76904e+00, 2.13360e-01, 7.86582e-01, 5.24458e-01, 3.36920e-01, 2.04167e-01, 6.15732e-01]
47500 [2.78596e+00, 2.02931e-01, 7.85918e-01, 5.05449e-01, 3.37922e-01, 2.00755e-01, 6.20472e-01]
48000 [2.63585e+00, 2.13174e-01, 7.90874e-01, 5.18806e-01, 3.36931e-01, 2.04340e-01, 5.98318e-01]
48500 [2.62502e+00, 2.17262e-01, 7.90866e-01, 4.86133e-01, 3.35403e-01, 1.91330e-01, 5.88916e-01]
49000 [2.63233e+00, 2.13457e-01, 7.87985e-01, 4.97324e-01, 3.34636e-01, 1.94186e-01, 6.11067e-01]
49500 [2.67682e+00, 2.09420e-01, 7.84974e-01, 4.96797e-01, 3.34285e-01, 1.92873e-01, 6.18133e-01]
50000 [2.70133e+00, 2.06797e-01, 7.81463e-01, 4.93375e-01, 3.33975e-01, 1.91155e-01, 6.21307e-01]
50500 [2.72338e+00, 2.04365e-01, 7.77015e-01, 5.05649e-01, 3.33755e-01, 1.94267e-01, 6.23434e-01]
51000 [2.72994e+00, 2.04250e-01, 7.74621e-01, 5.15007e-01, 3.34060e-01, 1.97446e-01, 6.20136e-01]
51500 [2.63157e+00, 2.10786e-01, 7.73618e-01, 4.78334e-01, 3.34149e-01, 1.84855e-01, 6.09580e-01]
52000 [2.61292e+00, 2.11935e-01, 7.73319e-01, 4.81419e-01, 3.33742e-01, 1.87775e-01, 6.13815e-01]
52500 [2.64229e+00, 2.05542e-01, 7.72210e-01, 4.99967e-01, 3.33775e-01, 1.94206e-01, 6.21847e-01]
53000 [2.55968e+00, 2.09999e-01, 7.73441e-01, 4.73943e-01, 3.33900e-01, 1.86595e-01, 6.04230e-01]
53500 [2.59497e+00, 2.06818e-01, 7.72271e-01, 4.93925e-01, 3.34022e-01, 1.90518e-01, 6.10246e-01]
54000 [2.67550e+00, 2.03858e-01, 7.69099e-01, 5.06515e-01, 3.33590e-01, 1.94820e-01, 6.18057e-01]
54500 [2.67642e+00, 2.12454e-01, 7.71305e-01, 4.83882e-01, 3.35235e-01, 1.88800e-01, 6.16696e-01]
55000 [2.69199e+00, 2.12714e-01, 7.72068e-01, 4.64550e-01, 3.34631e-01, 1.88039e-01, 6.16384e-01]
55500 [2.57121e+00, 2.12328e-01, 7.73287e-01, 4.83490e-01, 3.34025e-01, 1.93031e-01, 6.06703e-01]
56000 [2.60003e+00, 2.09349e-01, 7.73491e-01, 4.94817e-01, 3.34066e-01, 1.94764e-01, 6.07252e-01]
56500 [2.61737e+00, 2.06498e-01, 7.72397e-01, 4.97365e-01, 3.33991e-01, 1.94147e-01, 6.05545e-01]
57000 [2.63003e+00, 2.04455e-01, 7.70476e-01, 4.98774e-01, 3.34013e-01, 1.93431e-01, 6.02593e-01]
57500 [2.60912e+00, 2.06470e-01, 7.69174e-01, 4.99099e-01, 3.34372e-01, 1.93897e-01, 6.07934e-01]
58000 [2.58957e+00, 2.04409e-01, 7.68964e-01, 4.76183e-01, 3.35134e-01, 1.87192e-01, 6.17177e-01]
58500 [2.61132e+00, 2.03326e-01, 7.66303e-01, 4.98407e-01, 3.34340e-01, 1.93728e-01, 6.07881e-01]
59000 [2.66773e+00, 2.01214e-01, 7.63521e-01, 5.03769e-01, 3.34141e-01, 1.94692e-01, 6.06519e-01]
59500 [2.62714e+00, 2.01569e-01, 7.62454e-01, 4.92555e-01, 3.34542e-01, 1.89792e-01, 6.05836e-01]
60000 [2.62844e+00, 2.02041e-01, 7.62444e-01, 4.97825e-01, 3.36057e-01, 1.92180e-01, 6.04716e-01]
60500 [2.64552e+00, 2.00722e-01, 7.61017e-01, 4.95319e-01, 3.35813e-01, 1.91531e-01, 6.10473e-01]
61000 [2.59623e+00, 2.05154e-01, 7.62054e-01, 4.98207e-01, 3.35208e-01, 1.92885e-01, 5.90435e-01]
61500 [2.62926e+00, 2.02204e-01, 7.60241e-01, 4.98350e-01, 3.34753e-01, 1.91304e-01, 5.88763e-01]
62000 [2.63639e+00, 2.02381e-01, 7.58939e-01, 4.98069e-01, 3.34708e-01, 1.91530e-01, 5.84483e-01]
62500 [2.61051e+00, 2.09212e-01, 7.61674e-01, 4.58486e-01, 3.36855e-01, 1.80271e-01, 5.85561e-01]
63000 [2.60249e+00, 2.11248e-01, 7.63613e-01, 4.88776e-01, 3.36092e-01, 1.91190e-01, 5.85235e-01]
63500 [2.63235e+00, 2.10338e-01, 7.64641e-01, 4.93891e-01, 3.35283e-01, 1.92969e-01, 5.87663e-01]
64000 [2.65110e+00, 2.07420e-01, 7.64297e-01, 4.94084e-01, 3.34886e-01, 1.92268e-01, 5.86839e-01]
64500 [2.63247e+00, 1.91676e-01, 7.68244e-01, 4.69702e-01, 3.37382e-01, 1.85492e-01, 5.79967e-01]
65000 [2.53559e+00, 1.83779e-01, 7.65992e-01, 4.49128e-01, 3.36785e-01, 1.77192e-01, 5.77289e-01]
65500 [2.43788e+00, 1.78630e-01, 7.59795e-01, 4.36163e-01, 3.36645e-01, 1.72019e-01, 5.74525e-01]
66000 [2.37256e+00, 1.75392e-01, 7.51177e-01, 4.28135e-01, 3.36883e-01, 1.68819e-01, 5.73218e-01]
66500 [2.33494e+00, 1.74308e-01, 7.42822e-01, 4.25802e-01, 3.37238e-01, 1.67622e-01, 5.70955e-01]
67000 [2.31451e+00, 1.72823e-01, 7.34719e-01, 4.22197e-01, 3.37214e-01, 1.66337e-01, 5.69572e-01]
67500 [2.29934e+00, 1.72440e-01, 7.27426e-01, 4.20579e-01, 3.37095e-01, 1.65779e-01, 5.68838e-01]
68000 [2.29033e+00, 1.71289e-01, 7.20919e-01, 4.18453e-01, 3.36908e-01, 1.64845e-01, 5.69038e-01]
68500 [2.28319e+00, 1.70882e-01, 7.15367e-01, 4.17227e-01, 3.37007e-01, 1.64340e-01, 5.70797e-01]
69000 [2.27809e+00, 1.70423e-01, 7.10380e-01, 4.16087e-01, 3.36674e-01, 1.64016e-01, 5.72957e-01]
69500 [2.27468e+00, 1.70101e-01, 7.06250e-01, 4.15428e-01, 3.36412e-01, 1.63761e-01, 5.75719e-01]
70000 [2.27208e+00, 1.69974e-01, 7.02952e-01, 4.15013e-01, 3.36376e-01, 1.63662e-01, 5.78831e-01]
70500 [2.26942e+00, 1.69928e-01, 7.00082e-01, 4.14344e-01, 3.36063e-01, 1.63338e-01, 5.81210e-01]
71000 [2.28601e+00, 1.70223e-01, 6.98890e-01, 4.19071e-01, 3.35712e-01, 1.65409e-01, 5.82662e-01]
71500 [2.29266e+00, 1.69742e-01, 6.96825e-01, 4.18549e-01, 3.35022e-01, 1.65023e-01, 5.84960e-01]
72000 [2.29382e+00, 1.69605e-01, 6.95098e-01, 4.18658e-01, 3.34657e-01, 1.65059e-01, 5.85975e-01]
72500 [2.29661e+00, 1.69287e-01, 6.93530e-01, 4.19793e-01, 3.34364e-01, 1.65436e-01, 5.84879e-01]
73000 [2.29226e+00, 1.71148e-01, 6.92632e-01, 4.17282e-01, 3.34198e-01, 1.64121e-01, 5.82131e-01]
73500 [2.33844e+00, 1.79794e-01, 6.98561e-01, 4.45523e-01, 3.35909e-01, 1.75660e-01, 5.80530e-01]
74000 [2.36530e+00, 1.75137e-01, 6.98920e-01, 4.36620e-01, 3.35402e-01, 1.72156e-01, 5.81262e-01]
74500 [2.36630e+00, 1.72741e-01, 6.98720e-01, 4.31677e-01, 3.34882e-01, 1.70209e-01, 5.81524e-01]
75000 [2.35518e+00, 1.71158e-01, 6.98103e-01, 4.28018e-01, 3.34318e-01, 1.68584e-01, 5.81754e-01]
75500 [2.34067e+00, 1.69916e-01, 6.97000e-01, 4.26098e-01, 3.33866e-01, 1.68120e-01, 5.81930e-01]
76000 [2.32703e+00, 1.69408e-01, 6.95836e-01, 4.24719e-01, 3.33698e-01, 1.67438e-01, 5.81791e-01]
76500 [2.32070e+00, 1.71107e-01, 6.95149e-01, 4.25378e-01, 3.33617e-01, 1.65692e-01, 5.82959e-01]
77000 [2.32247e+00, 1.68775e-01, 6.93774e-01, 4.24355e-01, 3.33289e-01, 1.67372e-01, 5.84278e-01]
77500 [2.32094e+00, 1.67912e-01, 6.92092e-01, 4.24617e-01, 3.32957e-01, 1.67552e-01, 5.84757e-01]
78000 [2.31078e+00, 1.68743e-01, 6.90652e-01, 4.22578e-01, 3.32777e-01, 1.66677e-01, 5.86245e-01]
78500 [2.30471e+00, 1.69288e-01, 6.90136e-01, 4.22258e-01, 3.32775e-01, 1.66546e-01, 5.87596e-01]
79000 [2.31686e+00, 1.67173e-01, 6.88799e-01, 4.23803e-01, 3.32341e-01, 1.67216e-01, 5.90580e-01]
79500 [2.31145e+00, 1.68046e-01, 6.87687e-01, 4.15179e-01, 3.32220e-01, 1.65782e-01, 5.94594e-01]
80000 [2.32547e+00, 1.89785e-01, 6.93351e-01, 4.54050e-01, 3.31611e-01, 1.76546e-01, 5.80960e-01]
80500 [2.37418e+00, 1.87394e-01, 6.95125e-01, 4.50995e-01, 3.32073e-01, 1.76526e-01, 5.91125e-01]
81000 [2.43326e+00, 1.89477e-01, 6.96842e-01, 4.63798e-01, 3.31734e-01, 1.79831e-01, 5.94231e-01]
81500 [2.44287e+00, 1.99525e-01, 7.02106e-01, 4.67714e-01, 3.32022e-01, 1.81006e-01, 5.81041e-01]
82000 [2.48144e+00, 1.86986e-01, 7.07959e-01, 4.66511e-01, 3.35102e-01, 1.86393e-01, 5.95871e-01]
82500 [2.46104e+00, 1.82835e-01, 7.09521e-01, 4.46033e-01, 3.34965e-01, 1.76396e-01, 5.95412e-01]
83000 [2.44608e+00, 1.76418e-01, 7.09994e-01, 4.48381e-01, 3.34586e-01, 1.77228e-01, 5.95354e-01]
83500 [2.39709e+00, 1.77493e-01, 7.10052e-01, 4.33557e-01, 3.34274e-01, 1.70973e-01, 5.94724e-01]
84000 [2.36911e+00, 1.73719e-01, 7.09542e-01, 4.33290e-01, 3.33955e-01, 1.70936e-01, 5.89491e-01]
84500 [2.35571e+00, 1.70896e-01, 7.07922e-01, 4.31936e-01, 3.33915e-01, 1.70505e-01, 5.89004e-01]
85000 [2.32855e+00, 1.72364e-01, 7.06432e-01, 4.22061e-01, 3.33973e-01, 1.66638e-01, 5.88104e-01]
85500 [2.33082e+00, 1.69271e-01, 7.04392e-01, 4.28665e-01, 3.34070e-01, 1.69410e-01, 5.90777e-01]
86000 [2.32406e+00, 1.68478e-01, 7.01906e-01, 4.26715e-01, 3.34051e-01, 1.69071e-01, 5.94000e-01]
86500 [2.31819e+00, 1.68123e-01, 6.99455e-01, 4.25861e-01, 3.34008e-01, 1.68311e-01, 5.97976e-01]
87000 [2.31341e+00, 1.67895e-01, 6.96997e-01, 4.24923e-01, 3.33725e-01, 1.68359e-01, 6.02473e-01]
87500 [2.30793e+00, 1.67590e-01, 6.94864e-01, 4.23884e-01, 3.33769e-01, 1.67327e-01, 6.06982e-01]
88000 [2.30434e+00, 1.67905e-01, 6.92852e-01, 4.24832e-01, 3.33659e-01, 1.67369e-01, 6.09590e-01]
88500 [2.31072e+00, 1.67143e-01, 6.91051e-01, 4.23308e-01, 3.33510e-01, 1.67361e-01, 6.12178e-01]
89000 [2.30257e+00, 1.71921e-01, 6.90736e-01, 4.18562e-01, 3.33287e-01, 1.65238e-01, 6.14579e-01]
89500 [2.28508e+00, 1.70309e-01, 6.90446e-01, 4.14218e-01, 3.33226e-01, 1.64381e-01, 6.14804e-01]
90000 [2.27291e+00, 1.69758e-01, 6.90130e-01, 4.14224e-01, 3.33130e-01, 1.63266e-01, 6.11474e-01]
90500 [2.26610e+00, 1.69406e-01, 6.89533e-01, 4.13424e-01, 3.33077e-01, 1.62931e-01, 6.11186e-01]
91000 [2.26161e+00, 1.69314e-01, 6.88851e-01, 4.12491e-01, 3.33015e-01, 1.62744e-01, 6.11289e-01]
91500 [2.26740e+00, 1.71160e-01, 6.92979e-01, 4.18489e-01, 3.32470e-01, 1.64591e-01, 6.11104e-01]
92000 [2.26777e+00, 1.69797e-01, 6.92284e-01, 4.14603e-01, 3.32380e-01, 1.63739e-01, 6.10350e-01]
92500 [2.26438e+00, 1.69622e-01, 6.91403e-01, 4.13512e-01, 3.32313e-01, 1.62847e-01, 6.09910e-01]
93000 [2.26289e+00, 1.69303e-01, 6.90431e-01, 4.13282e-01, 3.32168e-01, 1.62828e-01, 6.10162e-01]
93500 [2.25883e+00, 1.70513e-01, 6.91243e-01, 4.14844e-01, 3.32018e-01, 1.63146e-01, 6.08802e-01]
94000 [2.26352e+00, 1.69601e-01, 6.90636e-01, 4.13527e-01, 3.32043e-01, 1.62668e-01, 6.05494e-01]
94500 [2.26238e+00, 1.69403e-01, 6.89775e-01, 4.13380e-01, 3.31890e-01, 1.62751e-01, 6.03369e-01]
95000 [2.25883e+00, 1.71536e-01, 6.90595e-01, 4.13521e-01, 3.31540e-01, 1.62745e-01, 6.02303e-01]
95500 [2.26003e+00, 1.70754e-01, 6.90464e-01, 4.13344e-01, 3.31523e-01, 1.62513e-01, 6.07134e-01]
96000 [2.26276e+00, 1.69862e-01, 6.91051e-01, 4.14403e-01, 3.32321e-01, 1.63119e-01, 6.08911e-01]
96500 [2.27021e+00, 1.69562e-01, 6.90388e-01, 4.13718e-01, 3.31417e-01, 1.63013e-01, 6.09670e-01]
97000 [2.26486e+00, 1.69143e-01, 6.89417e-01, 4.12754e-01, 3.31291e-01, 1.62610e-01, 6.09875e-01]
97500 [2.25299e+00, 1.70100e-01, 6.88968e-01, 4.15673e-01, 3.31203e-01, 1.62861e-01, 6.11192e-01]
98000 [2.25978e+00, 1.68773e-01, 6.88233e-01, 4.14406e-01, 3.31138e-01, 1.63645e-01, 6.16893e-01]
98500 [2.25865e+00, 1.68865e-01, 6.87541e-01, 4.11597e-01, 3.30963e-01, 1.62411e-01, 6.15715e-01]
99000 [2.25554e+00, 1.68696e-01, 6.86854e-01, 4.11895e-01, 3.31010e-01, 1.62221e-01, 6.17093e-01]
99500 [2.25505e+00, 1.69288e-01, 6.86198e-01, 4.11954e-01, 3.30982e-01, 1.61483e-01, 6.21505e-01]
100000 [2.28257e+00, 1.66743e-01, 6.84923e-01, 4.20161e-01, 3.30883e-01, 1.65019e-01, 6.24033e-01]
100500 [2.26645e+00, 1.68789e-01, 6.84194e-01, 4.12205e-01, 3.30686e-01, 1.62424e-01, 6.25783e-01]
101000 [2.25747e+00, 1.68610e-01, 6.83788e-01, 4.12077e-01, 3.30440e-01, 1.62155e-01, 6.28066e-01]
101500 [2.25731e+00, 1.68919e-01, 6.84120e-01, 4.14263e-01, 3.31300e-01, 1.62873e-01, 6.30091e-01]
102000 [2.26283e+00, 1.68154e-01, 6.83569e-01, 4.14971e-01, 3.30701e-01, 1.63530e-01, 6.30433e-01]
102500 [2.26504e+00, 1.69637e-01, 6.83989e-01, 4.13895e-01, 3.30973e-01, 1.63345e-01, 6.24707e-01]
103000 [2.25269e+00, 1.69158e-01, 6.84063e-01, 4.13162e-01, 3.30675e-01, 1.62628e-01, 6.25106e-01]
103500 [2.24433e+00, 1.71682e-01, 6.84186e-01, 4.05314e-01, 3.30440e-01, 1.60178e-01, 6.23681e-01]
104000 [2.23243e+00, 1.73106e-01, 6.86965e-01, 4.12072e-01, 3.32160e-01, 1.62948e-01, 6.22808e-01]
104500 [2.27630e+00, 1.67343e-01, 6.86367e-01, 4.23875e-01, 3.31419e-01, 1.66288e-01, 6.24317e-01]
105000 [2.26183e+00, 1.68867e-01, 6.85958e-01, 4.11930e-01, 3.31253e-01, 1.62636e-01, 6.27243e-01]
105500 [2.25863e+00, 1.68995e-01, 6.85653e-01, 4.12339e-01, 3.31394e-01, 1.62669e-01, 6.26133e-01]
106000 [2.25604e+00, 1.68906e-01, 6.85109e-01, 4.11525e-01, 3.31171e-01, 1.62314e-01, 6.23437e-01]
106500 [2.25505e+00, 1.68613e-01, 6.84665e-01, 4.11658e-01, 3.31110e-01, 1.62246e-01, 6.21861e-01]
107000 [2.25312e+00, 1.68744e-01, 6.84612e-01, 4.12470e-01, 3.31148e-01, 1.62356e-01, 6.19997e-01]
107500 [2.25243e+00, 1.68466e-01, 6.84235e-01, 4.11343e-01, 3.31215e-01, 1.62013e-01, 6.21710e-01]
108000 [2.25244e+00, 1.68365e-01, 6.83871e-01, 4.11120e-01, 3.31173e-01, 1.62029e-01, 6.24025e-01]
108500 [2.25136e+00, 1.68341e-01, 6.83578e-01, 4.11040e-01, 3.31234e-01, 1.62085e-01, 6.25385e-01]
109000 [2.24977e+00, 1.68391e-01, 6.83148e-01, 4.11132e-01, 3.31068e-01, 1.61951e-01, 6.27221e-01]
109500 [2.24980e+00, 1.68473e-01, 6.83033e-01, 4.11249e-01, 3.31262e-01, 1.61766e-01, 6.29528e-01]
110000 [2.25235e+00, 1.68595e-01, 6.82980e-01, 4.11545e-01, 3.31283e-01, 1.62029e-01, 6.31236e-01]
110500 [2.25151e+00, 1.68376e-01, 6.82589e-01, 4.10679e-01, 3.31038e-01, 1.61865e-01, 6.33138e-01]
111000 [2.25017e+00, 1.68327e-01, 6.82340e-01, 4.10884e-01, 3.31021e-01, 1.61923e-01, 6.35023e-01]
111500 [2.24456e+00, 1.68663e-01, 6.82205e-01, 4.09953e-01, 3.31028e-01, 1.60930e-01, 6.39370e-01]
112000 [2.24703e+00, 1.68102e-01, 6.81954e-01, 4.10367e-01, 3.31021e-01, 1.61685e-01, 6.42422e-01]
112500 [2.24262e+00, 1.73883e-01, 6.82716e-01, 4.13915e-01, 3.31514e-01, 1.62960e-01, 6.42625e-01]
113000 [2.27184e+00, 1.69482e-01, 6.83501e-01, 4.21145e-01, 3.31315e-01, 1.65563e-01, 6.48868e-01]
113500 [2.29601e+00, 1.66500e-01, 6.82800e-01, 4.21949e-01, 3.31074e-01, 1.65950e-01, 6.56381e-01]
114000 [2.29759e+00, 1.66315e-01, 6.81886e-01, 4.21089e-01, 3.31095e-01, 1.66012e-01, 6.59090e-01]
114500 [2.28128e+00, 1.67286e-01, 6.81343e-01, 4.06454e-01, 3.31038e-01, 1.63341e-01, 6.65652e-01]
115000 [2.28283e+00, 1.67323e-01, 6.81988e-01, 4.23715e-01, 3.31370e-01, 1.66971e-01, 6.61452e-01]
115500 [2.28142e+00, 1.68469e-01, 6.81523e-01, 4.13518e-01, 3.31134e-01, 1.63201e-01, 6.64968e-01]
116000 [2.28821e+00, 1.67944e-01, 6.81801e-01, 4.24705e-01, 3.31465e-01, 1.66781e-01, 6.67709e-01]
116500 [2.28853e+00, 1.66740e-01, 6.81611e-01, 4.22260e-01, 3.31254e-01, 1.66279e-01, 6.69202e-01]
117000 [2.27941e+00, 1.68842e-01, 6.81308e-01, 4.12931e-01, 3.31328e-01, 1.63304e-01, 6.72574e-01]
117500 [2.27984e+00, 1.69746e-01, 6.82115e-01, 4.14242e-01, 3.32008e-01, 1.63387e-01, 6.73855e-01]
118000 [2.26763e+00, 1.69003e-01, 6.82013e-01, 4.12563e-01, 3.31405e-01, 1.62666e-01, 6.76756e-01]
118500 [2.25946e+00, 1.68901e-01, 6.82342e-01, 4.12288e-01, 3.31375e-01, 1.62431e-01, 6.76889e-01]
119000 [2.25634e+00, 1.68593e-01, 6.82292e-01, 4.11535e-01, 3.31347e-01, 1.62210e-01, 6.78180e-01]
119500 [2.24661e+00, 1.69656e-01, 6.82356e-01, 4.12511e-01, 3.31330e-01, 1.62155e-01, 6.79477e-01]
120000 [2.25177e+00, 1.69495e-01, 6.83237e-01, 4.04735e-01, 3.31855e-01, 1.61148e-01, 6.82518e-01]
120500 [2.27671e+00, 1.66235e-01, 6.82320e-01, 4.20689e-01, 3.31446e-01, 1.66100e-01, 6.83684e-01]
121000 [2.27429e+00, 1.68540e-01, 6.82124e-01, 4.13734e-01, 3.31479e-01, 1.63345e-01, 6.83497e-01]
121500 [2.28284e+00, 1.66843e-01, 6.81792e-01, 4.21918e-01, 3.31360e-01, 1.66321e-01, 6.83796e-01]
122000 [2.27337e+00, 1.68777e-01, 6.81501e-01, 4.11893e-01, 3.31366e-01, 1.62406e-01, 6.84547e-01]
122500 [2.26839e+00, 1.68499e-01, 6.81758e-01, 4.19341e-01, 3.31435e-01, 1.64595e-01, 6.85360e-01]
123000 [2.27184e+00, 1.70384e-01, 6.82971e-01, 4.14771e-01, 3.33268e-01, 1.64986e-01, 6.85150e-01]
123500 [2.28250e+00, 1.69522e-01, 6.83340e-01, 4.13888e-01, 3.33369e-01, 1.63169e-01, 6.86236e-01]
124000 [2.27159e+00, 1.69272e-01, 6.83134e-01, 4.13175e-01, 3.32877e-01, 1.62865e-01, 6.87501e-01]
124500 [2.26407e+00, 1.68961e-01, 6.82736e-01, 4.12492e-01, 3.32240e-01, 1.62557e-01, 6.89941e-01]
125000 [2.25950e+00, 1.68897e-01, 6.82802e-01, 4.13308e-01, 3.32224e-01, 1.62549e-01, 6.93041e-01]
125500 [2.25797e+00, 1.68801e-01, 6.82641e-01, 4.11885e-01, 3.31974e-01, 1.62340e-01, 6.96225e-01]
126000 [2.25618e+00, 1.68716e-01, 6.82643e-01, 4.11923e-01, 3.32037e-01, 1.62306e-01, 6.99948e-01]
126500 [2.25535e+00, 1.68618e-01, 6.82440e-01, 4.11711e-01, 3.31888e-01, 1.62271e-01, 7.04334e-01]
127000 [2.25446e+00, 1.68693e-01, 6.82351e-01, 4.11717e-01, 3.31864e-01, 1.62215e-01, 7.08132e-01]
127500 [2.25407e+00, 1.68551e-01, 6.82148e-01, 4.11490e-01, 3.31647e-01, 1.62206e-01, 7.11446e-01]
128000 [2.25354e+00, 1.68513e-01, 6.82063e-01, 4.11437e-01, 3.31560e-01, 1.62172e-01, 7.13446e-01]
128500 [2.25284e+00, 1.68489e-01, 6.81997e-01, 4.11380e-01, 3.31481e-01, 1.62144e-01, 7.14616e-01]
129000 [2.25364e+00, 1.68848e-01, 6.82161e-01, 4.10625e-01, 3.31442e-01, 1.62023e-01, 7.15326e-01]
129500 [2.25042e+00, 1.69204e-01, 6.82188e-01, 4.19409e-01, 3.31516e-01, 1.64295e-01, 7.15626e-01]
130000 [2.26682e+00, 1.68566e-01, 6.81989e-01, 4.13821e-01, 3.31437e-01, 1.63295e-01, 7.20271e-01]
130500 [2.33578e+00, 1.74394e-01, 6.84157e-01, 4.30136e-01, 3.31344e-01, 1.69119e-01, 7.29653e-01]
131000 [2.33066e+00, 1.73861e-01, 6.85534e-01, 4.27289e-01, 3.31089e-01, 1.68000e-01, 7.32376e-01]
131500 [2.32069e+00, 1.71553e-01, 6.86748e-01, 4.20972e-01, 3.31277e-01, 1.66273e-01, 7.33957e-01]
132000 [2.30828e+00, 1.69780e-01, 6.86998e-01, 4.25440e-01, 3.31225e-01, 1.67026e-01, 7.34406e-01]
132500 [2.32427e+00, 1.74667e-01, 6.88444e-01, 4.30648e-01, 3.31374e-01, 1.69323e-01, 7.18266e-01]
133000 [2.32463e+00, 1.70586e-01, 6.88897e-01, 4.30528e-01, 3.30858e-01, 1.68803e-01, 7.18079e-01]
133500 [2.31180e+00, 1.70554e-01, 6.88829e-01, 4.18735e-01, 3.30955e-01, 1.65503e-01, 7.19071e-01]
134000 [2.30951e+00, 1.68183e-01, 6.88503e-01, 4.25442e-01, 3.30969e-01, 1.67312e-01, 7.19816e-01]
134500 [2.16526e+00, 1.78419e-01, 6.91248e-01, 4.11091e-01, 3.31639e-01, 1.61716e-01, 6.98244e-01]
135000 [2.27169e+00, 1.80131e-01, 6.90210e-01, 4.40973e-01, 3.31326e-01, 1.68801e-01, 7.03511e-01]
135500 [2.39819e+00, 1.79700e-01, 6.88154e-01, 4.58328e-01, 3.30641e-01, 1.72805e-01, 7.07099e-01]
136000 [2.39836e+00, 1.84294e-01, 6.89264e-01, 4.53775e-01, 3.30620e-01, 1.72881e-01, 7.10149e-01]
136500 [2.41155e+00, 1.88601e-01, 6.91135e-01, 4.57345e-01, 3.30602e-01, 1.74460e-01, 7.09022e-01]
137000 [2.49341e+00, 1.87129e-01, 6.92434e-01, 4.73122e-01, 3.29862e-01, 1.79094e-01, 7.10216e-01]
137500 [2.45932e+00, 1.91155e-01, 6.95807e-01, 4.66472e-01, 3.30343e-01, 1.78977e-01, 7.14861e-01]
138000 [2.52722e+00, 1.90718e-01, 6.97406e-01, 4.70246e-01, 3.29759e-01, 1.80351e-01, 7.12024e-01]
138500 [2.43777e+00, 1.98559e-01, 7.03445e-01, 4.55149e-01, 3.31597e-01, 1.81048e-01, 7.30262e-01]
139000 [2.37149e+00, 2.00481e-01, 7.09193e-01, 4.60189e-01, 3.31507e-01, 1.82517e-01, 7.34192e-01]
139500 [2.46885e+00, 1.95653e-01, 7.12837e-01, 4.86182e-01, 3.30529e-01, 1.86102e-01, 7.26996e-01]
140000 [2.49128e+00, 1.94984e-01, 7.14639e-01, 4.76274e-01, 3.30682e-01, 1.84775e-01, 7.32638e-01]
140500 [2.50060e+00, 1.95434e-01, 7.16472e-01, 4.76843e-01, 3.30859e-01, 1.84716e-01, 7.34727e-01]
141000 [2.46277e+00, 1.87656e-01, 7.20707e-01, 4.63859e-01, 3.34251e-01, 1.83062e-01, 7.49330e-01]
141500 [2.45854e+00, 1.79300e-01, 7.20611e-01, 4.49440e-01, 3.33627e-01, 1.77306e-01, 7.51332e-01]
142000 [2.42174e+00, 1.73661e-01, 7.18958e-01, 4.39636e-01, 3.33066e-01, 1.73029e-01, 7.52240e-01]
142500 [2.37772e+00, 1.70656e-01, 7.15510e-01, 4.33178e-01, 3.32593e-01, 1.70463e-01, 7.52550e-01]
143000 [2.35123e+00, 1.69600e-01, 7.11645e-01, 4.27617e-01, 3.32537e-01, 1.68683e-01, 7.53794e-01]
143500 [2.32650e+00, 1.69577e-01, 7.09054e-01, 4.27391e-01, 3.32585e-01, 1.68257e-01, 7.51069e-01]
144000 [2.32283e+00, 1.68182e-01, 7.05719e-01, 4.25758e-01, 3.32627e-01, 1.67611e-01, 7.51251e-01]
144500 [2.30925e+00, 1.70070e-01, 7.02646e-01, 4.17026e-01, 3.32734e-01, 1.64746e-01, 7.54555e-01]
145000 [2.30919e+00, 1.69151e-01, 7.00465e-01, 4.26173e-01, 3.32562e-01, 1.68184e-01, 7.60605e-01]
145500 [2.28620e+00, 1.71300e-01, 6.99459e-01, 4.18280e-01, 3.32815e-01, 1.65372e-01, 7.60221e-01]
146000 [2.28912e+00, 1.72142e-01, 6.98427e-01, 4.18559e-01, 3.32713e-01, 1.66397e-01, 7.58968e-01]
146500 [2.30558e+00, 1.72661e-01, 6.98907e-01, 4.25852e-01, 3.34376e-01, 1.67394e-01, 7.50675e-01]
147000 [2.31234e+00, 1.71140e-01, 6.98021e-01, 4.23574e-01, 3.33751e-01, 1.66689e-01, 7.43412e-01]
147500 [2.30936e+00, 1.70313e-01, 6.96974e-01, 4.21619e-01, 3.33066e-01, 1.65971e-01, 7.38828e-01]
148000 [2.30462e+00, 1.69903e-01, 6.95758e-01, 4.20375e-01, 3.32608e-01, 1.65489e-01, 7.37254e-01]
148500 [2.30045e+00, 1.69529e-01, 6.94473e-01, 4.19550e-01, 3.32391e-01, 1.65255e-01, 7.37916e-01]
149000 [2.29738e+00, 1.69249e-01, 6.93124e-01, 4.19072e-01, 3.32155e-01, 1.65242e-01, 7.39335e-01]
149500 [2.28842e+00, 1.69610e-01, 6.92055e-01, 4.19968e-01, 3.31915e-01, 1.65898e-01, 7.39065e-01]
150000 [2.28361e+00, 1.69051e-01, 6.91267e-01, 4.18876e-01, 3.31572e-01, 1.65205e-01, 7.42444e-01]
150500 [2.28238e+00, 1.68789e-01, 6.90174e-01, 4.17904e-01, 3.31384e-01, 1.64841e-01, 7.46905e-01]
151000 [2.28202e+00, 1.68559e-01, 6.89031e-01, 4.18285e-01, 3.31180e-01, 1.64963e-01, 7.51675e-01]
151500 [2.28240e+00, 1.68572e-01, 6.87970e-01, 4.17702e-01, 3.30986e-01, 1.64722e-01, 7.56419e-01]
152000 [2.28297e+00, 1.68558e-01, 6.87048e-01, 4.17750e-01, 3.30772e-01, 1.64850e-01, 7.60814e-01]
152500 [2.28258e+00, 1.68391e-01, 6.86229e-01, 4.17418e-01, 3.30530e-01, 1.64654e-01, 7.65712e-01]
153000 [2.28279e+00, 1.69965e-01, 6.86282e-01, 4.18963e-01, 3.30917e-01, 1.65638e-01, 7.72522e-01]
153500 [2.28841e+00, 1.68591e-01, 6.85730e-01, 4.17835e-01, 3.30445e-01, 1.64838e-01, 7.76184e-01]
154000 [2.28579e+00, 1.68222e-01, 6.84952e-01, 4.17363e-01, 3.30198e-01, 1.64625e-01, 7.83096e-01]
154500 [2.28358e+00, 1.68214e-01, 6.84275e-01, 4.17181e-01, 3.29958e-01, 1.64717e-01, 7.89494e-01]
155000 [2.28214e+00, 1.68005e-01, 6.83573e-01, 4.17298e-01, 3.29682e-01, 1.64593e-01, 7.97805e-01]
155500 [2.28136e+00, 1.67892e-01, 6.82899e-01, 4.17207e-01, 3.29371e-01, 1.64542e-01, 8.06348e-01]
156000 [2.27874e+00, 1.67988e-01, 6.82422e-01, 4.15225e-01, 3.29225e-01, 1.64232e-01, 8.12458e-01]
156500 [2.28146e+00, 1.67882e-01, 6.82265e-01, 4.17365e-01, 3.29051e-01, 1.64569e-01, 8.21672e-01]
157000 [2.28205e+00, 1.67797e-01, 6.81767e-01, 4.17485e-01, 3.28862e-01, 1.64705e-01, 8.34223e-01]
157500 [2.28568e+00, 1.67433e-01, 6.81099e-01, 4.18261e-01, 3.28664e-01, 1.64973e-01, 8.50344e-01]
158000 [2.28267e+00, 1.72968e-01, 6.85593e-01, 3.91177e-01, 3.31545e-01, 1.57660e-01, 8.59612e-01]
158500 [2.22103e+00, 1.90028e-01, 6.89683e-01, 4.17887e-01, 3.32547e-01, 1.63593e-01, 8.32269e-01]
159000 [2.25131e+00, 1.92210e-01, 6.91064e-01, 4.37858e-01, 3.31703e-01, 1.72384e-01, 8.31893e-01]
159500 [2.31029e+00, 1.91128e-01, 6.92612e-01, 4.44734e-01, 3.31277e-01, 1.75483e-01, 8.40204e-01]
160000 [2.35473e+00, 1.84155e-01, 6.95353e-01, 4.35843e-01, 3.32397e-01, 1.75757e-01, 8.45379e-01]
160500 [2.34781e+00, 1.95210e-01, 6.99609e-01, 4.44074e-01, 3.32912e-01, 1.73817e-01, 8.21921e-01]
161000 [2.39645e+00, 1.94691e-01, 7.01133e-01, 4.61755e-01, 3.32124e-01, 1.79513e-01, 8.25362e-01]
161500 [2.40731e+00, 1.77445e-01, 7.00889e-01, 4.34224e-01, 3.31986e-01, 1.70946e-01, 8.27633e-01]
162000 [2.36324e+00, 1.73494e-01, 7.01208e-01, 4.25714e-01, 3.31966e-01, 1.67533e-01, 8.23153e-01]
162500 [2.33175e+00, 1.71595e-01, 7.00516e-01, 4.22345e-01, 3.32028e-01, 1.66146e-01, 8.21420e-01]
163000 [2.33977e+00, 1.69877e-01, 6.99162e-01, 4.25301e-01, 3.31946e-01, 1.67072e-01, 8.25482e-01]
163500 [2.33408e+00, 1.68647e-01, 6.97173e-01, 4.23908e-01, 3.31905e-01, 1.66610e-01, 8.28971e-01]
164000 [2.32873e+00, 1.68026e-01, 6.95185e-01, 4.23754e-01, 3.32009e-01, 1.66685e-01, 8.34765e-01]
164500 [2.32231e+00, 1.68081e-01, 6.93640e-01, 4.24937e-01, 3.32135e-01, 1.67316e-01, 8.38987e-01]
165000 [2.31585e+00, 1.68341e-01, 6.92211e-01, 4.24751e-01, 3.32031e-01, 1.67392e-01, 8.40265e-01]
165500 [2.31556e+00, 1.67379e-01, 6.90451e-01, 4.24035e-01, 3.31941e-01, 1.67411e-01, 8.44400e-01]
166000 [2.30171e+00, 1.69318e-01, 6.89031e-01, 4.15693e-01, 3.31703e-01, 1.64254e-01, 8.49361e-01]
166500 [2.30367e+00, 1.68191e-01, 6.88613e-01, 4.23464e-01, 3.31657e-01, 1.66547e-01, 8.52913e-01]
167000 [2.30823e+00, 1.68631e-01, 6.87274e-01, 4.19860e-01, 3.31393e-01, 1.65791e-01, 8.54400e-01]
167500 [2.31162e+00, 1.66933e-01, 6.86057e-01, 4.22111e-01, 3.31318e-01, 1.66393e-01, 8.58981e-01]
168000 [2.30836e+00, 1.67032e-01, 6.84893e-01, 4.23488e-01, 3.31106e-01, 1.66913e-01, 8.65058e-01]
168500 [2.30676e+00, 1.66758e-01, 6.83920e-01, 4.22764e-01, 3.30824e-01, 1.66766e-01, 8.66646e-01]
169000 [2.30461e+00, 1.67472e-01, 6.83153e-01, 4.24104e-01, 3.30573e-01, 1.67314e-01, 8.63650e-01]
169500 [2.29867e+00, 1.67539e-01, 6.82604e-01, 4.19082e-01, 3.30710e-01, 1.65193e-01, 8.64784e-01]
170000 [2.29960e+00, 1.68831e-01, 6.82468e-01, 4.17700e-01, 3.30750e-01, 1.65596e-01, 8.71961e-01]
170500 [2.34604e+00, 1.75306e-01, 6.84791e-01, 4.30090e-01, 3.31316e-01, 1.70186e-01, 8.61662e-01]
171000 [2.33092e+00, 1.71778e-01, 6.85744e-01, 4.22792e-01, 3.30763e-01, 1.66969e-01, 8.60883e-01]
171500 [2.31318e+00, 1.70596e-01, 6.86435e-01, 4.20764e-01, 3.30511e-01, 1.66089e-01, 8.61687e-01]
172000 [2.30306e+00, 1.70036e-01, 6.86962e-01, 4.19706e-01, 3.30618e-01, 1.65729e-01, 8.63616e-01]
172500 [2.29181e+00, 1.70410e-01, 6.87354e-01, 4.17913e-01, 3.30551e-01, 1.64773e-01, 8.66113e-01]
173000 [2.29434e+00, 1.69677e-01, 6.87567e-01, 4.19420e-01, 3.30790e-01, 1.65239e-01, 8.66289e-01]
173500 [2.29566e+00, 1.69458e-01, 6.87464e-01, 4.19845e-01, 3.30725e-01, 1.65267e-01, 8.65607e-01]
174000 [2.29410e+00, 1.69700e-01, 6.87157e-01, 4.17557e-01, 3.30644e-01, 1.64422e-01, 8.64600e-01]
174500 [2.28035e+00, 1.73240e-01, 6.88061e-01, 4.14163e-01, 3.30673e-01, 1.64381e-01, 8.64393e-01]
175000 [2.30528e+00, 1.68129e-01, 6.87763e-01, 4.25318e-01, 3.30651e-01, 1.67582e-01, 8.64188e-01]
175500 [2.30951e+00, 1.67159e-01, 6.86372e-01, 4.23584e-01, 3.30537e-01, 1.66907e-01, 8.62385e-01]
176000 [2.30738e+00, 1.66980e-01, 6.84996e-01, 4.23377e-01, 3.30389e-01, 1.67013e-01, 8.60302e-01]
176500 [2.30495e+00, 1.66787e-01, 6.83700e-01, 4.22996e-01, 3.30141e-01, 1.67077e-01, 8.58327e-01]
177000 [2.28529e+00, 1.71947e-01, 6.83932e-01, 4.12714e-01, 3.30452e-01, 1.63088e-01, 8.59883e-01]
177500 [2.30067e+00, 1.66733e-01, 6.83414e-01, 4.21768e-01, 3.30222e-01, 1.66314e-01, 8.59936e-01]
178000 [2.30012e+00, 1.66633e-01, 6.82309e-01, 4.22352e-01, 3.30105e-01, 1.66873e-01, 8.62590e-01]
178500 [2.29855e+00, 1.66438e-01, 6.81275e-01, 4.22032e-01, 3.29839e-01, 1.66981e-01, 8.65740e-01]
179000 [2.27239e+00, 1.69330e-01, 6.81563e-01, 4.12988e-01, 3.29933e-01, 1.62628e-01, 8.67488e-01]
179500 [2.26532e+00, 1.69083e-01, 6.81840e-01, 4.12478e-01, 3.29958e-01, 1.62475e-01, 8.70299e-01]
180000 [2.25673e+00, 1.69024e-01, 6.81884e-01, 4.12582e-01, 3.29863e-01, 1.62749e-01, 8.71999e-01]
180500 [2.25379e+00, 1.69246e-01, 6.82204e-01, 4.12937e-01, 3.29903e-01, 1.62662e-01, 8.72162e-01]
181000 [2.25524e+00, 1.68752e-01, 6.82115e-01, 4.11866e-01, 3.29747e-01, 1.62222e-01, 8.73112e-01]
181500 [2.25505e+00, 1.68390e-01, 6.83121e-01, 4.11122e-01, 3.31643e-01, 1.61921e-01, 8.76769e-01]
182000 [2.25498e+00, 1.68948e-01, 6.82706e-01, 4.11483e-01, 3.31122e-01, 1.62148e-01, 8.79168e-01]
182500 [2.26914e+00, 1.66892e-01, 6.81459e-01, 4.17657e-01, 3.30487e-01, 1.64563e-01, 8.85974e-01]
183000 [2.28053e+00, 1.66371e-01, 6.81016e-01, 4.19919e-01, 3.30407e-01, 1.65498e-01, 8.88546e-01]
183500 [2.28573e+00, 1.66351e-01, 6.80251e-01, 4.21122e-01, 3.30346e-01, 1.66446e-01, 8.93341e-01]
184000 [2.27481e+00, 1.68641e-01, 6.80431e-01, 4.13787e-01, 3.30296e-01, 1.63303e-01, 8.98301e-01]
184500 [2.26820e+00, 1.68930e-01, 6.80821e-01, 4.14263e-01, 3.30324e-01, 1.63519e-01, 8.99018e-01]
185000 [2.26560e+00, 1.68829e-01, 6.81159e-01, 4.14024e-01, 3.30229e-01, 1.63446e-01, 9.00364e-01]
185500 [2.26472e+00, 1.68805e-01, 6.81444e-01, 4.14086e-01, 3.30113e-01, 1.63463e-01, 9.03402e-01]
186000 [2.26859e+00, 1.68787e-01, 6.81834e-01, 4.14712e-01, 3.30224e-01, 1.63585e-01, 9.05816e-01]
186500 [2.28202e+00, 1.67645e-01, 6.81685e-01, 4.15573e-01, 3.30450e-01, 1.65004e-01, 9.08216e-01]
187000 [2.28874e+00, 1.66497e-01, 6.81048e-01, 4.19507e-01, 3.30292e-01, 1.65585e-01, 9.06976e-01]
187500 [2.29125e+00, 1.66657e-01, 6.80259e-01, 4.20111e-01, 3.30197e-01, 1.65871e-01, 9.13474e-01]
188000 [2.25148e+00, 1.69549e-01, 6.82656e-01, 4.08729e-01, 3.31731e-01, 1.62059e-01, 9.18475e-01]
188500 [2.27970e+00, 1.75940e-01, 6.87144e-01, 4.31140e-01, 3.32705e-01, 1.72492e-01, 9.04948e-01]
189000 [2.30487e+00, 1.72280e-01, 6.87743e-01, 4.23191e-01, 3.32122e-01, 1.66736e-01, 9.05708e-01]
189500 [2.30093e+00, 1.70818e-01, 6.88058e-01, 4.19454e-01, 3.31796e-01, 1.65600e-01, 9.03138e-01]
190000 [2.29306e+00, 1.70026e-01, 6.88136e-01, 4.17485e-01, 3.31719e-01, 1.64911e-01, 9.02087e-01]
190500 [2.27115e+00, 1.71280e-01, 6.88633e-01, 4.15770e-01, 3.31816e-01, 1.64504e-01, 8.98239e-01]
191000 [2.27390e+00, 1.71431e-01, 6.89529e-01, 4.19508e-01, 3.32197e-01, 1.65757e-01, 8.95142e-01]
191500 [2.29314e+00, 1.68698e-01, 6.89265e-01, 4.20946e-01, 3.32258e-01, 1.66252e-01, 9.00463e-01]
192000 [2.30604e+00, 1.67510e-01, 6.88096e-01, 4.21537e-01, 3.32067e-01, 1.66585e-01, 9.03091e-01]
192500 [2.28237e+00, 1.66391e-01, 6.87656e-01, 4.18889e-01, 3.32902e-01, 1.65688e-01, 9.08619e-01]
193000 [2.29168e+00, 1.66802e-01, 6.86082e-01, 4.21097e-01, 3.32646e-01, 1.66595e-01, 9.08778e-01]
193500 [2.29706e+00, 1.66951e-01, 6.84877e-01, 4.21752e-01, 3.32676e-01, 1.66768e-01, 9.09735e-01]
194000 [2.29861e+00, 1.66609e-01, 6.83852e-01, 4.21378e-01, 3.32588e-01, 1.66625e-01, 9.11114e-01]
194500 [2.29875e+00, 1.67960e-01, 6.82818e-01, 4.17632e-01, 3.32396e-01, 1.65000e-01, 9.12233e-01]
195000 [2.29756e+00, 1.66938e-01, 6.82558e-01, 4.21015e-01, 3.32229e-01, 1.66163e-01, 9.13148e-01]
195500 [2.30136e+00, 1.66517e-01, 6.81580e-01, 4.21359e-01, 3.32036e-01, 1.66325e-01, 9.14705e-01]
196000 [2.27899e+00, 1.69148e-01, 6.81837e-01, 4.14416e-01, 3.32322e-01, 1.63654e-01, 9.15987e-01]
196500 [2.27189e+00, 1.69318e-01, 6.82502e-01, 4.14838e-01, 3.32409e-01, 1.63561e-01, 9.14933e-01]
197000 [2.28522e+00, 1.77024e-01, 6.85521e-01, 4.22625e-01, 3.32608e-01, 1.67439e-01, 9.04194e-01]
197500 [2.31307e+00, 2.01302e-01, 6.88948e-01, 4.67269e-01, 3.30204e-01, 1.80234e-01, 8.83060e-01]
198000 [2.34675e+00, 1.97491e-01, 6.97821e-01, 4.45782e-01, 3.30098e-01, 1.75097e-01, 8.51787e-01]
198500 [2.37992e+00, 1.95522e-01, 7.00253e-01, 4.62091e-01, 3.29011e-01, 1.80953e-01, 8.55401e-01]
199000 [2.39088e+00, 1.92131e-01, 7.02830e-01, 4.53881e-01, 3.29649e-01, 1.76953e-01, 8.44981e-01]
199500 [2.40096e+00, 1.91335e-01, 7.04016e-01, 4.56280e-01, 3.29143e-01, 1.77632e-01, 8.42337e-01]
200000 [2.38750e+00, 1.90921e-01, 7.06173e-01, 4.51439e-01, 3.29570e-01, 1.77069e-01, 8.31546e-01]
200500 [2.42680e+00, 1.90457e-01, 7.06490e-01, 4.60519e-01, 3.29088e-01, 1.79256e-01, 8.32641e-01]
201000 [2.43825e+00, 1.89218e-01, 7.08794e-01, 4.22484e-01, 3.30619e-01, 1.70517e-01, 8.32986e-01]
201500 [2.38015e+00, 1.94008e-01, 7.09886e-01, 4.40808e-01, 3.30777e-01, 1.73087e-01, 8.22087e-01]
202000 [2.39470e+00, 1.94713e-01, 7.12191e-01, 4.49418e-01, 3.30142e-01, 1.75709e-01, 8.26656e-01]
202500 [2.39225e+00, 1.94881e-01, 7.16854e-01, 4.47552e-01, 3.31354e-01, 1.75921e-01, 8.38508e-01]
203000 [2.41240e+00, 1.94759e-01, 7.17329e-01, 4.56194e-01, 3.31331e-01, 1.78022e-01, 8.40395e-01]
203500 [2.42629e+00, 1.90960e-01, 7.22307e-01, 4.48323e-01, 3.33159e-01, 1.78002e-01, 8.54570e-01]
204000 [2.39118e+00, 2.04086e-01, 7.24160e-01, 4.51639e-01, 3.32312e-01, 1.78000e-01, 8.40109e-01]
204500 [2.43585e+00, 1.88287e-01, 7.26545e-01, 4.53458e-01, 3.31285e-01, 1.79157e-01, 8.32514e-01]
205000 [2.42812e+00, 1.80844e-01, 7.26231e-01, 4.37890e-01, 3.31145e-01, 1.72645e-01, 8.21045e-01]
205500 [2.39258e+00, 1.76735e-01, 7.24461e-01, 4.30015e-01, 3.31154e-01, 1.69395e-01, 8.15206e-01]
206000 [2.35535e+00, 1.74295e-01, 7.21939e-01, 4.25623e-01, 3.32261e-01, 1.67177e-01, 8.11051e-01]
206500 [2.33354e+00, 1.72053e-01, 7.20209e-01, 4.26105e-01, 3.32385e-01, 1.66674e-01, 7.99556e-01]
207000 [2.31872e+00, 1.72662e-01, 7.17375e-01, 4.28628e-01, 3.32599e-01, 1.68361e-01, 7.94108e-01]
207500 [2.32544e+00, 1.70448e-01, 7.15007e-01, 4.31212e-01, 3.32724e-01, 1.69547e-01, 7.97665e-01]
208000 [2.32480e+00, 1.69413e-01, 7.11449e-01, 4.28538e-01, 3.32613e-01, 1.68877e-01, 8.00678e-01]
208500 [2.32275e+00, 1.68853e-01, 7.08000e-01, 4.27548e-01, 3.32661e-01, 1.68716e-01, 8.04958e-01]
209000 [2.32029e+00, 1.68506e-01, 7.04856e-01, 4.26656e-01, 3.32556e-01, 1.68582e-01, 8.08833e-01]
209500 [2.30298e+00, 1.67567e-01, 7.02189e-01, 4.23387e-01, 3.32656e-01, 1.66412e-01, 8.12727e-01]
210000 [2.30253e+00, 1.67179e-01, 6.99269e-01, 4.23078e-01, 3.32578e-01, 1.66697e-01, 8.16622e-01]
210500 [2.30266e+00, 1.67037e-01, 6.96806e-01, 4.23476e-01, 3.32521e-01, 1.67009e-01, 8.20221e-01]
211000 [2.30439e+00, 1.67109e-01, 6.95037e-01, 4.23692e-01, 3.32333e-01, 1.67435e-01, 8.23524e-01]
211500 [2.30544e+00, 1.67063e-01, 6.92813e-01, 4.23273e-01, 3.32375e-01, 1.67390e-01, 8.26343e-01]
212000 [2.30465e+00, 1.66912e-01, 6.90747e-01, 4.22535e-01, 3.32069e-01, 1.67289e-01, 8.28944e-01]
212500 [2.27972e+00, 1.69527e-01, 6.89589e-01, 4.15532e-01, 3.32139e-01, 1.63995e-01, 8.29212e-01]
213000 [2.27474e+00, 1.69556e-01, 6.88863e-01, 4.16269e-01, 3.32040e-01, 1.64173e-01, 8.31337e-01]
213500 [2.28347e+00, 1.76945e-01, 6.91375e-01, 4.31327e-01, 3.33783e-01, 1.69858e-01, 8.15597e-01]
214000 [2.29677e+00, 1.69404e-01, 6.91486e-01, 4.11793e-01, 3.33752e-01, 1.65271e-01, 8.17539e-01]
214500 [2.26679e+00, 1.70072e-01, 6.91303e-01, 4.12712e-01, 3.33690e-01, 1.62479e-01, 8.18213e-01]
215000 [2.26562e+00, 1.69509e-01, 6.90750e-01, 4.12631e-01, 3.33683e-01, 1.62441e-01, 8.19582e-01]
215500 [2.26319e+00, 1.69135e-01, 6.90155e-01, 4.12128e-01, 3.33818e-01, 1.62325e-01, 8.15460e-01]
216000 [2.26077e+00, 1.68888e-01, 6.89456e-01, 4.11836e-01, 3.33830e-01, 1.62189e-01, 8.11480e-01]
216500 [2.25813e+00, 1.68658e-01, 6.88689e-01, 4.11540e-01, 3.33734e-01, 1.62019e-01, 8.07959e-01]
217000 [2.25573e+00, 1.68569e-01, 6.87835e-01, 4.11378e-01, 3.33558e-01, 1.62008e-01, 8.06560e-01]
217500 [2.25677e+00, 1.69633e-01, 6.87638e-01, 4.14042e-01, 3.33474e-01, 1.63505e-01, 8.07102e-01]
218000 [2.24335e+00, 1.71468e-01, 6.87749e-01, 4.13546e-01, 3.33706e-01, 1.62713e-01, 8.07585e-01]
218500 [2.36070e+00, 1.83370e-01, 6.88091e-01, 4.47008e-01, 3.31126e-01, 1.76414e-01, 8.17207e-01]
219000 [2.36241e+00, 1.75611e-01, 6.90881e-01, 4.29323e-01, 3.30732e-01, 1.69044e-01, 8.16631e-01]
219500 [2.34769e+00, 1.74006e-01, 6.92114e-01, 4.23977e-01, 3.30610e-01, 1.67304e-01, 8.11735e-01]
220000 [2.31610e+00, 1.71914e-01, 6.92584e-01, 4.19239e-01, 3.30703e-01, 1.65399e-01, 8.10780e-01]
220500 [2.29597e+00, 1.70819e-01, 6.92198e-01, 4.17075e-01, 3.30516e-01, 1.64636e-01, 8.10926e-01]
221000 [2.27801e+00, 1.75290e-01, 6.91754e-01, 4.09798e-01, 3.30376e-01, 1.62795e-01, 8.08689e-01]
221500 [2.25757e+00, 1.73369e-01, 6.93161e-01, 4.11136e-01, 3.30020e-01, 1.62357e-01, 8.00812e-01]
222000 [2.25160e+00, 1.72780e-01, 6.93783e-01, 4.10180e-01, 3.30456e-01, 1.61762e-01, 8.08001e-01]
222500 [2.24288e+00, 1.71842e-01, 6.94023e-01, 4.08861e-01, 3.30404e-01, 1.61101e-01, 8.04745e-01]
223000 [2.26747e+00, 1.73674e-01, 6.94062e-01, 4.27562e-01, 3.30028e-01, 1.69234e-01, 8.13038e-01]
223500 [2.30023e+00, 1.73062e-01, 6.95480e-01, 4.20072e-01, 3.29751e-01, 1.65687e-01, 8.14293e-01]
224000 [2.29729e+00, 1.71475e-01, 6.95659e-01, 4.17985e-01, 3.29750e-01, 1.64596e-01, 8.10742e-01]
224500 [2.29095e+00, 1.70922e-01, 6.95117e-01, 4.17696e-01, 3.29953e-01, 1.64718e-01, 8.11270e-01]
225000 [2.30109e+00, 1.73474e-01, 6.96757e-01, 4.21465e-01, 3.32032e-01, 1.67199e-01, 8.11685e-01]
225500 [2.28979e+00, 1.70772e-01, 6.96379e-01, 4.15719e-01, 3.32119e-01, 1.63910e-01, 8.10679e-01]
226000 [2.28181e+00, 1.70497e-01, 6.95728e-01, 4.14654e-01, 3.31748e-01, 1.63256e-01, 8.13456e-01]
226500 [2.27737e+00, 1.70244e-01, 6.94870e-01, 4.14684e-01, 3.31546e-01, 1.63316e-01, 8.16983e-01]
227000 [2.27913e+00, 1.70739e-01, 6.94099e-01, 4.15858e-01, 3.31808e-01, 1.64107e-01, 8.19614e-01]
227500 [2.27436e+00, 1.76973e-01, 6.94682e-01, 4.17677e-01, 3.32529e-01, 1.64983e-01, 7.95549e-01]
228000 [2.24847e+00, 1.70824e-01, 6.96047e-01, 4.10669e-01, 3.33000e-01, 1.62162e-01, 8.04063e-01]
228500 [2.24220e+00, 1.70802e-01, 6.95058e-01, 4.12475e-01, 3.33291e-01, 1.62982e-01, 8.03598e-01]
229000 [2.24224e+00, 1.70140e-01, 6.94191e-01, 4.13870e-01, 3.33274e-01, 1.63293e-01, 8.04927e-01]
229500 [2.25158e+00, 1.69636e-01, 6.93961e-01, 4.14730e-01, 3.33091e-01, 1.63830e-01, 8.04536e-01]
230000 [2.25675e+00, 1.69630e-01, 6.93366e-01, 4.15071e-01, 3.33089e-01, 1.64096e-01, 8.01990e-01]
230500 [2.25953e+00, 1.69639e-01, 6.92660e-01, 4.15217e-01, 3.33247e-01, 1.64361e-01, 7.99504e-01]
231000 [2.25980e+00, 1.69605e-01, 6.91908e-01, 4.15068e-01, 3.33272e-01, 1.64470e-01, 7.94770e-01]
231500 [2.26787e+00, 1.67644e-01, 6.90819e-01, 4.22717e-01, 3.32981e-01, 1.67512e-01, 7.89479e-01]
232000 [2.26335e+00, 1.71207e-01, 6.90133e-01, 4.08249e-01, 3.33156e-01, 1.61039e-01, 7.81974e-01]
232500 [2.24955e+00, 1.70205e-01, 6.90182e-01, 4.12441e-01, 3.33143e-01, 1.62547e-01, 7.87859e-01]
233000 [2.26363e+00, 1.69406e-01, 6.88993e-01, 4.12858e-01, 3.33123e-01, 1.62339e-01, 7.95875e-01]
233500 [2.26094e+00, 1.68722e-01, 6.87839e-01, 4.11800e-01, 3.32966e-01, 1.62138e-01, 7.94459e-01]
234000 [2.25818e+00, 1.68642e-01, 6.86726e-01, 4.11589e-01, 3.32957e-01, 1.62108e-01, 7.92147e-01]
234500 [2.25370e+00, 1.68560e-01, 6.85756e-01, 4.11573e-01, 3.32901e-01, 1.62047e-01, 7.92286e-01]
235000 [2.25336e+00, 1.68423e-01, 6.84909e-01, 4.11168e-01, 3.32771e-01, 1.62007e-01, 7.90954e-01]
235500 [2.25183e+00, 1.68589e-01, 6.84396e-01, 4.11700e-01, 3.32940e-01, 1.62099e-01, 7.89438e-01]
236000 [2.25212e+00, 1.68999e-01, 6.84165e-01, 4.12298e-01, 3.32785e-01, 1.62296e-01, 7.88714e-01]
236500 [2.26582e+00, 1.75513e-01, 6.87027e-01, 4.28303e-01, 3.35552e-01, 1.66536e-01, 7.94633e-01]
237000 [2.28470e+00, 1.71369e-01, 6.87268e-01, 4.18193e-01, 3.34961e-01, 1.64984e-01, 7.97572e-01]
237500 [2.28055e+00, 1.69895e-01, 6.87232e-01, 4.14669e-01, 3.34470e-01, 1.63389e-01, 8.00491e-01]
238000 [2.27077e+00, 1.69298e-01, 6.86806e-01, 4.13376e-01, 3.33879e-01, 1.62893e-01, 8.02740e-01]
238500 [2.26472e+00, 1.69291e-01, 6.86808e-01, 4.13398e-01, 3.33745e-01, 1.62871e-01, 8.06290e-01]
239000 [2.26143e+00, 1.69185e-01, 6.86510e-01, 4.13013e-01, 3.33343e-01, 1.62813e-01, 8.07898e-01]
239500 [2.26005e+00, 1.69151e-01, 6.86246e-01, 4.13097e-01, 3.33299e-01, 1.62549e-01, 8.09085e-01]
240000 [2.25482e+00, 1.69973e-01, 6.85969e-01, 4.10842e-01, 3.33117e-01, 1.61276e-01, 8.10075e-01]
240500 [2.26033e+00, 1.69033e-01, 6.85832e-01, 4.12524e-01, 3.33038e-01, 1.62525e-01, 8.08825e-01]
241000 [2.26281e+00, 1.69168e-01, 6.86146e-01, 4.12878e-01, 3.32827e-01, 1.62689e-01, 8.11035e-01]
241500 [2.25840e+00, 1.68838e-01, 6.85812e-01, 4.12230e-01, 3.32651e-01, 1.62460e-01, 8.17623e-01]
242000 [2.25764e+00, 1.69227e-01, 6.85532e-01, 4.12377e-01, 3.32525e-01, 1.62665e-01, 8.24504e-01]
242500 [2.25467e+00, 1.68678e-01, 6.85182e-01, 4.11913e-01, 3.32508e-01, 1.62369e-01, 8.26860e-01]
243000 [2.25528e+00, 1.68634e-01, 6.84915e-01, 4.11724e-01, 3.32192e-01, 1.62265e-01, 8.27157e-01]
243500 [2.25354e+00, 1.68804e-01, 6.84844e-01, 4.12120e-01, 3.32584e-01, 1.62366e-01, 8.31139e-01]
244000 [2.25220e+00, 1.68573e-01, 6.84009e-01, 4.10934e-01, 3.31975e-01, 1.62116e-01, 8.34338e-01]
244500 [2.25065e+00, 1.68415e-01, 6.83497e-01, 4.11320e-01, 3.31814e-01, 1.62115e-01, 8.36533e-01]
245000 [2.25164e+00, 1.68477e-01, 6.83160e-01, 4.11304e-01, 3.31436e-01, 1.62087e-01, 8.37565e-01]
245500 [2.25121e+00, 1.68600e-01, 6.83325e-01, 4.11325e-01, 3.31242e-01, 1.62033e-01, 8.33825e-01]
246000 [2.25192e+00, 1.68394e-01, 6.83220e-01, 4.11156e-01, 3.30953e-01, 1.61966e-01, 8.32751e-01]
246500 [2.25343e+00, 1.68753e-01, 6.83306e-01, 4.11721e-01, 3.31103e-01, 1.62245e-01, 8.33516e-01]
247000 [2.25295e+00, 1.68280e-01, 6.82704e-01, 4.10886e-01, 3.30557e-01, 1.61918e-01, 8.34978e-01]
247500 [2.24974e+00, 1.68688e-01, 6.82482e-01, 4.11499e-01, 3.30505e-01, 1.61808e-01, 8.36491e-01]
248000 [2.25002e+00, 1.68204e-01, 6.81967e-01, 4.10800e-01, 3.30134e-01, 1.61873e-01, 8.36721e-01]
248500 [2.24916e+00, 1.68202e-01, 6.81623e-01, 4.10765e-01, 3.29999e-01, 1.61874e-01, 8.37257e-01]
249000 [2.24764e+00, 1.68155e-01, 6.81379e-01, 4.10390e-01, 3.29814e-01, 1.61695e-01, 8.37460e-01]
249500 [2.24642e+00, 1.68538e-01, 6.81960e-01, 4.15130e-01, 3.29981e-01, 1.64288e-01, 8.41659e-01]
250000 [2.24184e+00, 1.69199e-01, 6.82969e-01, 4.12513e-01, 3.30227e-01, 1.63368e-01, 8.27179e-01]
250500 [2.24462e+00, 1.69040e-01, 6.83556e-01, 4.14526e-01, 3.30189e-01, 1.63949e-01, 8.23040e-01]
251000 [2.25469e+00, 1.69037e-01, 6.84047e-01, 4.16218e-01, 3.30395e-01, 1.64401e-01, 8.30051e-01]
251500 [2.27583e+00, 1.69198e-01, 6.84947e-01, 4.20203e-01, 3.31196e-01, 1.66114e-01, 8.35683e-01]
252000 [2.28921e+00, 1.68275e-01, 6.84622e-01, 4.20855e-01, 3.31029e-01, 1.66164e-01, 8.36418e-01]
252500 [2.28096e+00, 1.79562e-01, 6.90285e-01, 4.17455e-01, 3.31934e-01, 1.59819e-01, 8.53441e-01]
253000 [2.30976e+00, 1.69939e-01, 6.89800e-01, 4.27169e-01, 3.31279e-01, 1.68717e-01, 8.60400e-01]
253500 [2.31521e+00, 1.67907e-01, 6.88405e-01, 4.24410e-01, 3.31099e-01, 1.67709e-01, 8.63738e-01]
254000 [2.30879e+00, 1.67068e-01, 6.87077e-01, 4.22896e-01, 3.30993e-01, 1.67144e-01, 8.67185e-01]
254500 [2.30327e+00, 1.66644e-01, 6.85766e-01, 4.22254e-01, 3.30932e-01, 1.66957e-01, 8.71444e-01]
255000 [2.29910e+00, 1.67273e-01, 6.84556e-01, 4.22064e-01, 3.30955e-01, 1.66647e-01, 8.76222e-01]
255500 [2.30030e+00, 1.68150e-01, 6.84156e-01, 4.13524e-01, 3.31574e-01, 1.64580e-01, 8.85050e-01]
256000 [2.27396e+00, 1.69157e-01, 6.83877e-01, 4.12550e-01, 3.31461e-01, 1.62704e-01, 8.99550e-01]
256500 [2.26491e+00, 1.68973e-01, 6.83668e-01, 4.12449e-01, 3.31393e-01, 1.62604e-01, 9.00361e-01]
257000 [2.26096e+00, 1.68968e-01, 6.83418e-01, 4.11899e-01, 3.31347e-01, 1.62578e-01, 9.02565e-01]
257500 [2.25866e+00, 1.68690e-01, 6.83129e-01, 4.11780e-01, 3.31256e-01, 1.62351e-01, 9.04946e-01]
258000 [2.25783e+00, 1.68774e-01, 6.82832e-01, 4.11560e-01, 3.31169e-01, 1.62324e-01, 9.08262e-01]
258500 [2.25536e+00, 1.68489e-01, 6.82657e-01, 4.11302e-01, 3.31105e-01, 1.62079e-01, 9.10504e-01]
259000 [2.25309e+00, 1.68613e-01, 6.82495e-01, 4.11621e-01, 3.30937e-01, 1.62211e-01, 9.11637e-01]
259500 [2.25328e+00, 1.68507e-01, 6.82229e-01, 4.11311e-01, 3.30723e-01, 1.62085e-01, 9.05965e-01]
260000 [2.25737e+00, 1.68938e-01, 6.82202e-01, 4.12404e-01, 3.30669e-01, 1.62384e-01, 9.02294e-01]
260500 [2.25443e+00, 1.68395e-01, 6.82416e-01, 4.11205e-01, 3.30534e-01, 1.62111e-01, 8.96223e-01]
261000 [2.25080e+00, 1.68292e-01, 6.82195e-01, 4.10933e-01, 3.30222e-01, 1.62053e-01, 8.95883e-01]
261500 [2.24961e+00, 1.68450e-01, 6.82095e-01, 4.11244e-01, 3.30118e-01, 1.61957e-01, 8.93843e-01]
262000 [2.24869e+00, 1.69002e-01, 6.82066e-01, 4.11243e-01, 3.29877e-01, 1.61911e-01, 8.94741e-01]
262500 [2.25830e+00, 1.68197e-01, 6.82612e-01, 4.13154e-01, 3.29798e-01, 1.63131e-01, 8.89564e-01]
263000 [2.26923e+00, 1.68211e-01, 6.82498e-01, 4.15185e-01, 3.29702e-01, 1.63850e-01, 8.97278e-01]
263500 [2.27032e+00, 1.69439e-01, 6.83953e-01, 4.13238e-01, 3.31290e-01, 1.63098e-01, 8.96443e-01]
264000 [2.26415e+00, 1.68829e-01, 6.83576e-01, 4.11923e-01, 3.30781e-01, 1.62448e-01, 8.98135e-01]
264500 [2.25719e+00, 1.68553e-01, 6.82977e-01, 4.11300e-01, 3.30175e-01, 1.62046e-01, 9.01794e-01]
265000 [2.25337e+00, 1.68503e-01, 6.82711e-01, 4.11100e-01, 3.30083e-01, 1.62091e-01, 9.06413e-01]
265500 [2.25133e+00, 1.68307e-01, 6.82275e-01, 4.10861e-01, 3.29845e-01, 1.61965e-01, 9.15177e-01]
266000 [2.24995e+00, 1.68195e-01, 6.81878e-01, 4.10695e-01, 3.29660e-01, 1.61864e-01, 9.28248e-01]
266500 [2.24992e+00, 1.68253e-01, 6.81615e-01, 4.11183e-01, 3.29568e-01, 1.61935e-01, 9.41298e-01]
267000 [2.24701e+00, 1.68309e-01, 6.81676e-01, 4.10858e-01, 3.29457e-01, 1.61786e-01, 9.42274e-01]
267500 [2.24763e+00, 1.68173e-01, 6.81392e-01, 4.10420e-01, 3.29266e-01, 1.61693e-01, 9.46013e-01]
268000 [2.24725e+00, 1.68134e-01, 6.81058e-01, 4.10210e-01, 3.29061e-01, 1.61578e-01, 9.50772e-01]
268500 [2.24769e+00, 1.68137e-01, 6.80485e-01, 4.10550e-01, 3.28876e-01, 1.61706e-01, 9.51466e-01]
269000 [2.24762e+00, 1.68161e-01, 6.80057e-01, 4.10311e-01, 3.28604e-01, 1.61685e-01, 9.59912e-01]
269500 [2.24764e+00, 1.67945e-01, 6.79507e-01, 4.10209e-01, 3.28251e-01, 1.61614e-01, 9.58816e-01]
270000 [2.25169e+00, 1.69172e-01, 6.79936e-01, 4.17560e-01, 3.30389e-01, 1.64922e-01, 9.98749e-01]
270500 [2.27389e+00, 1.66685e-01, 6.79351e-01, 4.07721e-01, 3.29908e-01, 1.61424e-01, 1.00854e+00]
271000 [2.26745e+00, 1.67724e-01, 6.79797e-01, 4.15279e-01, 3.29720e-01, 1.63305e-01, 1.00723e+00]
271500 [2.29281e+00, 1.65761e-01, 6.79162e-01, 4.19221e-01, 3.29531e-01, 1.65486e-01, 1.01472e+00]
272000 [2.29790e+00, 1.65725e-01, 6.78487e-01, 4.19097e-01, 3.29358e-01, 1.65466e-01, 1.01441e+00]
272500 [2.29685e+00, 1.65735e-01, 6.77935e-01, 4.19686e-01, 3.29291e-01, 1.65847e-01, 1.01275e+00]
273000 [2.29573e+00, 1.65708e-01, 6.77278e-01, 4.19963e-01, 3.29133e-01, 1.65967e-01, 1.01075e+00]
273500 [2.29483e+00, 1.66017e-01, 6.76794e-01, 4.20110e-01, 3.29213e-01, 1.66051e-01, 1.01769e+00]
274000 [2.27248e+00, 1.68417e-01, 6.77361e-01, 4.14803e-01, 3.29648e-01, 1.64125e-01, 1.03179e+00]
274500 [2.26046e+00, 1.68622e-01, 6.77924e-01, 4.11294e-01, 3.29624e-01, 1.62179e-01, 1.03186e+00]
275000 [2.25228e+00, 1.68379e-01, 6.78000e-01, 4.10548e-01, 3.29284e-01, 1.61881e-01, 1.02950e+00]
275500 [2.25158e+00, 1.67872e-01, 6.78281e-01, 4.10822e-01, 3.29397e-01, 1.62098e-01, 1.01889e+00]
276000 [2.25454e+00, 1.67922e-01, 6.78855e-01, 4.12539e-01, 3.30007e-01, 1.62537e-01, 1.03146e+00]
276500 [2.26394e+00, 1.69423e-01, 6.79664e-01, 4.13810e-01, 3.30029e-01, 1.63165e-01, 1.02341e+00]
277000 [2.25828e+00, 1.68663e-01, 6.79938e-01, 4.11638e-01, 3.29829e-01, 1.62294e-01, 1.01803e+00]
277500 [2.25349e+00, 1.68714e-01, 6.80107e-01, 4.11399e-01, 3.29831e-01, 1.62067e-01, 1.01409e+00]
278000 [2.25161e+00, 1.68536e-01, 6.80248e-01, 4.11214e-01, 3.29643e-01, 1.62242e-01, 1.00971e+00]
278500 [2.24981e+00, 1.69468e-01, 6.80398e-01, 4.12003e-01, 3.29450e-01, 1.62409e-01, 1.01183e+00]
279000 [2.24964e+00, 1.68293e-01, 6.80278e-01, 4.10711e-01, 3.29206e-01, 1.61882e-01, 1.01541e+00]
279500 [2.24705e+00, 1.68169e-01, 6.80065e-01, 4.10415e-01, 3.29108e-01, 1.61890e-01, 1.01262e+00]
280000 [2.24738e+00, 1.68876e-01, 6.80371e-01, 4.11389e-01, 3.29708e-01, 1.62121e-01, 1.01722e+00]
280500 [2.24645e+00, 1.68093e-01, 6.79787e-01, 4.10286e-01, 3.29058e-01, 1.61685e-01, 1.01376e+00]
281000 [2.24081e+00, 1.68658e-01, 6.79409e-01, 4.08621e-01, 3.28847e-01, 1.60849e-01, 1.01696e+00]
281500 [2.24565e+00, 1.67998e-01, 6.79328e-01, 4.10274e-01, 3.28749e-01, 1.61703e-01, 1.00600e+00]
282000 [2.24606e+00, 1.68015e-01, 6.79055e-01, 4.10064e-01, 3.28532e-01, 1.61616e-01, 9.92513e-01]
282500 [2.24639e+00, 1.68106e-01, 6.78896e-01, 4.10327e-01, 3.28349e-01, 1.61694e-01, 9.79862e-01]
283000 [2.24698e+00, 1.68911e-01, 6.78969e-01, 4.11947e-01, 3.29021e-01, 1.62329e-01, 9.62518e-01]
283500 [2.24755e+00, 1.68129e-01, 6.78663e-01, 4.10446e-01, 3.28430e-01, 1.61737e-01, 9.62294e-01]
284000 [2.24628e+00, 1.68048e-01, 6.78673e-01, 4.10283e-01, 3.28086e-01, 1.61598e-01, 9.63358e-01]
284500 [2.24530e+00, 1.68021e-01, 6.78477e-01, 4.10319e-01, 3.28072e-01, 1.61656e-01, 9.68233e-01]
285000 [2.24532e+00, 1.68103e-01, 6.78420e-01, 4.10732e-01, 3.27900e-01, 1.61746e-01, 9.70575e-01]
285500 [2.24556e+00, 1.68028e-01, 6.78359e-01, 4.10164e-01, 3.27614e-01, 1.61646e-01, 9.71440e-01]
286000 [2.24525e+00, 1.67850e-01, 6.78164e-01, 4.10514e-01, 3.27181e-01, 1.61461e-01, 9.75666e-01]
286500 [2.24522e+00, 1.67934e-01, 6.78129e-01, 4.10068e-01, 3.27065e-01, 1.61521e-01, 9.84409e-01]
287000 [2.24466e+00, 1.67856e-01, 6.77976e-01, 4.09937e-01, 3.26798e-01, 1.61551e-01, 9.93501e-01]
287500 [2.24489e+00, 1.67821e-01, 6.77878e-01, 4.10127e-01, 3.26593e-01, 1.61572e-01, 1.00334e+00]
288000 [2.24500e+00, 1.67706e-01, 6.77684e-01, 4.09671e-01, 3.26247e-01, 1.61466e-01, 1.01013e+00]
288500 [2.24507e+00, 1.67692e-01, 6.77565e-01, 4.09694e-01, 3.26038e-01, 1.61455e-01, 1.01546e+00]
289000 [2.24527e+00, 1.67670e-01, 6.77386e-01, 4.09634e-01, 3.25813e-01, 1.61462e-01, 1.01885e+00]
289500 [2.24483e+00, 1.67629e-01, 6.77262e-01, 4.09645e-01, 3.25594e-01, 1.61419e-01, 1.02188e+00]
290000 [2.24498e+00, 1.67641e-01, 6.77216e-01, 4.09528e-01, 3.25407e-01, 1.61469e-01, 1.02361e+00]
290500 [2.24433e+00, 1.67768e-01, 6.77570e-01, 4.09496e-01, 3.25340e-01, 1.61314e-01, 1.03747e+00]
291000 [2.25552e+00, 1.68757e-01, 6.82261e-01, 4.12105e-01, 3.30794e-01, 1.62514e-01, 1.04485e+00]
291500 [2.25326e+00, 1.68233e-01, 6.81759e-01, 4.10874e-01, 3.30194e-01, 1.61951e-01, 1.04514e+00]
292000 [2.25001e+00, 1.68118e-01, 6.81216e-01, 4.10283e-01, 3.29633e-01, 1.61803e-01, 1.04609e+00]
292500 [2.24854e+00, 1.67881e-01, 6.80465e-01, 4.10208e-01, 3.29097e-01, 1.61530e-01, 1.04529e+00]
293000 [2.24837e+00, 1.67873e-01, 6.80041e-01, 4.10022e-01, 3.28772e-01, 1.61586e-01, 1.04298e+00]
293500 [2.24802e+00, 1.67903e-01, 6.79620e-01, 4.09702e-01, 3.28498e-01, 1.61584e-01, 1.03864e+00]
294000 [2.23834e+00, 1.70250e-01, 6.79025e-01, 4.10704e-01, 3.27381e-01, 1.62244e-01, 1.03981e+00]
294500 [2.17656e+00, 1.82956e-01, 6.87534e-01, 4.11251e-01, 3.29159e-01, 1.61038e-01, 1.14218e+00]
295000 [2.20851e+00, 1.96395e-01, 6.95045e-01, 4.32446e-01, 3.29317e-01, 1.68963e-01, 1.07805e+00]
295500 [2.25064e+00, 1.96639e-01, 6.98997e-01, 4.30434e-01, 3.29373e-01, 1.69581e-01, 1.08065e+00]
296000 [2.30364e+00, 1.95011e-01, 7.03352e-01, 4.40112e-01, 3.29570e-01, 1.70587e-01, 1.09477e+00]
296500 [2.38066e+00, 1.97478e-01, 7.06134e-01, 4.57260e-01, 3.29050e-01, 1.79561e-01, 1.07697e+00]
297000 [2.47715e+00, 1.94318e-01, 7.08050e-01, 4.66927e-01, 3.28320e-01, 1.80532e-01, 1.09254e+00]
297500 [2.54396e+00, 1.91868e-01, 7.07836e-01, 4.75559e-01, 3.27917e-01, 1.83178e-01, 1.10779e+00]
298000 [2.42113e+00, 1.91258e-01, 7.12129e-01, 4.39219e-01, 3.30136e-01, 1.74306e-01, 1.13395e+00]
298500 [2.32785e+00, 1.95132e-01, 7.16252e-01, 4.40810e-01, 3.30589e-01, 1.74500e-01, 1.11575e+00]
299000 [2.33268e+00, 1.96257e-01, 7.18762e-01, 4.45908e-01, 3.30715e-01, 1.75490e-01, 1.11756e+00]
299500 [2.35008e+00, 1.96836e-01, 7.20923e-01, 4.51943e-01, 3.30736e-01, 1.77356e-01, 1.11881e+00]
300000 [2.36520e+00, 1.97417e-01, 7.23014e-01, 4.51682e-01, 3.31373e-01, 1.77655e-01, 1.12114e+00]
300500 [2.38127e+00, 1.97987e-01, 7.24266e-01, 4.53695e-01, 3.30806e-01, 1.78116e-01, 1.11972e+00]
301000 [2.39901e+00, 1.97520e-01, 7.26019e-01, 4.57132e-01, 3.30740e-01, 1.78916e-01, 1.11782e+00]
301500 [2.41504e+00, 1.97663e-01, 7.27605e-01, 4.56289e-01, 3.30810e-01, 1.78661e-01, 1.12167e+00]
302000 [2.41863e+00, 1.97279e-01, 7.29272e-01, 4.58549e-01, 3.32397e-01, 1.79220e-01, 1.11972e+00]
302500 [2.42718e+00, 1.97546e-01, 7.29991e-01, 4.60097e-01, 3.32228e-01, 1.79508e-01, 1.12004e+00]
303000 [2.43933e+00, 1.97700e-01, 7.31005e-01, 4.58325e-01, 3.31989e-01, 1.79219e-01, 1.12082e+00]
303500 [2.45720e+00, 1.97649e-01, 7.31269e-01, 4.63687e-01, 3.31887e-01, 1.80837e-01, 1.12106e+00]
304000 [2.47026e+00, 1.98451e-01, 7.33028e-01, 4.65253e-01, 3.32967e-01, 1.81212e-01, 1.12320e+00]
304500 [2.47975e+00, 1.82322e-01, 7.32972e-01, 4.47778e-01, 3.33176e-01, 1.76292e-01, 1.12946e+00]
305000 [2.43094e+00, 1.76540e-01, 7.30969e-01, 4.34479e-01, 3.32894e-01, 1.71419e-01, 1.12343e+00]
305500 [2.38126e+00, 1.73896e-01, 7.27595e-01, 4.28593e-01, 3.32865e-01, 1.68985e-01, 1.11798e+00]
306000 [2.34926e+00, 1.72348e-01, 7.23684e-01, 4.24925e-01, 3.32918e-01, 1.67601e-01, 1.11428e+00]
306500 [2.32968e+00, 1.71234e-01, 7.19702e-01, 4.23075e-01, 3.32914e-01, 1.66695e-01, 1.11171e+00]
307000 [2.31734e+00, 1.70455e-01, 7.15925e-01, 4.21576e-01, 3.33012e-01, 1.66138e-01, 1.10986e+00]
307500 [2.30929e+00, 1.69665e-01, 7.12211e-01, 4.20664e-01, 3.32993e-01, 1.65708e-01, 1.10920e+00]
308000 [2.30807e+00, 1.71452e-01, 7.09009e-01, 4.34988e-01, 3.33078e-01, 1.73034e-01, 1.11861e+00]
308500 [2.29817e+00, 1.71073e-01, 7.07238e-01, 4.17205e-01, 3.33191e-01, 1.64432e-01, 1.11490e+00]
309000 [2.28480e+00, 1.70205e-01, 7.04922e-01, 4.15337e-01, 3.33095e-01, 1.63678e-01, 1.11584e+00]
309500 [2.27697e+00, 1.69778e-01, 7.02625e-01, 4.14456e-01, 3.33019e-01, 1.63317e-01, 1.12001e+00]
310000 [2.27386e+00, 1.69397e-01, 7.00517e-01, 4.14169e-01, 3.32973e-01, 1.63262e-01, 1.12707e+00]
310500 [2.26994e+00, 1.69440e-01, 6.98471e-01, 4.14017e-01, 3.32776e-01, 1.63156e-01, 1.13279e+00]
311000 [2.26971e+00, 1.69627e-01, 6.96603e-01, 4.15560e-01, 3.32654e-01, 1.62852e-01, 1.14292e+00]
311500 [2.25661e+00, 1.71255e-01, 6.96733e-01, 4.08199e-01, 3.32903e-01, 1.60843e-01, 1.14623e+00]
312000 [2.25758e+00, 1.69933e-01, 6.96092e-01, 4.14735e-01, 3.33022e-01, 1.63316e-01, 1.12872e+00]
312500 [2.26218e+00, 1.69498e-01, 6.94711e-01, 4.13962e-01, 3.32944e-01, 1.62525e-01, 1.12581e+00]
313000 [2.27015e+00, 1.69403e-01, 6.94514e-01, 4.14014e-01, 3.33558e-01, 1.63179e-01, 1.13247e+00]
313500 [2.27648e+00, 1.68608e-01, 6.92776e-01, 4.18380e-01, 3.33047e-01, 1.64795e-01, 1.13489e+00]
314000 [2.29148e+00, 1.67303e-01, 6.91235e-01, 4.19879e-01, 3.33016e-01, 1.65124e-01, 1.14179e+00]
314500 [2.28952e+00, 1.67603e-01, 6.89860e-01, 4.19850e-01, 3.32690e-01, 1.65367e-01, 1.13964e+00]
315000 [2.29550e+00, 1.67140e-01, 6.88423e-01, 4.20550e-01, 3.32689e-01, 1.65558e-01, 1.14376e+00]
315500 [2.29752e+00, 1.67071e-01, 6.87213e-01, 4.21142e-01, 3.32551e-01, 1.65812e-01, 1.15068e+00]
316000 [2.30011e+00, 1.67034e-01, 6.85894e-01, 4.20852e-01, 3.32302e-01, 1.65869e-01, 1.16204e+00]
316500 [2.29757e+00, 1.67166e-01, 6.85151e-01, 4.21047e-01, 3.32204e-01, 1.66021e-01, 1.16301e+00]
317000 [2.29831e+00, 1.66834e-01, 6.84092e-01, 4.21176e-01, 3.32158e-01, 1.66180e-01, 1.17180e+00]
317500 [2.29658e+00, 1.66902e-01, 6.83070e-01, 4.21234e-01, 3.32056e-01, 1.66365e-01, 1.17872e+00]
318000 [2.29582e+00, 1.66574e-01, 6.82039e-01, 4.21081e-01, 3.31867e-01, 1.66199e-01, 1.18330e+00]
318500 [2.29688e+00, 1.66813e-01, 6.81413e-01, 4.21336e-01, 3.31656e-01, 1.66338e-01, 1.18035e+00]
319000 [2.29579e+00, 1.66676e-01, 6.80965e-01, 4.21406e-01, 3.31568e-01, 1.66403e-01, 1.18146e+00]
319500 [2.29520e+00, 1.68259e-01, 6.80896e-01, 4.21566e-01, 3.31285e-01, 1.65983e-01, 1.17941e+00]
320000 [2.29635e+00, 1.66656e-01, 6.80478e-01, 4.20599e-01, 3.31105e-01, 1.66060e-01, 1.17744e+00]
320500 [2.29537e+00, 1.66563e-01, 6.79815e-01, 4.20909e-01, 3.30996e-01, 1.66257e-01, 1.17788e+00]
321000 [2.29115e+00, 1.66171e-01, 6.78870e-01, 4.20292e-01, 3.30567e-01, 1.66159e-01, 1.17781e+00]
321500 [2.28786e+00, 1.67066e-01, 6.78871e-01, 4.21122e-01, 3.30715e-01, 1.66352e-01, 1.16394e+00]
322000 [2.28879e+00, 1.66481e-01, 6.78482e-01, 4.20416e-01, 3.30274e-01, 1.66145e-01, 1.17053e+00]
322500 [2.28375e+00, 1.68091e-01, 6.79776e-01, 4.19471e-01, 3.30614e-01, 1.64905e-01, 1.17374e+00]
323000 [2.29010e+00, 1.66508e-01, 6.79105e-01, 4.16670e-01, 3.29975e-01, 1.64771e-01, 1.17624e+00]
323500 [2.29069e+00, 1.66177e-01, 6.78677e-01, 4.20238e-01, 3.29794e-01, 1.65684e-01, 1.17601e+00]
324000 [2.28995e+00, 1.66009e-01, 6.77805e-01, 4.20170e-01, 3.29418e-01, 1.66033e-01, 1.17771e+00]
324500 [2.28805e+00, 1.67263e-01, 6.78244e-01, 4.19993e-01, 3.30073e-01, 1.65318e-01, 1.18708e+00]
325000 [2.30686e+00, 1.66758e-01, 6.77483e-01, 4.18119e-01, 3.29187e-01, 1.65109e-01, 1.19350e+00]
325500 [2.28213e+00, 1.69022e-01, 6.78737e-01, 4.17549e-01, 3.29600e-01, 1.64620e-01, 1.19961e+00]
326000 [2.29156e+00, 1.68543e-01, 6.79451e-01, 4.21134e-01, 3.29193e-01, 1.65728e-01, 1.20481e+00]
326500 [2.30015e+00, 1.68530e-01, 6.80251e-01, 4.21110e-01, 3.29208e-01, 1.65364e-01, 1.20671e+00]
327000 [2.28685e+00, 1.70542e-01, 6.81757e-01, 4.17009e-01, 3.29655e-01, 1.64247e-01, 1.20224e+00]
327500 [2.28081e+00, 1.69243e-01, 6.81985e-01, 4.15506e-01, 3.29353e-01, 1.63849e-01, 1.18642e+00]
328000 [2.26483e+00, 1.73138e-01, 6.84929e-01, 4.14455e-01, 3.29439e-01, 1.63669e-01, 1.20065e+00]
328500 [2.25877e+00, 1.76248e-01, 6.89681e-01, 4.09707e-01, 3.32519e-01, 1.61859e-01, 1.18674e+00]
329000 [2.22866e+00, 1.74558e-01, 6.89833e-01, 4.05539e-01, 3.31995e-01, 1.60233e-01, 1.18572e+00]
329500 [2.20598e+00, 1.73699e-01, 6.89691e-01, 4.03545e-01, 3.31882e-01, 1.59436e-01, 1.18550e+00]
330000 [2.19337e+00, 1.73158e-01, 6.89248e-01, 4.02356e-01, 3.31727e-01, 1.58955e-01, 1.18545e+00]
330500 [2.20140e+00, 1.74286e-01, 6.87677e-01, 4.14765e-01, 3.30819e-01, 1.63165e-01, 1.20283e+00]
331000 [2.20182e+00, 1.73488e-01, 6.87514e-01, 4.03053e-01, 3.30469e-01, 1.59255e-01, 1.20570e+00]
331500 [2.18927e+00, 1.72828e-01, 6.87380e-01, 4.01531e-01, 3.30482e-01, 1.58631e-01, 1.20246e+00]
332000 [2.18225e+00, 1.72526e-01, 6.87020e-01, 4.00861e-01, 3.30444e-01, 1.58355e-01, 1.19961e+00]
332500 [2.17862e+00, 1.72368e-01, 6.86625e-01, 4.00511e-01, 3.30460e-01, 1.58211e-01, 1.19702e+00]
333000 [2.17672e+00, 1.72276e-01, 6.86140e-01, 4.00304e-01, 3.30373e-01, 1.58127e-01, 1.19587e+00]
333500 [2.17581e+00, 1.72233e-01, 6.85592e-01, 4.00186e-01, 3.30174e-01, 1.58089e-01, 1.19706e+00]
334000 [2.17559e+00, 1.72218e-01, 6.85092e-01, 4.00140e-01, 3.29977e-01, 1.58077e-01, 1.19966e+00]
334500 [2.17556e+00, 1.72247e-01, 6.84736e-01, 4.00273e-01, 3.29919e-01, 1.58077e-01, 1.20227e+00]
335000 [2.17528e+00, 1.72189e-01, 6.84319e-01, 4.00092e-01, 3.29653e-01, 1.58053e-01, 1.20236e+00]
335500 [2.17482e+00, 1.72244e-01, 6.84101e-01, 4.00222e-01, 3.29588e-01, 1.57997e-01, 1.20118e+00]
336000 [2.17453e+00, 1.72138e-01, 6.83795e-01, 3.99974e-01, 3.29320e-01, 1.58008e-01, 1.19999e+00]
336500 [2.17429e+00, 1.72157e-01, 6.83579e-01, 4.00019e-01, 3.29117e-01, 1.58020e-01, 1.19937e+00]
337000 [2.17417e+00, 1.72115e-01, 6.83416e-01, 3.99954e-01, 3.28991e-01, 1.57992e-01, 1.19798e+00]
337500 [2.17405e+00, 1.72086e-01, 6.83216e-01, 3.99856e-01, 3.28743e-01, 1.57957e-01, 1.19749e+00]
338000 [2.17395e+00, 1.72073e-01, 6.83079e-01, 3.99823e-01, 3.28566e-01, 1.57946e-01, 1.19670e+00]
338500 [2.17455e+00, 1.72117e-01, 6.82950e-01, 3.99922e-01, 3.28384e-01, 1.57990e-01, 1.19707e+00]
339000 [2.17417e+00, 1.72101e-01, 6.82841e-01, 3.99887e-01, 3.28220e-01, 1.57980e-01, 1.19607e+00]
339500 [2.17383e+00, 1.72049e-01, 6.82658e-01, 3.99764e-01, 3.27936e-01, 1.57925e-01, 1.19542e+00]
340000 [2.17415e+00, 1.72203e-01, 6.82732e-01, 3.99797e-01, 3.27872e-01, 1.58043e-01, 1.19608e+00]
340500 [2.17428e+00, 1.72205e-01, 6.82575e-01, 3.99928e-01, 3.27654e-01, 1.58059e-01, 1.19241e+00]
341000 [2.17531e+00, 1.72165e-01, 6.82390e-01, 4.00011e-01, 3.27423e-01, 1.58042e-01, 1.19386e+00]
341500 [2.17822e+00, 1.72287e-01, 6.82455e-01, 4.00306e-01, 3.27959e-01, 1.58141e-01, 1.20797e+00]
342000 [2.17500e+00, 1.72097e-01, 6.82154e-01, 3.99760e-01, 3.27384e-01, 1.57925e-01, 1.20781e+00]
342500 [2.17504e+00, 1.72402e-01, 6.82711e-01, 4.00673e-01, 3.27408e-01, 1.58269e-01, 1.20597e+00]
343000 [2.17476e+00, 1.72083e-01, 6.82534e-01, 3.99856e-01, 3.27164e-01, 1.57957e-01, 1.20553e+00]
343500 [2.17395e+00, 1.72153e-01, 6.82424e-01, 3.99995e-01, 3.27113e-01, 1.57934e-01, 1.20478e+00]
344000 [2.17391e+00, 1.72020e-01, 6.82198e-01, 3.99699e-01, 3.26798e-01, 1.57899e-01, 1.20477e+00]
344500 [2.18516e+00, 1.74538e-01, 6.84640e-01, 4.05859e-01, 3.29650e-01, 1.60494e-01, 1.20562e+00]
345000 [2.20448e+00, 1.70864e-01, 6.85348e-01, 4.09915e-01, 3.29392e-01, 1.61920e-01, 1.19464e+00]
345500 [2.23367e+00, 1.69067e-01, 6.85146e-01, 4.10575e-01, 3.28882e-01, 1.62144e-01, 1.18593e+00]
346000 [2.24936e+00, 1.68557e-01, 6.84537e-01, 4.12163e-01, 3.28139e-01, 1.62473e-01, 1.18704e+00]
346500 [2.25323e+00, 1.72680e-01, 6.85791e-01, 4.08447e-01, 3.29015e-01, 1.61543e-01, 1.20206e+00]
347000 [2.26023e+00, 1.69974e-01, 6.85930e-01, 4.15031e-01, 3.28184e-01, 1.62982e-01, 1.20100e+00]
347500 [2.26383e+00, 1.69635e-01, 6.85818e-01, 4.13990e-01, 3.27691e-01, 1.62918e-01, 1.20005e+00]
348000 [2.26164e+00, 1.69154e-01, 6.85223e-01, 4.12953e-01, 3.27342e-01, 1.62566e-01, 1.20025e+00]
348500 [2.25848e+00, 1.68848e-01, 6.84397e-01, 4.11798e-01, 3.27033e-01, 1.62338e-01, 1.20131e+00]
349000 [2.25792e+00, 1.68739e-01, 6.83552e-01, 4.13051e-01, 3.27078e-01, 1.63110e-01, 1.20506e+00]
349500 [2.25392e+00, 1.68363e-01, 6.83041e-01, 4.11949e-01, 3.26730e-01, 1.62000e-01, 1.20673e+00]
350000 [2.25167e+00, 1.68353e-01, 6.82266e-01, 4.10788e-01, 3.26368e-01, 1.61889e-01, 1.20596e+00]
350500 [2.24968e+00, 1.68334e-01, 6.81702e-01, 4.11336e-01, 3.26178e-01, 1.61804e-01, 1.21259e+00]
351000 [2.24924e+00, 1.68163e-01, 6.81116e-01, 4.10874e-01, 3.25893e-01, 1.61853e-01, 1.21169e+00]
351500 [2.24853e+00, 1.68215e-01, 6.80491e-01, 4.10492e-01, 3.25493e-01, 1.61741e-01, 1.21189e+00]
352000 [2.24845e+00, 1.68270e-01, 6.80183e-01, 4.10757e-01, 3.25241e-01, 1.61733e-01, 1.21269e+00]
352500 [2.24825e+00, 1.67991e-01, 6.79712e-01, 4.10295e-01, 3.24797e-01, 1.61642e-01, 1.21609e+00]
353000 [2.24868e+00, 1.68129e-01, 6.79401e-01, 4.10316e-01, 3.24551e-01, 1.61691e-01, 1.23072e+00]
353500 [2.25072e+00, 1.68665e-01, 6.79375e-01, 4.09867e-01, 3.24336e-01, 1.61748e-01, 1.24213e+00]
354000 [2.25012e+00, 1.68222e-01, 6.79385e-01, 4.10762e-01, 3.24098e-01, 1.61857e-01, 1.25820e+00]
354500 [2.25312e+00, 1.68078e-01, 6.79066e-01, 4.09993e-01, 3.23896e-01, 1.61589e-01, 1.26887e+00]
355000 [2.24791e+00, 1.67842e-01, 6.78611e-01, 4.09549e-01, 3.23671e-01, 1.61314e-01, 1.27749e+00]
355500 [2.24583e+00, 1.67706e-01, 6.78053e-01, 4.09538e-01, 3.23349e-01, 1.61364e-01, 1.28648e+00]
356000 [2.24845e+00, 1.67855e-01, 6.77994e-01, 4.09772e-01, 3.23379e-01, 1.61393e-01, 1.29269e+00]
356500 [2.24481e+00, 1.67620e-01, 6.77330e-01, 4.09562e-01, 3.23085e-01, 1.61222e-01, 1.30529e+00]
357000 [2.24449e+00, 1.67976e-01, 6.77248e-01, 4.08778e-01, 3.22887e-01, 1.61119e-01, 1.31489e+00]
357500 [2.24524e+00, 1.67796e-01, 6.77352e-01, 4.10067e-01, 3.22669e-01, 1.61510e-01, 1.32191e+00]
358000 [2.24551e+00, 1.67918e-01, 6.77468e-01, 4.10429e-01, 3.22632e-01, 1.61586e-01, 1.32415e+00]
358500 [2.24469e+00, 1.67567e-01, 6.77016e-01, 4.09146e-01, 3.22212e-01, 1.61264e-01, 1.31764e+00]
359000 [2.23274e+00, 1.69080e-01, 6.78939e-01, 4.11545e-01, 3.23439e-01, 1.61485e-01, 1.32182e+00]
359500 [2.23833e+00, 1.68169e-01, 6.78984e-01, 4.10021e-01, 3.22882e-01, 1.61187e-01, 1.32419e+00]
360000 [2.24158e+00, 1.68140e-01, 6.78918e-01, 4.09856e-01, 3.22609e-01, 1.61331e-01, 1.32556e+00]
360500 [2.24307e+00, 1.68012e-01, 6.78683e-01, 4.09675e-01, 3.22160e-01, 1.61287e-01, 1.32597e+00]
361000 [2.24362e+00, 1.68087e-01, 6.78678e-01, 4.09758e-01, 3.22052e-01, 1.61434e-01, 1.32644e+00]
361500 [2.24346e+00, 1.68014e-01, 6.78498e-01, 4.09675e-01, 3.21717e-01, 1.61393e-01, 1.32671e+00]
362000 [2.24331e+00, 1.68007e-01, 6.78411e-01, 4.09715e-01, 3.21549e-01, 1.61421e-01, 1.32685e+00]
362500 [2.24309e+00, 1.68024e-01, 6.78252e-01, 4.09742e-01, 3.21344e-01, 1.61471e-01, 1.32731e+00]
363000 [2.24294e+00, 1.67963e-01, 6.78027e-01, 4.09660e-01, 3.21092e-01, 1.61438e-01, 1.32768e+00]
363500 [2.24281e+00, 1.67938e-01, 6.77865e-01, 4.09606e-01, 3.20890e-01, 1.61408e-01, 1.32861e+00]
364000 [2.24265e+00, 1.67818e-01, 6.77666e-01, 4.09572e-01, 3.20693e-01, 1.61399e-01, 1.33017e+00]
364500 [2.24231e+00, 1.67821e-01, 6.77425e-01, 4.09519e-01, 3.20519e-01, 1.61403e-01, 1.33305e+00]
365000 [2.24220e+00, 1.67809e-01, 6.77322e-01, 4.09534e-01, 3.20353e-01, 1.61407e-01, 1.33464e+00]
365500 [2.24176e+00, 1.67788e-01, 6.77082e-01, 4.09341e-01, 3.20101e-01, 1.61392e-01, 1.33786e+00]
366000 [2.25572e+00, 1.68858e-01, 6.78932e-01, 4.11333e-01, 3.20577e-01, 1.62173e-01, 1.34261e+00]
366500 [2.22404e+00, 1.71041e-01, 6.80385e-01, 4.05228e-01, 3.20625e-01, 1.60030e-01, 1.33562e+00]
367000 [2.24502e+00, 1.68349e-01, 6.81166e-01, 4.10055e-01, 3.21435e-01, 1.61786e-01, 1.33464e+00]
367500 [2.24198e+00, 1.69318e-01, 6.80679e-01, 4.03659e-01, 3.21018e-01, 1.59411e-01, 1.33134e+00]
368000 [2.25470e+00, 1.69084e-01, 6.80872e-01, 4.12197e-01, 3.20281e-01, 1.62718e-01, 1.33969e+00]
368500 [2.25341e+00, 1.68416e-01, 6.80739e-01, 4.10510e-01, 3.19945e-01, 1.61565e-01, 1.34312e+00]
369000 [2.24915e+00, 1.68291e-01, 6.80343e-01, 4.09970e-01, 3.19917e-01, 1.61492e-01, 1.34541e+00]
369500 [2.24889e+00, 1.68070e-01, 6.80471e-01, 4.10551e-01, 3.19763e-01, 1.61746e-01, 1.35023e+00]
370000 [2.24616e+00, 1.67788e-01, 6.79516e-01, 4.09788e-01, 3.19481e-01, 1.61577e-01, 1.34246e+00]
370500 [2.24380e+00, 1.67503e-01, 6.78666e-01, 4.09136e-01, 3.19545e-01, 1.61287e-01, 1.33418e+00]
371000 [2.24220e+00, 1.67432e-01, 6.77702e-01, 4.09015e-01, 3.19164e-01, 1.61227e-01, 1.33095e+00]
371500 [2.24186e+00, 1.67399e-01, 6.76981e-01, 4.08975e-01, 3.18929e-01, 1.61152e-01, 1.32791e+00]
372000 [2.24221e+00, 1.67442e-01, 6.76450e-01, 4.09143e-01, 3.18659e-01, 1.61411e-01, 1.33068e+00]
372500 [2.24383e+00, 1.67437e-01, 6.77183e-01, 4.08946e-01, 3.19489e-01, 1.61000e-01, 1.33401e+00]
373000 [2.24118e+00, 1.67328e-01, 6.76644e-01, 4.09694e-01, 3.18970e-01, 1.61783e-01, 1.34554e+00]
373500 [2.24436e+00, 1.67468e-01, 6.76493e-01, 4.08954e-01, 3.18841e-01, 1.60986e-01, 1.35254e+00]
374000 [2.24155e+00, 1.67583e-01, 6.76142e-01, 4.08903e-01, 3.18450e-01, 1.61343e-01, 1.35773e+00]
374500 [2.24136e+00, 1.67573e-01, 6.75894e-01, 4.08676e-01, 3.18153e-01, 1.61079e-01, 1.36064e+00]
375000 [2.24178e+00, 1.67630e-01, 6.75906e-01, 4.08550e-01, 3.18023e-01, 1.61310e-01, 1.37066e+00]
375500 [2.24172e+00, 1.67524e-01, 6.75778e-01, 4.08848e-01, 3.17868e-01, 1.60964e-01, 1.37187e+00]
376000 [2.24099e+00, 1.67360e-01, 6.75481e-01, 4.08710e-01, 3.17641e-01, 1.60996e-01, 1.37370e+00]
376500 [2.24025e+00, 1.67210e-01, 6.75135e-01, 4.08407e-01, 3.17337e-01, 1.60981e-01, 1.37364e+00]
377000 [2.23885e+00, 1.67228e-01, 6.75066e-01, 4.08506e-01, 3.17171e-01, 1.61011e-01, 1.36611e+00]
377500 [2.23706e+00, 1.68024e-01, 6.75608e-01, 4.10022e-01, 3.17498e-01, 1.61793e-01, 1.39501e+00]
378000 [2.24149e+00, 1.67372e-01, 6.75622e-01, 4.08746e-01, 3.17449e-01, 1.60982e-01, 1.39711e+00]
378500 [2.23866e+00, 1.67138e-01, 6.75142e-01, 4.08300e-01, 3.16985e-01, 1.60862e-01, 1.39705e+00]
379000 [2.23783e+00, 1.67124e-01, 6.74878e-01, 4.08204e-01, 3.16832e-01, 1.60842e-01, 1.39267e+00]
379500 [2.23797e+00, 1.67126e-01, 6.74680e-01, 4.08194e-01, 3.16638e-01, 1.60882e-01, 1.39148e+00]
380000 [2.23880e+00, 1.67502e-01, 6.74805e-01, 4.09334e-01, 3.16512e-01, 1.61178e-01, 1.40077e+00]
380500 [2.23973e+00, 1.67289e-01, 6.74989e-01, 4.08380e-01, 3.16276e-01, 1.61008e-01, 1.40281e+00]
381000 [2.23925e+00, 1.67167e-01, 6.74770e-01, 4.08587e-01, 3.16113e-01, 1.61035e-01, 1.40470e+00]
381500 [2.23861e+00, 1.67182e-01, 6.74540e-01, 4.08128e-01, 3.16017e-01, 1.60778e-01, 1.40602e+00]
382000 [2.23840e+00, 1.67123e-01, 6.74306e-01, 4.07713e-01, 3.15878e-01, 1.60848e-01, 1.40779e+00]
382500 [2.23786e+00, 1.67016e-01, 6.74020e-01, 4.07986e-01, 3.15626e-01, 1.60795e-01, 1.40889e+00]
383000 [2.23723e+00, 1.67036e-01, 6.73850e-01, 4.08063e-01, 3.15544e-01, 1.60797e-01, 1.40978e+00]
383500 [2.23684e+00, 1.66946e-01, 6.73578e-01, 4.07950e-01, 3.15339e-01, 1.60775e-01, 1.41219e+00]
384000 [2.23652e+00, 1.66921e-01, 6.73421e-01, 4.07827e-01, 3.15146e-01, 1.60730e-01, 1.41399e+00]
384500 [2.23687e+00, 1.66987e-01, 6.73335e-01, 4.07870e-01, 3.15034e-01, 1.60778e-01, 1.41744e+00]
385000 [2.23588e+00, 1.67166e-01, 6.73162e-01, 4.09232e-01, 3.14822e-01, 1.60912e-01, 1.41821e+00]
385500 [2.23956e+00, 1.67821e-01, 6.73832e-01, 4.08626e-01, 3.14814e-01, 1.61072e-01, 1.43874e+00]
386000 [2.24353e+00, 1.67990e-01, 6.74185e-01, 4.09475e-01, 3.14678e-01, 1.61361e-01, 1.43872e+00]
386500 [2.24182e+00, 1.67664e-01, 6.74499e-01, 4.08953e-01, 3.14478e-01, 1.61153e-01, 1.43394e+00]
387000 [2.22766e+00, 1.69058e-01, 6.70133e-01, 4.00291e-01, 3.14675e-01, 1.55104e-01, 1.43554e+00]
387500 [2.21406e+00, 1.69264e-01, 6.68011e-01, 4.04227e-01, 3.18727e-01, 1.59549e-01, 1.42735e+00]
388000 [2.22436e+00, 1.67550e-01, 6.70810e-01, 4.08468e-01, 3.18065e-01, 1.61089e-01, 1.43126e+00]
388500 [2.22964e+00, 1.67002e-01, 6.71552e-01, 4.07467e-01, 3.17617e-01, 1.60703e-01, 1.43040e+00]
389000 [2.23129e+00, 1.66937e-01, 6.71923e-01, 4.07425e-01, 3.17157e-01, 1.60645e-01, 1.42897e+00]
389500 [2.23262e+00, 1.66922e-01, 6.72229e-01, 4.07721e-01, 3.16911e-01, 1.60663e-01, 1.42774e+00]
390000 [2.23417e+00, 1.67124e-01, 6.72709e-01, 4.07936e-01, 3.17077e-01, 1.60798e-01, 1.42618e+00]
390500 [2.24028e+00, 1.69153e-01, 6.77022e-01, 4.14755e-01, 3.21159e-01, 1.60241e-01, 1.43246e+00]
391000 [2.25036e+00, 1.67853e-01, 6.78298e-01, 4.12219e-01, 3.20839e-01, 1.62655e-01, 1.44367e+00]
391500 [2.25226e+00, 1.67640e-01, 6.78484e-01, 4.11695e-01, 3.20596e-01, 1.62455e-01, 1.44459e+00]
392000 [2.25273e+00, 1.67644e-01, 6.78624e-01, 4.11644e-01, 3.20300e-01, 1.62443e-01, 1.44363e+00]
392500 [2.25299e+00, 1.67671e-01, 6.78657e-01, 4.11741e-01, 3.19943e-01, 1.62484e-01, 1.44230e+00]
393000 [2.25332e+00, 1.67676e-01, 6.78563e-01, 4.11888e-01, 3.19501e-01, 1.62524e-01, 1.44127e+00]
393500 [2.25356e+00, 1.67707e-01, 6.78414e-01, 4.11970e-01, 3.19078e-01, 1.62565e-01, 1.44015e+00]
394000 [2.25406e+00, 1.67740e-01, 6.78388e-01, 4.11736e-01, 3.18794e-01, 1.62531e-01, 1.43845e+00]
394500 [2.25593e+00, 1.67894e-01, 6.78665e-01, 4.12317e-01, 3.18686e-01, 1.62685e-01, 1.43544e+00]
395000 [2.25623e+00, 1.67817e-01, 6.78519e-01, 4.12304e-01, 3.18574e-01, 1.62695e-01, 1.42476e+00]
395500 [2.25753e+00, 1.67651e-01, 6.78705e-01, 4.13950e-01, 3.18487e-01, 1.63173e-01, 1.41648e+00]
396000 [2.27421e+00, 1.70911e-01, 6.82380e-01, 4.17094e-01, 3.21768e-01, 1.64670e-01, 1.43012e+00]
396500 [2.27226e+00, 1.69066e-01, 6.82344e-01, 4.12828e-01, 3.21537e-01, 1.62783e-01, 1.43097e+00]
397000 [2.26238e+00, 1.68488e-01, 6.82116e-01, 4.11471e-01, 3.21407e-01, 1.62252e-01, 1.43330e+00]
397500 [2.25421e+00, 1.68154e-01, 6.81768e-01, 4.10733e-01, 3.21271e-01, 1.61908e-01, 1.43778e+00]
398000 [2.24942e+00, 1.67921e-01, 6.81313e-01, 4.10327e-01, 3.21173e-01, 1.61708e-01, 1.44460e+00]
398500 [2.24676e+00, 1.67713e-01, 6.80882e-01, 4.10013e-01, 3.21177e-01, 1.61752e-01, 1.45348e+00]
399000 [2.24542e+00, 1.67672e-01, 6.80315e-01, 4.09522e-01, 3.21109e-01, 1.61541e-01, 1.46133e+00]
399500 [2.24477e+00, 1.67612e-01, 6.79707e-01, 4.09446e-01, 3.20994e-01, 1.61384e-01, 1.46937e+00]
400000 [2.24478e+00, 1.67559e-01, 6.79340e-01, 4.09280e-01, 3.20939e-01, 1.61399e-01, 1.47853e+00]
