0 [2.52000e+00, 2.16000e-01, 7.74000e-01, 4.87000e-01, 3.62000e-01, 1.90000e-01, 5.70000e-01]
500 [2.50431e+00, 2.17884e-01, 7.74580e-01, 4.70738e-01, 3.62491e-01, 1.88433e-01, 5.70611e-01]
1000 [2.48201e+00, 2.18827e-01, 7.75333e-01, 4.71682e-01, 3.62487e-01, 1.87902e-01, 5.69310e-01]
1500 [2.48297e+00, 2.20469e-01, 7.78370e-01, 4.86586e-01, 3.64216e-01, 1.92388e-01, 5.68658e-01]
2000 [2.47557e+00, 2.20860e-01, 7.78963e-01, 4.79374e-01, 3.64149e-01, 1.90627e-01, 5.67526e-01]
2500 [2.46787e+00, 2.20556e-01, 7.79880e-01, 4.77437e-01, 3.64323e-01, 1.89910e-01, 5.67301e-01]
3000 [2.45975e+00, 2.20135e-01, 7.80910e-01, 4.76138e-01, 3.64611e-01, 1.89395e-01, 5.67844e-01]
3500 [2.45276e+00, 2.19625e-01, 7.81552e-01, 4.75733e-01, 3.64612e-01, 1.89298e-01, 5.68686e-01]
4000 [2.46597e+00, 2.20074e-01, 7.85076e-01, 4.98422e-01, 3.68727e-01, 1.90675e-01, 5.74957e-01]
4500 [2.46225e+00, 2.21308e-01, 7.85627e-01, 4.73687e-01, 3.68611e-01, 1.86692e-01, 5.75053e-01]
5000 [2.45766e+00, 2.20514e-01, 7.85717e-01, 4.75030e-01, 3.68443e-01, 1.87589e-01, 5.75168e-01]
5500 [2.45158e+00, 2.20151e-01, 7.85787e-01, 4.72455e-01, 3.68204e-01, 1.87524e-01, 5.75703e-01]
6000 [2.44476e+00, 2.19079e-01, 7.85677e-01, 4.77966e-01, 3.67860e-01, 1.89066e-01, 5.76510e-01]
6500 [2.43385e+00, 2.19279e-01, 7.85980e-01, 4.75315e-01, 3.67625e-01, 1.88559e-01, 5.74792e-01]
7000 [2.43447e+00, 2.19302e-01, 7.87806e-01, 4.73845e-01, 3.69165e-01, 1.88701e-01, 5.76384e-01]
7500 [2.43141e+00, 2.18783e-01, 7.88054e-01, 4.73307e-01, 3.68940e-01, 1.88639e-01, 5.76263e-01]
8000 [2.42392e+00, 2.18786e-01, 7.88550e-01, 4.79591e-01, 3.68852e-01, 1.89062e-01, 5.72787e-01]
8500 [2.41927e+00, 2.19225e-01, 7.88731e-01, 4.77949e-01, 3.68840e-01, 1.89734e-01, 5.71214e-01]
9000 [2.41586e+00, 2.18891e-01, 7.89168e-01, 4.79168e-01, 3.68937e-01, 1.89916e-01, 5.70499e-01]
9500 [2.41355e+00, 2.18524e-01, 7.89729e-01, 4.79800e-01, 3.69163e-01, 1.89853e-01, 5.70081e-01]
10000 [2.41134e+00, 2.18029e-01, 7.90139e-01, 4.79859e-01, 3.69352e-01, 1.90080e-01, 5.68442e-01]
10500 [2.40854e+00, 2.17715e-01, 7.90634e-01, 4.78583e-01, 3.69615e-01, 1.89836e-01, 5.66826e-01]
11000 [2.40634e+00, 2.17752e-01, 7.91126e-01, 4.73796e-01, 3.69816e-01, 1.88405e-01, 5.66126e-01]
11500 [2.40431e+00, 2.17394e-01, 7.91563e-01, 4.73401e-01, 3.70015e-01, 1.88080e-01, 5.64904e-01]
12000 [2.40043e+00, 2.17031e-01, 7.92002e-01, 4.74211e-01, 3.70259e-01, 1.87552e-01, 5.65164e-01]
12500 [2.39804e+00, 2.16988e-01, 7.92484e-01, 4.73113e-01, 3.70570e-01, 1.87834e-01, 5.65843e-01]
13000 [2.39734e+00, 2.16555e-01, 7.92727e-01, 4.72357e-01, 3.70692e-01, 1.87963e-01, 5.66984e-01]
13500 [2.39730e+00, 2.16580e-01, 7.92993e-01, 4.73162e-01, 3.70913e-01, 1.88299e-01, 5.66780e-01]
14000 [2.39745e+00, 2.16484e-01, 7.93317e-01, 4.75589e-01, 3.71159e-01, 1.88609e-01, 5.67365e-01]
14500 [2.40032e+00, 2.16353e-01, 7.93607e-01, 4.76487e-01, 3.71318e-01, 1.88357e-01, 5.67382e-01]
15000 [2.39961e+00, 2.16855e-01, 7.93966e-01, 4.73599e-01, 3.71578e-01, 1.87939e-01, 5.67084e-01]
15500 [2.40048e+00, 2.17378e-01, 7.94260e-01, 4.75789e-01, 3.71723e-01, 1.88202e-01, 5.66817e-01]
16000 [2.40198e+00, 2.17433e-01, 7.94768e-01, 4.75257e-01, 3.72015e-01, 1.88056e-01, 5.66135e-01]
16500 [2.40355e+00, 2.18026e-01, 7.95622e-01, 4.73292e-01, 3.72944e-01, 1.86593e-01, 5.66116e-01]
17000 [2.41170e+00, 2.16735e-01, 7.95431e-01, 4.77773e-01, 3.72737e-01, 1.88235e-01, 5.68462e-01]
17500 [2.42744e+00, 2.14901e-01, 7.97218e-01, 4.77482e-01, 3.73630e-01, 1.85037e-01, 5.71514e-01]
18000 [2.41949e+00, 2.13562e-01, 7.96889e-01, 4.67641e-01, 3.73316e-01, 1.84997e-01, 5.72024e-01]
18500 [2.40755e+00, 2.12551e-01, 7.96603e-01, 4.67002e-01, 3.73416e-01, 1.84776e-01, 5.72117e-01]
19000 [2.39627e+00, 2.11393e-01, 7.96249e-01, 4.67352e-01, 3.73487e-01, 1.84592e-01, 5.71532e-01]
19500 [2.38441e+00, 2.10763e-01, 7.95878e-01, 4.62424e-01, 3.73643e-01, 1.83166e-01, 5.72400e-01]
20000 [2.37544e+00, 2.09567e-01, 7.95516e-01, 4.64950e-01, 3.73747e-01, 1.83205e-01, 5.73879e-01]
20500 [2.36326e+00, 2.08708e-01, 7.95014e-01, 4.60496e-01, 3.73623e-01, 1.81741e-01, 5.74362e-01]
21000 [2.35325e+00, 2.08131e-01, 7.94374e-01, 4.57842e-01, 3.73765e-01, 1.81143e-01, 5.75320e-01]
21500 [2.34528e+00, 2.07423e-01, 7.93900e-01, 4.59926e-01, 3.73907e-01, 1.79971e-01, 5.77234e-01]
22000 [2.33698e+00, 2.07360e-01, 7.93707e-01, 4.57544e-01, 3.74434e-01, 1.80717e-01, 5.72571e-01]
22500 [2.32818e+00, 2.07223e-01, 7.93111e-01, 4.53160e-01, 3.74322e-01, 1.79909e-01, 5.70280e-01]
23000 [2.33206e+00, 2.07394e-01, 7.93140e-01, 4.59803e-01, 3.75033e-01, 1.80578e-01, 5.69892e-01]
23500 [2.32995e+00, 2.06608e-01, 7.92295e-01, 4.55512e-01, 3.74684e-01, 1.80289e-01, 5.71018e-01]
24000 [2.32352e+00, 2.06458e-01, 7.91523e-01, 4.55209e-01, 3.74606e-01, 1.80029e-01, 5.70196e-01]
24500 [2.32684e+00, 2.05826e-01, 7.91029e-01, 4.54746e-01, 3.74851e-01, 1.79817e-01, 5.71597e-01]
25000 [2.32251e+00, 2.06153e-01, 7.90273e-01, 4.53784e-01, 3.74801e-01, 1.79684e-01, 5.72048e-01]
25500 [2.31166e+00, 2.06987e-01, 7.89993e-01, 4.51730e-01, 3.75233e-01, 1.78567e-01, 5.68538e-01]
26000 [2.31094e+00, 2.06065e-01, 7.89180e-01, 4.50055e-01, 3.75163e-01, 1.78441e-01, 5.70935e-01]
26500 [2.30830e+00, 2.06121e-01, 7.88744e-01, 4.52562e-01, 3.75361e-01, 1.78885e-01, 5.70356e-01]
27000 [2.30817e+00, 2.06229e-01, 7.88006e-01, 4.53605e-01, 3.75249e-01, 1.79222e-01, 5.71549e-01]
27500 [2.30933e+00, 2.06535e-01, 7.87419e-01, 4.54811e-01, 3.75355e-01, 1.79792e-01, 5.73072e-01]
28000 [2.31248e+00, 2.06792e-01, 7.86822e-01, 4.56091e-01, 3.75408e-01, 1.80313e-01, 5.74817e-01]
28500 [2.31305e+00, 2.07393e-01, 7.87695e-01, 4.54855e-01, 3.77151e-01, 1.80513e-01, 5.74796e-01]
29000 [2.31414e+00, 2.07546e-01, 7.86718e-01, 4.66520e-01, 3.76858e-01, 1.82537e-01, 5.77281e-01]
29500 [2.31459e+00, 2.08057e-01, 7.86750e-01, 4.57089e-01, 3.76416e-01, 1.80699e-01, 5.71524e-01]
30000 [2.31678e+00, 2.07552e-01, 7.86059e-01, 4.55392e-01, 3.76242e-01, 1.79867e-01, 5.69935e-01]
30500 [2.31829e+00, 2.06789e-01, 7.85340e-01, 4.54448e-01, 3.76114e-01, 1.79336e-01, 5.69198e-01]
31000 [2.33422e+00, 2.05867e-01, 7.84528e-01, 4.56932e-01, 3.76556e-01, 1.81161e-01, 5.73293e-01]
31500 [2.32857e+00, 2.05846e-01, 7.83884e-01, 4.54203e-01, 3.76296e-01, 1.79611e-01, 5.69962e-01]
32000 [2.32480e+00, 2.05162e-01, 7.83144e-01, 4.53930e-01, 3.76153e-01, 1.79210e-01, 5.67667e-01]
32500 [2.32030e+00, 2.04742e-01, 7.82485e-01, 4.53250e-01, 3.76168e-01, 1.78856e-01, 5.65022e-01]
33000 [2.31844e+00, 2.06318e-01, 7.83332e-01, 4.50299e-01, 3.76869e-01, 1.77243e-01, 5.62909e-01]
33500 [2.32586e+00, 2.04592e-01, 7.81977e-01, 4.55070e-01, 3.76523e-01, 1.79483e-01, 5.61598e-01]
34000 [2.32234e+00, 2.03655e-01, 7.81127e-01, 4.52328e-01, 3.76520e-01, 1.78596e-01, 5.57022e-01]
34500 [2.31373e+00, 2.02979e-01, 7.80221e-01, 4.48613e-01, 3.76384e-01, 1.76978e-01, 5.54542e-01]
35000 [2.30961e+00, 2.01309e-01, 7.79136e-01, 4.49885e-01, 3.76652e-01, 1.76966e-01, 5.52097e-01]
35500 [2.30403e+00, 2.01962e-01, 7.79046e-01, 4.46547e-01, 3.76729e-01, 1.75811e-01, 5.51399e-01]
36000 [2.29793e+00, 2.01724e-01, 7.78096e-01, 4.46109e-01, 3.76642e-01, 1.75811e-01, 5.52440e-01]
36500 [2.29148e+00, 2.01504e-01, 7.77239e-01, 4.45665e-01, 3.76587e-01, 1.75723e-01, 5.53318e-01]
37000 [2.28434e+00, 2.01242e-01, 7.76345e-01, 4.45217e-01, 3.76428e-01, 1.75543e-01, 5.54417e-01]
37500 [2.27730e+00, 2.00258e-01, 7.75109e-01, 4.49164e-01, 3.76406e-01, 1.73655e-01, 5.57056e-01]
38000 [2.28588e+00, 2.02642e-01, 7.75369e-01, 4.41086e-01, 3.77122e-01, 1.74762e-01, 5.53765e-01]
38500 [2.28520e+00, 2.03397e-01, 7.75318e-01, 4.40579e-01, 3.76920e-01, 1.73710e-01, 5.51298e-01]
39000 [2.28598e+00, 2.02028e-01, 7.74581e-01, 4.42887e-01, 3.76910e-01, 1.75099e-01, 5.52755e-01]
39500 [2.29542e+00, 2.01369e-01, 7.73765e-01, 4.48761e-01, 3.77783e-01, 1.76264e-01, 5.58372e-01]
40000 [2.29138e+00, 1.99577e-01, 7.74545e-01, 4.45891e-01, 3.78118e-01, 1.76044e-01, 5.55235e-01]
40500 [2.29710e+00, 2.00211e-01, 7.73985e-01, 4.43447e-01, 3.77706e-01, 1.74802e-01, 5.58690e-01]
41000 [2.29494e+00, 2.00079e-01, 7.72778e-01, 4.43456e-01, 3.77366e-01, 1.75221e-01, 5.59703e-01]
41500 [2.29306e+00, 1.99665e-01, 7.71644e-01, 4.43979e-01, 3.77123e-01, 1.74910e-01, 5.58664e-01]
42000 [2.29360e+00, 1.99297e-01, 7.70614e-01, 4.43896e-01, 3.77023e-01, 1.74799e-01, 5.57483e-01]
42500 [2.32832e+00, 1.92011e-01, 7.70815e-01, 4.66626e-01, 3.78374e-01, 1.82331e-01, 5.60508e-01]
43000 [2.36301e+00, 1.88638e-01, 7.70176e-01, 4.56897e-01, 3.78077e-01, 1.80610e-01, 5.59923e-01]
43500 [2.38018e+00, 1.86780e-01, 7.69333e-01, 4.46869e-01, 3.78115e-01, 1.77508e-01, 5.61354e-01]
44000 [2.38754e+00, 1.84817e-01, 7.68360e-01, 4.43235e-01, 3.78142e-01, 1.75605e-01, 5.64112e-01]
44500 [2.38951e+00, 1.83557e-01, 7.67372e-01, 4.41219e-01, 3.78329e-01, 1.74473e-01, 5.65074e-01]
45000 [2.38700e+00, 1.82419e-01, 7.66343e-01, 4.40020e-01, 3.78425e-01, 1.73885e-01, 5.65190e-01]
45500 [2.38300e+00, 1.81618e-01, 7.65285e-01, 4.38731e-01, 3.78515e-01, 1.73432e-01, 5.65586e-01]
46000 [2.37720e+00, 1.81033e-01, 7.64240e-01, 4.37734e-01, 3.78559e-01, 1.73095e-01, 5.66314e-01]
46500 [2.37069e+00, 1.80472e-01, 7.63127e-01, 4.36952e-01, 3.78576e-01, 1.72789e-01, 5.67017e-01]
47000 [2.36667e+00, 1.80589e-01, 7.59533e-01, 4.44683e-01, 3.80072e-01, 1.73065e-01, 5.69365e-01]
47500 [2.36156e+00, 1.82043e-01, 7.62410e-01, 4.31712e-01, 3.81817e-01, 1.70806e-01, 5.68297e-01]
48000 [2.36168e+00, 1.81176e-01, 7.62054e-01, 4.34421e-01, 3.81514e-01, 1.71177e-01, 5.68151e-01]
48500 [2.36283e+00, 1.80601e-01, 7.61565e-01, 4.33741e-01, 3.81146e-01, 1.71046e-01, 5.68799e-01]
49000 [2.35898e+00, 1.81029e-01, 7.61389e-01, 4.28212e-01, 3.81141e-01, 1.68390e-01, 5.69161e-01]
49500 [2.35272e+00, 1.80264e-01, 7.60498e-01, 4.28637e-01, 3.80986e-01, 1.69054e-01, 5.68231e-01]
50000 [2.34951e+00, 1.80287e-01, 7.59655e-01, 4.29042e-01, 3.80895e-01, 1.69325e-01, 5.68467e-01]
50500 [2.34786e+00, 1.79737e-01, 7.58931e-01, 4.28781e-01, 3.80879e-01, 1.69674e-01, 5.67893e-01]
51000 [2.33040e+00, 1.82408e-01, 7.59484e-01, 4.24456e-01, 3.82347e-01, 1.68266e-01, 5.69227e-01]
51500 [2.28370e+00, 1.88949e-01, 7.59580e-01, 4.12770e-01, 3.82284e-01, 1.63571e-01, 5.69152e-01]
52000 [2.24531e+00, 1.92114e-01, 7.59449e-01, 4.18332e-01, 3.82132e-01, 1.65003e-01, 5.69485e-01]
52500 [2.22132e+00, 1.94321e-01, 7.59056e-01, 4.23541e-01, 3.81892e-01, 1.67106e-01, 5.69005e-01]
53000 [2.21006e+00, 1.95884e-01, 7.58773e-01, 4.27041e-01, 3.81736e-01, 1.68474e-01, 5.68550e-01]
53500 [2.20546e+00, 1.96889e-01, 7.58192e-01, 4.28386e-01, 3.81690e-01, 1.69534e-01, 5.68399e-01]
54000 [2.21986e+00, 1.97204e-01, 7.60347e-01, 4.34922e-01, 3.81544e-01, 1.72545e-01, 5.67334e-01]
54500 [2.21744e+00, 1.97420e-01, 7.59912e-01, 4.31404e-01, 3.81495e-01, 1.71004e-01, 5.63028e-01]
55000 [2.22070e+00, 1.97032e-01, 7.59196e-01, 4.31384e-01, 3.81237e-01, 1.71039e-01, 5.60387e-01]
55500 [2.22238e+00, 1.96713e-01, 7.58593e-01, 4.30876e-01, 3.81239e-01, 1.70680e-01, 5.57947e-01]
56000 [2.22309e+00, 1.96221e-01, 7.57813e-01, 4.30139e-01, 3.81093e-01, 1.70275e-01, 5.55698e-01]
56500 [2.22272e+00, 1.95685e-01, 7.56956e-01, 4.29420e-01, 3.80923e-01, 1.69920e-01, 5.53607e-01]
57000 [2.22153e+00, 1.95153e-01, 7.55925e-01, 4.29202e-01, 3.80653e-01, 1.69550e-01, 5.51675e-01]
57500 [2.21927e+00, 1.94898e-01, 7.55005e-01, 4.28990e-01, 3.80586e-01, 1.69472e-01, 5.50381e-01]
58000 [2.21841e+00, 1.94360e-01, 7.53960e-01, 4.30491e-01, 3.80344e-01, 1.69448e-01, 5.49310e-01]
58500 [2.21806e+00, 1.94179e-01, 7.52791e-01, 4.30927e-01, 3.80103e-01, 1.69628e-01, 5.49040e-01]
59000 [2.21776e+00, 1.94179e-01, 7.51629e-01, 4.29750e-01, 3.79895e-01, 1.69553e-01, 5.48756e-01]
59500 [2.21357e+00, 1.95024e-01, 7.51787e-01, 4.28618e-01, 3.80762e-01, 1.68748e-01, 5.48313e-01]
60000 [2.21332e+00, 1.94745e-01, 7.50781e-01, 4.28808e-01, 3.80207e-01, 1.68956e-01, 5.47009e-01]
60500 [2.21408e+00, 1.94334e-01, 7.49766e-01, 4.28719e-01, 3.79861e-01, 1.68859e-01, 5.45896e-01]
61000 [2.21468e+00, 1.94151e-01, 7.48774e-01, 4.28244e-01, 3.79674e-01, 1.68791e-01, 5.44695e-01]
61500 [2.21435e+00, 1.93874e-01, 7.47720e-01, 4.27806e-01, 3.79402e-01, 1.68526e-01, 5.43065e-01]
62000 [2.21255e+00, 1.93710e-01, 7.46771e-01, 4.27187e-01, 3.79273e-01, 1.68370e-01, 5.41426e-01]
62500 [2.21229e+00, 1.93399e-01, 7.45803e-01, 4.26978e-01, 3.79017e-01, 1.68171e-01, 5.40016e-01]
63000 [2.21370e+00, 1.92984e-01, 7.44750e-01, 4.27280e-01, 3.78752e-01, 1.68010e-01, 5.39487e-01]
63500 [2.21410e+00, 1.95830e-01, 7.44913e-01, 4.30171e-01, 3.79410e-01, 1.68117e-01, 5.38668e-01]
64000 [2.22281e+00, 1.97030e-01, 7.45593e-01, 4.33815e-01, 3.80780e-01, 1.68502e-01, 5.48200e-01]
64500 [2.22849e+00, 1.96821e-01, 7.44979e-01, 4.32625e-01, 3.80493e-01, 1.69394e-01, 5.51121e-01]
65000 [2.23489e+00, 1.96357e-01, 7.45037e-01, 4.34966e-01, 3.80804e-01, 1.71175e-01, 5.52883e-01]
65500 [2.23387e+00, 1.97037e-01, 7.44395e-01, 4.33178e-01, 3.80468e-01, 1.70970e-01, 5.52548e-01]
66000 [2.23263e+00, 1.97358e-01, 7.43833e-01, 4.33442e-01, 3.80226e-01, 1.71024e-01, 5.52847e-01]
66500 [2.24464e+00, 2.00461e-01, 7.44422e-01, 4.43692e-01, 3.80868e-01, 1.69368e-01, 5.51941e-01]
67000 [2.24873e+00, 1.99327e-01, 7.43916e-01, 4.38373e-01, 3.80497e-01, 1.71796e-01, 5.53276e-01]
67500 [2.25052e+00, 1.98604e-01, 7.43626e-01, 4.36717e-01, 3.80329e-01, 1.71959e-01, 5.53578e-01]
68000 [2.25131e+00, 1.98190e-01, 7.43252e-01, 4.37234e-01, 3.80072e-01, 1.72131e-01, 5.53656e-01]
68500 [2.25160e+00, 1.97891e-01, 7.42968e-01, 4.37086e-01, 3.79964e-01, 1.71967e-01, 5.53746e-01]
69000 [2.25582e+00, 1.96113e-01, 7.43885e-01, 4.33525e-01, 3.81148e-01, 1.73130e-01, 5.54322e-01]
69500 [2.25214e+00, 1.98003e-01, 7.43732e-01, 4.35071e-01, 3.80690e-01, 1.71860e-01, 5.55884e-01]
70000 [2.24627e+00, 1.98325e-01, 7.43596e-01, 4.34023e-01, 3.80388e-01, 1.71572e-01, 5.56575e-01]
70500 [2.24050e+00, 1.98504e-01, 7.43602e-01, 4.34627e-01, 3.80454e-01, 1.71692e-01, 5.57017e-01]
71000 [2.23564e+00, 1.98608e-01, 7.43424e-01, 4.34757e-01, 3.80294e-01, 1.71946e-01, 5.57398e-01]
71500 [2.23250e+00, 1.98705e-01, 7.43278e-01, 4.35362e-01, 3.80262e-01, 1.72215e-01, 5.58004e-01]
72000 [2.23058e+00, 1.98720e-01, 7.43061e-01, 4.35476e-01, 3.80135e-01, 1.72375e-01, 5.58959e-01]
72500 [2.22884e+00, 1.98705e-01, 7.42846e-01, 4.35658e-01, 3.79998e-01, 1.72436e-01, 5.59799e-01]
73000 [2.23922e+00, 1.98214e-01, 7.43282e-01, 4.29928e-01, 3.81222e-01, 1.72670e-01, 5.63879e-01]
73500 [2.23944e+00, 1.98915e-01, 7.42913e-01, 4.26759e-01, 3.80848e-01, 1.68845e-01, 5.63199e-01]
74000 [2.24055e+00, 1.98924e-01, 7.42518e-01, 4.27893e-01, 3.80464e-01, 1.68689e-01, 5.61878e-01]
74500 [2.25479e+00, 1.97473e-01, 7.41884e-01, 4.35579e-01, 3.80069e-01, 1.71545e-01, 5.65020e-01]
75000 [2.25340e+00, 1.97534e-01, 7.41570e-01, 4.33441e-01, 3.79726e-01, 1.71237e-01, 5.66532e-01]
75500 [2.25160e+00, 2.00168e-01, 7.45320e-01, 4.32613e-01, 3.84058e-01, 1.71363e-01, 5.69668e-01]
76000 [2.28087e+00, 1.92934e-01, 7.44337e-01, 4.58400e-01, 3.83094e-01, 1.77251e-01, 5.75070e-01]
76500 [2.30771e+00, 1.90051e-01, 7.43872e-01, 4.52917e-01, 3.82776e-01, 1.78228e-01, 5.77062e-01]
77000 [2.32957e+00, 1.87610e-01, 7.43511e-01, 4.47456e-01, 3.82440e-01, 1.77401e-01, 5.78185e-01]
77500 [2.34658e+00, 1.85468e-01, 7.43131e-01, 4.42589e-01, 3.82062e-01, 1.75713e-01, 5.78931e-01]
78000 [2.35815e+00, 1.83568e-01, 7.42797e-01, 4.37890e-01, 3.81821e-01, 1.73563e-01, 5.79651e-01]
78500 [2.36325e+00, 1.82334e-01, 7.42408e-01, 4.35330e-01, 3.81690e-01, 1.72293e-01, 5.80826e-01]
79000 [2.36436e+00, 1.81222e-01, 7.41995e-01, 4.33187e-01, 3.81561e-01, 1.71388e-01, 5.81905e-01]
79500 [2.36550e+00, 1.80268e-01, 7.41562e-01, 4.33188e-01, 3.81567e-01, 1.71268e-01, 5.82566e-01]
80000 [2.36624e+00, 1.79566e-01, 7.41029e-01, 4.33325e-01, 3.81561e-01, 1.71171e-01, 5.82117e-01]
80500 [2.36601e+00, 1.79018e-01, 7.40476e-01, 4.32805e-01, 3.81460e-01, 1.71053e-01, 5.80499e-01]
81000 [2.36491e+00, 1.78870e-01, 7.39902e-01, 4.32397e-01, 3.81371e-01, 1.71064e-01, 5.77953e-01]
81500 [2.36360e+00, 1.78576e-01, 7.39362e-01, 4.31878e-01, 3.81240e-01, 1.70756e-01, 5.75226e-01]
82000 [2.36161e+00, 1.78372e-01, 7.38730e-01, 4.31775e-01, 3.81095e-01, 1.70500e-01, 5.72313e-01]
82500 [2.35890e+00, 1.78079e-01, 7.38107e-01, 4.31291e-01, 3.80929e-01, 1.70132e-01, 5.70395e-01]
83000 [2.35507e+00, 1.77894e-01, 7.37691e-01, 4.30847e-01, 3.80945e-01, 1.69906e-01, 5.70629e-01]
83500 [2.34934e+00, 1.77699e-01, 7.37151e-01, 4.29372e-01, 3.80899e-01, 1.69541e-01, 5.70737e-01]
84000 [2.34418e+00, 1.77351e-01, 7.36569e-01, 4.28778e-01, 3.80790e-01, 1.68973e-01, 5.71982e-01]
84500 [2.34241e+00, 1.77137e-01, 7.35966e-01, 4.27359e-01, 3.80748e-01, 1.68670e-01, 5.74240e-01]
85000 [2.34048e+00, 1.76667e-01, 7.35325e-01, 4.27858e-01, 3.80633e-01, 1.68514e-01, 5.76566e-01]
85500 [2.33799e+00, 1.76564e-01, 7.34754e-01, 4.27214e-01, 3.80617e-01, 1.68180e-01, 5.80235e-01]
86000 [2.33591e+00, 1.76264e-01, 7.34163e-01, 4.26928e-01, 3.80543e-01, 1.68048e-01, 5.84340e-01]
86500 [2.33450e+00, 1.76076e-01, 7.33645e-01, 4.26588e-01, 3.80495e-01, 1.67855e-01, 5.89024e-01]
87000 [2.33316e+00, 1.75953e-01, 7.33106e-01, 4.26448e-01, 3.80472e-01, 1.67685e-01, 5.95030e-01]
87500 [2.33202e+00, 1.75676e-01, 7.32476e-01, 4.25385e-01, 3.80333e-01, 1.67505e-01, 5.99846e-01]
88000 [2.33076e+00, 1.75673e-01, 7.31911e-01, 4.24970e-01, 3.80291e-01, 1.67258e-01, 6.06329e-01]
88500 [2.32633e+00, 1.75744e-01, 7.31438e-01, 4.25068e-01, 3.80181e-01, 1.67138e-01, 6.09965e-01]
89000 [2.32101e+00, 1.75771e-01, 7.31004e-01, 4.23077e-01, 3.80279e-01, 1.66464e-01, 6.13442e-01]
89500 [2.32231e+00, 1.75394e-01, 7.30336e-01, 4.24733e-01, 3.80149e-01, 1.67040e-01, 6.18283e-01]
90000 [2.31902e+00, 1.75453e-01, 7.29733e-01, 4.24878e-01, 3.80042e-01, 1.66598e-01, 6.22318e-01]
90500 [2.32041e+00, 1.75309e-01, 7.29184e-01, 4.24152e-01, 3.80022e-01, 1.66906e-01, 6.27768e-01]
91000 [2.32064e+00, 1.75301e-01, 7.28575e-01, 4.24302e-01, 3.79904e-01, 1.66913e-01, 6.32243e-01]
91500 [2.32026e+00, 1.75344e-01, 7.27993e-01, 4.23883e-01, 3.79787e-01, 1.66824e-01, 6.37121e-01]
92000 [2.30395e+00, 1.81678e-01, 7.29702e-01, 4.14237e-01, 3.81452e-01, 1.63961e-01, 6.29254e-01]
92500 [2.25843e+00, 1.85982e-01, 7.29961e-01, 4.10218e-01, 3.81380e-01, 1.61980e-01, 6.25999e-01]
93000 [2.23313e+00, 1.87404e-01, 7.29683e-01, 4.20696e-01, 3.81661e-01, 1.64757e-01, 6.28790e-01]
93500 [2.21281e+00, 1.88679e-01, 7.29473e-01, 4.17019e-01, 3.81395e-01, 1.63996e-01, 6.27426e-01]
94000 [2.19858e+00, 1.89555e-01, 7.29722e-01, 4.18235e-01, 3.82410e-01, 1.64432e-01, 6.32628e-01]
94500 [2.18167e+00, 1.90712e-01, 7.29638e-01, 4.17785e-01, 3.82260e-01, 1.64329e-01, 6.30435e-01]
95000 [2.17167e+00, 1.91139e-01, 7.29287e-01, 4.17474e-01, 3.81910e-01, 1.64825e-01, 6.28875e-01]
95500 [2.16428e+00, 1.91521e-01, 7.28786e-01, 4.18506e-01, 3.81436e-01, 1.65387e-01, 6.27251e-01]
96000 [2.16927e+00, 1.90867e-01, 7.28998e-01, 4.21080e-01, 3.81902e-01, 1.66588e-01, 6.29920e-01]
96500 [2.16588e+00, 1.91436e-01, 7.28578e-01, 4.18999e-01, 3.81432e-01, 1.65545e-01, 6.29171e-01]
97000 [2.16540e+00, 1.91138e-01, 7.27931e-01, 4.21045e-01, 3.80981e-01, 1.65872e-01, 6.29018e-01]
97500 [2.16793e+00, 1.91343e-01, 7.27597e-01, 4.23179e-01, 3.81779e-01, 1.66802e-01, 6.32812e-01]
98000 [2.20288e+00, 1.86144e-01, 7.28464e-01, 4.40022e-01, 3.82706e-01, 1.72411e-01, 6.35455e-01]
98500 [2.23209e+00, 1.83632e-01, 7.28042e-01, 4.35390e-01, 3.82340e-01, 1.72174e-01, 6.38067e-01]
99000 [2.25778e+00, 1.81417e-01, 7.27619e-01, 4.30976e-01, 3.81937e-01, 1.70560e-01, 6.40666e-01]
99500 [2.27819e+00, 1.79821e-01, 7.27188e-01, 4.27981e-01, 3.81631e-01, 1.68943e-01, 6.43094e-01]
100000 [2.29277e+00, 1.79196e-01, 7.26784e-01, 4.26464e-01, 3.81463e-01, 1.68072e-01, 6.45430e-01]
100500 [2.30203e+00, 1.78306e-01, 7.26228e-01, 4.25565e-01, 3.81146e-01, 1.67682e-01, 6.48606e-01]
101000 [2.30753e+00, 1.77923e-01, 7.25658e-01, 4.25300e-01, 3.80992e-01, 1.67461e-01, 6.52074e-01]
101500 [2.31041e+00, 1.77491e-01, 7.25169e-01, 4.24819e-01, 3.80934e-01, 1.67393e-01, 6.56405e-01]
102000 [2.30878e+00, 1.77176e-01, 7.24489e-01, 4.23403e-01, 3.80738e-01, 1.66848e-01, 6.59355e-01]
102500 [2.30984e+00, 1.77019e-01, 7.24021e-01, 4.24452e-01, 3.80546e-01, 1.66941e-01, 6.60181e-01]
103000 [2.30601e+00, 1.76815e-01, 7.23952e-01, 4.24649e-01, 3.80225e-01, 1.67291e-01, 6.58028e-01]
103500 [2.30798e+00, 1.76242e-01, 7.23810e-01, 4.22578e-01, 3.80692e-01, 1.67306e-01, 6.59559e-01]
104000 [2.30554e+00, 1.76084e-01, 7.23454e-01, 4.23492e-01, 3.80436e-01, 1.66651e-01, 6.59643e-01]
104500 [2.30538e+00, 1.75516e-01, 7.23025e-01, 4.22813e-01, 3.80226e-01, 1.66678e-01, 6.60454e-01]
105000 [2.30410e+00, 1.75344e-01, 7.22513e-01, 4.21876e-01, 3.80111e-01, 1.66443e-01, 6.61509e-01]
105500 [2.30010e+00, 1.75455e-01, 7.22120e-01, 4.18555e-01, 3.80029e-01, 1.65496e-01, 6.62863e-01]
106000 [2.29291e+00, 1.75271e-01, 7.21547e-01, 4.19764e-01, 3.79824e-01, 1.65472e-01, 6.62423e-01]
106500 [2.29562e+00, 1.76058e-01, 7.21406e-01, 4.21280e-01, 3.81161e-01, 1.66954e-01, 6.64755e-01]
107000 [2.29729e+00, 1.76040e-01, 7.20981e-01, 4.20016e-01, 3.80868e-01, 1.66375e-01, 6.63581e-01]
107500 [2.30020e+00, 1.75348e-01, 7.20476e-01, 4.22452e-01, 3.80545e-01, 1.66499e-01, 6.63082e-01]
108000 [2.30133e+00, 1.74841e-01, 7.20050e-01, 4.22867e-01, 3.80300e-01, 1.66398e-01, 6.62095e-01]
108500 [2.30131e+00, 1.74747e-01, 7.19542e-01, 4.22596e-01, 3.80225e-01, 1.66310e-01, 6.60348e-01]
109000 [2.30139e+00, 1.74448e-01, 7.18967e-01, 4.22228e-01, 3.80027e-01, 1.66170e-01, 6.58517e-01]
109500 [2.30126e+00, 1.74374e-01, 7.18484e-01, 4.22076e-01, 3.79976e-01, 1.66168e-01, 6.55881e-01]
110000 [2.29742e+00, 1.74329e-01, 7.18226e-01, 4.21897e-01, 3.79932e-01, 1.66266e-01, 6.55844e-01]
110500 [2.29838e+00, 1.74112e-01, 7.17741e-01, 4.21648e-01, 3.79827e-01, 1.65991e-01, 6.56132e-01]
111000 [2.29931e+00, 1.73737e-01, 7.17125e-01, 4.21109e-01, 3.79600e-01, 1.65736e-01, 6.58326e-01]
111500 [2.30063e+00, 1.73573e-01, 7.16549e-01, 4.21514e-01, 3.79550e-01, 1.65695e-01, 6.66512e-01]
112000 [2.30319e+00, 1.73432e-01, 7.15886e-01, 4.20877e-01, 3.79415e-01, 1.65528e-01, 6.73040e-01]
112500 [2.30458e+00, 1.73435e-01, 7.15486e-01, 4.21639e-01, 3.79486e-01, 1.65704e-01, 6.79041e-01]
113000 [2.30744e+00, 1.73251e-01, 7.14887e-01, 4.20321e-01, 3.79292e-01, 1.65376e-01, 6.81930e-01]
113500 [2.29944e+00, 1.73321e-01, 7.14245e-01, 4.18820e-01, 3.79175e-01, 1.64818e-01, 6.88316e-01]
114000 [2.30040e+00, 1.73547e-01, 7.14253e-01, 4.20423e-01, 3.79134e-01, 1.65581e-01, 6.89018e-01]
114500 [2.29483e+00, 1.73446e-01, 7.13891e-01, 4.19357e-01, 3.79045e-01, 1.65116e-01, 6.91242e-01]
115000 [2.29250e+00, 1.73480e-01, 7.13289e-01, 4.18623e-01, 3.78940e-01, 1.65069e-01, 6.92378e-01]
115500 [2.29324e+00, 1.73309e-01, 7.12813e-01, 4.20555e-01, 3.78752e-01, 1.65280e-01, 6.94304e-01]
116000 [2.29285e+00, 1.73344e-01, 7.12175e-01, 4.20014e-01, 3.78691e-01, 1.65231e-01, 6.96408e-01]
116500 [2.28927e+00, 1.74701e-01, 7.13807e-01, 4.17458e-01, 3.80209e-01, 1.64852e-01, 7.01765e-01]
117000 [2.28487e+00, 1.74115e-01, 7.13976e-01, 4.19248e-01, 3.80019e-01, 1.65302e-01, 7.01707e-01]
117500 [2.28478e+00, 1.73757e-01, 7.13807e-01, 4.19612e-01, 3.79707e-01, 1.65216e-01, 7.02681e-01]
118000 [2.28465e+00, 1.74027e-01, 7.13499e-01, 4.16075e-01, 3.79392e-01, 1.64616e-01, 7.01512e-01]
118500 [2.27993e+00, 1.74101e-01, 7.13243e-01, 4.18521e-01, 3.79407e-01, 1.64767e-01, 7.02377e-01]
119000 [2.28049e+00, 1.73827e-01, 7.13779e-01, 4.20065e-01, 3.79467e-01, 1.65124e-01, 7.05901e-01]
119500 [2.28292e+00, 1.73598e-01, 7.13371e-01, 4.20146e-01, 3.79165e-01, 1.65355e-01, 7.05992e-01]
120000 [2.28353e+00, 1.73711e-01, 7.12927e-01, 4.18742e-01, 3.78996e-01, 1.64921e-01, 7.06264e-01]
120500 [2.28487e+00, 1.73643e-01, 7.12749e-01, 4.20223e-01, 3.78982e-01, 1.65280e-01, 7.06463e-01]
121000 [2.28655e+00, 1.73529e-01, 7.12468e-01, 4.19884e-01, 3.78802e-01, 1.65257e-01, 7.07116e-01]
121500 [2.28587e+00, 1.73933e-01, 7.12335e-01, 4.16655e-01, 3.78780e-01, 1.64443e-01, 7.07616e-01]
122000 [2.28854e+00, 1.74463e-01, 7.12820e-01, 4.17578e-01, 3.79281e-01, 1.65575e-01, 7.11446e-01]
122500 [2.28437e+00, 1.73873e-01, 7.12566e-01, 4.20275e-01, 3.78971e-01, 1.65435e-01, 7.15130e-01]
123000 [2.28358e+00, 1.74554e-01, 7.12192e-01, 4.16602e-01, 3.79475e-01, 1.64809e-01, 7.16914e-01]
123500 [2.28236e+00, 1.74113e-01, 7.11897e-01, 4.18469e-01, 3.79148e-01, 1.64654e-01, 7.17954e-01]
124000 [2.28218e+00, 1.73999e-01, 7.11537e-01, 4.18086e-01, 3.78827e-01, 1.64629e-01, 7.17931e-01]
124500 [2.28206e+00, 1.74077e-01, 7.11256e-01, 4.18258e-01, 3.78711e-01, 1.64529e-01, 7.18294e-01]
125000 [2.28032e+00, 1.74131e-01, 7.11262e-01, 4.15180e-01, 3.78659e-01, 1.64034e-01, 7.18331e-01]
125500 [2.28206e+00, 1.73855e-01, 7.10834e-01, 4.18264e-01, 3.78561e-01, 1.65142e-01, 7.18280e-01]
126000 [2.27993e+00, 1.73922e-01, 7.10691e-01, 4.18030e-01, 3.78334e-01, 1.64375e-01, 7.18020e-01]
126500 [2.28066e+00, 1.73933e-01, 7.10465e-01, 4.18122e-01, 3.78215e-01, 1.64370e-01, 7.17124e-01]
127000 [2.28018e+00, 1.74748e-01, 7.10646e-01, 4.15674e-01, 3.78832e-01, 1.64169e-01, 7.18608e-01]
127500 [2.27788e+00, 1.74399e-01, 7.10603e-01, 4.15314e-01, 3.78442e-01, 1.63721e-01, 7.17088e-01]
128000 [2.27166e+00, 1.74567e-01, 7.10395e-01, 4.16303e-01, 3.78318e-01, 1.63629e-01, 7.16271e-01]
128500 [2.27545e+00, 1.74152e-01, 7.10315e-01, 4.15579e-01, 3.78254e-01, 1.64115e-01, 7.17501e-01]
129000 [2.27605e+00, 1.73823e-01, 7.10019e-01, 4.17811e-01, 3.77913e-01, 1.64296e-01, 7.16398e-01]
129500 [2.27711e+00, 1.73832e-01, 7.09799e-01, 4.17677e-01, 3.77787e-01, 1.64237e-01, 7.16128e-01]
130000 [2.27779e+00, 1.74105e-01, 7.09752e-01, 4.17721e-01, 3.77890e-01, 1.64262e-01, 7.15781e-01]
130500 [2.27867e+00, 1.73859e-01, 7.09369e-01, 4.17531e-01, 3.77567e-01, 1.64196e-01, 7.16045e-01]
131000 [2.27901e+00, 1.73898e-01, 7.09083e-01, 4.17556e-01, 3.77439e-01, 1.64209e-01, 7.17071e-01]
131500 [2.27961e+00, 1.73873e-01, 7.08872e-01, 4.17530e-01, 3.77274e-01, 1.64206e-01, 7.19678e-01]
132000 [2.28055e+00, 1.73791e-01, 7.08788e-01, 4.17265e-01, 3.77171e-01, 1.64233e-01, 7.23486e-01]
132500 [2.27987e+00, 1.75550e-01, 7.08005e-01, 4.16562e-01, 3.78786e-01, 1.64861e-01, 7.29570e-01]
133000 [2.27821e+00, 1.75264e-01, 7.07982e-01, 4.15790e-01, 3.78594e-01, 1.64376e-01, 7.29292e-01]
133500 [2.27830e+00, 1.74635e-01, 7.07839e-01, 4.19168e-01, 3.78383e-01, 1.64335e-01, 7.31525e-01]
134000 [2.27872e+00, 1.74449e-01, 7.07826e-01, 4.19271e-01, 3.78036e-01, 1.64562e-01, 7.29736e-01]
134500 [2.27571e+00, 1.74502e-01, 7.08423e-01, 4.16800e-01, 3.77839e-01, 1.64311e-01, 7.31324e-01]
135000 [2.27598e+00, 1.74342e-01, 7.08200e-01, 4.16691e-01, 3.77596e-01, 1.64236e-01, 7.34725e-01]
135500 [2.27379e+00, 1.74040e-01, 7.07992e-01, 4.17962e-01, 3.77440e-01, 1.64621e-01, 7.36109e-01]
136000 [2.27126e+00, 1.73617e-01, 7.07855e-01, 4.19282e-01, 3.77252e-01, 1.65104e-01, 7.34315e-01]
136500 [2.27065e+00, 1.73563e-01, 7.07685e-01, 4.18050e-01, 3.77142e-01, 1.64564e-01, 7.35188e-01]
137000 [2.27000e+00, 1.73179e-01, 7.07351e-01, 4.19508e-01, 3.76901e-01, 1.64684e-01, 7.35581e-01]
137500 [2.27010e+00, 1.72875e-01, 7.07246e-01, 4.21074e-01, 3.76858e-01, 1.65196e-01, 7.36022e-01]
138000 [2.26778e+00, 1.73567e-01, 7.06999e-01, 4.15759e-01, 3.76766e-01, 1.63710e-01, 7.36849e-01]
138500 [2.26972e+00, 1.73798e-01, 7.06939e-01, 4.17655e-01, 3.76800e-01, 1.64401e-01, 7.39992e-01]
139000 [2.27253e+00, 1.73054e-01, 7.06696e-01, 4.20402e-01, 3.76504e-01, 1.64796e-01, 7.38027e-01]
139500 [2.27251e+00, 1.73162e-01, 7.06633e-01, 4.18177e-01, 3.76464e-01, 1.64804e-01, 7.39271e-01]
140000 [2.27831e+00, 1.73608e-01, 7.06839e-01, 4.28332e-01, 3.77278e-01, 1.66937e-01, 7.41357e-01]
140500 [2.27984e+00, 1.74228e-01, 7.06834e-01, 4.23350e-01, 3.77531e-01, 1.66314e-01, 7.42372e-01]
141000 [2.28191e+00, 1.73487e-01, 7.06700e-01, 4.22624e-01, 3.77241e-01, 1.66735e-01, 7.44127e-01]
141500 [2.28520e+00, 1.72863e-01, 7.06580e-01, 4.22356e-01, 3.76864e-01, 1.65898e-01, 7.43611e-01]
142000 [2.28319e+00, 1.73536e-01, 7.06345e-01, 4.17055e-01, 3.76594e-01, 1.64283e-01, 7.44435e-01]
142500 [2.27921e+00, 1.73985e-01, 7.06237e-01, 4.15680e-01, 3.76457e-01, 1.64204e-01, 7.44515e-01]
143000 [2.27821e+00, 1.73451e-01, 7.06230e-01, 4.20002e-01, 3.76309e-01, 1.64770e-01, 7.42627e-01]
143500 [2.28152e+00, 1.73224e-01, 7.06054e-01, 4.19295e-01, 3.76168e-01, 1.65027e-01, 7.43117e-01]
144000 [2.27683e+00, 1.73721e-01, 7.05861e-01, 4.15801e-01, 3.76071e-01, 1.64261e-01, 7.42737e-01]
144500 [2.27958e+00, 1.73598e-01, 7.05736e-01, 4.19270e-01, 3.75971e-01, 1.65147e-01, 7.42151e-01]
145000 [2.27649e+00, 1.74030e-01, 7.05572e-01, 4.14923e-01, 3.75780e-01, 1.64294e-01, 7.42272e-01]
145500 [2.27517e+00, 1.73799e-01, 7.05553e-01, 4.19838e-01, 3.75729e-01, 1.65048e-01, 7.42052e-01]
146000 [2.27954e+00, 1.73509e-01, 7.05393e-01, 4.19494e-01, 3.75471e-01, 1.65156e-01, 7.44176e-01]
146500 [2.28206e+00, 1.73567e-01, 7.05310e-01, 4.19540e-01, 3.75363e-01, 1.65212e-01, 7.46556e-01]
147000 [2.28179e+00, 1.73961e-01, 7.05260e-01, 4.15593e-01, 3.75275e-01, 1.64715e-01, 7.48486e-01]
147500 [2.28032e+00, 1.74107e-01, 7.05342e-01, 4.15315e-01, 3.75180e-01, 1.64484e-01, 7.48944e-01]
148000 [2.28098e+00, 1.73970e-01, 7.05279e-01, 4.15658e-01, 3.75055e-01, 1.64584e-01, 7.48731e-01]
148500 [2.28384e+00, 1.73426e-01, 7.05215e-01, 4.19549e-01, 3.74849e-01, 1.65024e-01, 7.48053e-01]
149000 [2.28459e+00, 1.73587e-01, 7.05148e-01, 4.18392e-01, 3.74771e-01, 1.64721e-01, 7.47759e-01]
149500 [2.28626e+00, 1.73579e-01, 7.05044e-01, 4.18982e-01, 3.74636e-01, 1.65021e-01, 7.46437e-01]
150000 [2.28729e+00, 1.73569e-01, 7.05001e-01, 4.19434e-01, 3.74558e-01, 1.65065e-01, 7.45907e-01]
150500 [2.28182e+00, 1.74675e-01, 7.05198e-01, 4.16102e-01, 3.74974e-01, 1.64505e-01, 7.49233e-01]
151000 [2.27412e+00, 1.74410e-01, 7.05292e-01, 4.16271e-01, 3.74660e-01, 1.64075e-01, 7.48046e-01]
151500 [2.27133e+00, 1.74052e-01, 7.05246e-01, 4.17543e-01, 3.74613e-01, 1.64646e-01, 7.49251e-01]
152000 [2.26848e+00, 1.74059e-01, 7.05225e-01, 4.12936e-01, 3.74460e-01, 1.63441e-01, 7.51293e-01]
152500 [2.26627e+00, 1.73899e-01, 7.05123e-01, 4.15172e-01, 3.74353e-01, 1.63598e-01, 7.52135e-01]
153000 [2.26428e+00, 1.74059e-01, 7.04919e-01, 4.12382e-01, 3.74219e-01, 1.63175e-01, 7.54211e-01]
153500 [2.26409e+00, 1.73700e-01, 7.04947e-01, 4.16915e-01, 3.74131e-01, 1.63693e-01, 7.53425e-01]
154000 [2.26889e+00, 1.73147e-01, 7.04960e-01, 4.19107e-01, 3.74116e-01, 1.64962e-01, 7.56886e-01]
154500 [2.27241e+00, 1.72792e-01, 7.04624e-01, 4.19652e-01, 3.73810e-01, 1.64800e-01, 7.57900e-01]
155000 [2.27754e+00, 1.74074e-01, 7.05380e-01, 4.20338e-01, 3.75161e-01, 1.65762e-01, 7.59444e-01]
155500 [2.27670e+00, 1.74009e-01, 7.05490e-01, 4.18014e-01, 3.74895e-01, 1.64299e-01, 7.58978e-01]
156000 [2.27519e+00, 1.73672e-01, 7.05486e-01, 4.19639e-01, 3.74571e-01, 1.64521e-01, 7.56184e-01]
156500 [2.27531e+00, 1.73321e-01, 7.05401e-01, 4.19348e-01, 3.74196e-01, 1.64746e-01, 7.55957e-01]
157000 [2.27705e+00, 1.73207e-01, 7.05245e-01, 4.19141e-01, 3.74077e-01, 1.64860e-01, 7.56770e-01]
157500 [2.27952e+00, 1.73056e-01, 7.05066e-01, 4.18819e-01, 3.73923e-01, 1.64690e-01, 7.58144e-01]
158000 [2.27727e+00, 1.73835e-01, 7.05493e-01, 4.14795e-01, 3.74389e-01, 1.64350e-01, 7.59432e-01]
158500 [2.27550e+00, 1.73505e-01, 7.05323e-01, 4.16121e-01, 3.74102e-01, 1.64388e-01, 7.57620e-01]
159000 [2.27546e+00, 1.73595e-01, 7.05076e-01, 4.14023e-01, 3.73961e-01, 1.64031e-01, 7.56856e-01]
159500 [2.26924e+00, 1.73622e-01, 7.05046e-01, 4.14939e-01, 3.73781e-01, 1.63889e-01, 7.57532e-01]
160000 [2.26744e+00, 1.73462e-01, 7.04949e-01, 4.15394e-01, 3.73663e-01, 1.63946e-01, 7.57976e-01]
160500 [2.26643e+00, 1.73354e-01, 7.04858e-01, 4.15054e-01, 3.73532e-01, 1.63778e-01, 7.58409e-01]
161000 [2.26616e+00, 1.73224e-01, 7.04780e-01, 4.15678e-01, 3.73451e-01, 1.63818e-01, 7.58667e-01]
161500 [2.26443e+00, 1.73151e-01, 7.04699e-01, 4.14964e-01, 3.73335e-01, 1.63169e-01, 7.60352e-01]
162000 [2.26638e+00, 1.73198e-01, 7.04473e-01, 4.15975e-01, 3.73267e-01, 1.63659e-01, 7.62085e-01]
162500 [2.25802e+00, 1.73785e-01, 7.04468e-01, 4.12067e-01, 3.73158e-01, 1.62518e-01, 7.61807e-01]
163000 [2.25300e+00, 1.73800e-01, 7.04185e-01, 4.12456e-01, 3.72919e-01, 1.62315e-01, 7.62071e-01]
163500 [2.25023e+00, 1.73810e-01, 7.04334e-01, 4.11634e-01, 3.72945e-01, 1.62540e-01, 7.61241e-01]
164000 [2.24871e+00, 1.73789e-01, 7.04274e-01, 4.11740e-01, 3.72847e-01, 1.62555e-01, 7.61324e-01]
164500 [2.25405e+00, 1.73146e-01, 7.04051e-01, 4.15609e-01, 3.72656e-01, 1.63211e-01, 7.61550e-01]
165000 [2.26060e+00, 1.72914e-01, 7.03847e-01, 4.15420e-01, 3.72519e-01, 1.63323e-01, 7.62285e-01]
165500 [2.26556e+00, 1.72845e-01, 7.03604e-01, 4.15104e-01, 3.72348e-01, 1.63233e-01, 7.66323e-01]
166000 [2.26907e+00, 1.72957e-01, 7.03611e-01, 4.15572e-01, 3.72399e-01, 1.63431e-01, 7.71451e-01]
166500 [2.27430e+00, 1.72638e-01, 7.03401e-01, 4.17369e-01, 3.72229e-01, 1.63985e-01, 7.77032e-01]
167000 [2.27831e+00, 1.72444e-01, 7.03287e-01, 4.17196e-01, 3.72160e-01, 1.64173e-01, 7.81097e-01]
167500 [2.27855e+00, 1.72404e-01, 7.03127e-01, 4.17245e-01, 3.72011e-01, 1.64057e-01, 7.84771e-01]
168000 [2.27973e+00, 1.72317e-01, 7.02907e-01, 4.17170e-01, 3.71861e-01, 1.64067e-01, 7.89960e-01]
168500 [2.27545e+00, 1.73502e-01, 7.04680e-01, 4.13357e-01, 3.74182e-01, 1.63948e-01, 7.90965e-01]
169000 [2.26954e+00, 1.73743e-01, 7.04561e-01, 4.13219e-01, 3.73973e-01, 1.63484e-01, 7.90443e-01]
169500 [2.26718e+00, 1.73465e-01, 7.04377e-01, 4.16386e-01, 3.73673e-01, 1.63941e-01, 7.88961e-01]
170000 [2.26242e+00, 1.73740e-01, 7.04121e-01, 4.13156e-01, 3.73344e-01, 1.62971e-01, 7.89703e-01]
170500 [2.26069e+00, 1.73596e-01, 7.04023e-01, 4.15049e-01, 3.73202e-01, 1.63141e-01, 7.90367e-01]
171000 [2.26566e+00, 1.73128e-01, 7.03880e-01, 4.16700e-01, 3.73073e-01, 1.63773e-01, 7.94278e-01]
171500 [2.26716e+00, 1.73089e-01, 7.03652e-01, 4.15518e-01, 3.72899e-01, 1.63540e-01, 7.94919e-01]
172000 [2.27026e+00, 1.73132e-01, 7.03520e-01, 4.15406e-01, 3.72738e-01, 1.63436e-01, 7.89235e-01]
172500 [2.27539e+00, 1.72930e-01, 7.03355e-01, 4.15091e-01, 3.72640e-01, 1.63375e-01, 7.88820e-01]
173000 [2.27591e+00, 1.73068e-01, 7.03403e-01, 4.18997e-01, 3.72802e-01, 1.64011e-01, 7.99151e-01]
173500 [2.27306e+00, 1.72969e-01, 7.03196e-01, 4.14932e-01, 3.72511e-01, 1.63775e-01, 8.04411e-01]
174000 [2.27182e+00, 1.73574e-01, 7.04797e-01, 4.15144e-01, 3.74505e-01, 1.64913e-01, 8.09232e-01]
174500 [2.27137e+00, 1.73512e-01, 7.04685e-01, 4.15889e-01, 3.74361e-01, 1.64566e-01, 8.09954e-01]
175000 [2.27138e+00, 1.73335e-01, 7.04474e-01, 4.15582e-01, 3.74139e-01, 1.64433e-01, 8.10685e-01]
175500 [2.26980e+00, 1.73150e-01, 7.04304e-01, 4.15961e-01, 3.73885e-01, 1.64224e-01, 8.11342e-01]
176000 [2.26721e+00, 1.72873e-01, 7.04058e-01, 4.16271e-01, 3.73535e-01, 1.64249e-01, 8.11701e-01]
176500 [2.26532e+00, 1.72841e-01, 7.03816e-01, 4.15590e-01, 3.73501e-01, 1.64158e-01, 8.11813e-01]
177000 [2.26085e+00, 1.72932e-01, 7.03541e-01, 4.13891e-01, 3.73257e-01, 1.63803e-01, 8.11311e-01]
177500 [2.25898e+00, 1.72611e-01, 7.03213e-01, 4.13840e-01, 3.73042e-01, 1.63656e-01, 8.11985e-01]
178000 [2.25776e+00, 1.72583e-01, 7.03071e-01, 4.14886e-01, 3.73062e-01, 1.63706e-01, 8.12747e-01]
178500 [2.25500e+00, 1.72508e-01, 7.02893e-01, 4.15171e-01, 3.72964e-01, 1.63830e-01, 8.13215e-01]
179000 [2.25107e+00, 1.73318e-01, 7.04300e-01, 4.14752e-01, 3.74548e-01, 1.64127e-01, 8.17665e-01]
179500 [2.25239e+00, 1.72999e-01, 7.04080e-01, 4.16933e-01, 3.74304e-01, 1.64528e-01, 8.17919e-01]
180000 [2.25400e+00, 1.72603e-01, 7.03851e-01, 4.17255e-01, 3.74010e-01, 1.64232e-01, 8.18595e-01]
180500 [2.25164e+00, 1.72668e-01, 7.03582e-01, 4.15679e-01, 3.73776e-01, 1.63947e-01, 8.20087e-01]
181000 [2.25410e+00, 1.72485e-01, 7.03496e-01, 4.16142e-01, 3.73584e-01, 1.63656e-01, 8.18999e-01]
181500 [2.25473e+00, 1.72725e-01, 7.03594e-01, 4.14521e-01, 3.73583e-01, 1.62979e-01, 8.17319e-01]
182000 [2.25566e+00, 1.72869e-01, 7.03439e-01, 4.14765e-01, 3.73479e-01, 1.63109e-01, 8.16568e-01]
182500 [2.25661e+00, 1.72806e-01, 7.03295e-01, 4.15035e-01, 3.73273e-01, 1.63047e-01, 8.16613e-01]
183000 [2.25773e+00, 1.72510e-01, 7.03166e-01, 4.18113e-01, 3.73201e-01, 1.63962e-01, 8.17341e-01]
183500 [2.26240e+00, 1.72162e-01, 7.02860e-01, 4.19438e-01, 3.73048e-01, 1.64454e-01, 8.20425e-01]
184000 [2.26513e+00, 1.72678e-01, 7.03004e-01, 4.16784e-01, 3.73114e-01, 1.64270e-01, 8.21675e-01]
184500 [2.26621e+00, 1.72420e-01, 7.02760e-01, 4.16394e-01, 3.72844e-01, 1.64099e-01, 8.19842e-01]
185000 [2.26830e+00, 1.72428e-01, 7.02622e-01, 4.15017e-01, 3.72728e-01, 1.63840e-01, 8.19456e-01]
185500 [2.26820e+00, 1.72112e-01, 7.02447e-01, 4.17723e-01, 3.72626e-01, 1.64194e-01, 8.22446e-01]
186000 [2.26691e+00, 1.72618e-01, 7.02469e-01, 4.11305e-01, 3.72757e-01, 1.63235e-01, 8.26149e-01]
186500 [2.25802e+00, 1.72975e-01, 7.02499e-01, 4.12698e-01, 3.72702e-01, 1.63063e-01, 8.27704e-01]
187000 [2.25371e+00, 1.72798e-01, 7.02215e-01, 4.12228e-01, 3.72344e-01, 1.62958e-01, 8.27437e-01]
187500 [2.25184e+00, 1.72783e-01, 7.02223e-01, 4.13423e-01, 3.72355e-01, 1.63078e-01, 8.27989e-01]
188000 [2.25201e+00, 1.72476e-01, 7.02064e-01, 4.14750e-01, 3.72202e-01, 1.63230e-01, 8.27912e-01]
188500 [2.25415e+00, 1.72309e-01, 7.01988e-01, 4.15264e-01, 3.72171e-01, 1.63109e-01, 8.28158e-01]
189000 [2.25732e+00, 1.72167e-01, 7.01771e-01, 4.15486e-01, 3.71999e-01, 1.63417e-01, 8.28414e-01]
189500 [2.26157e+00, 1.72631e-01, 7.02701e-01, 4.16427e-01, 3.73349e-01, 1.63947e-01, 8.30743e-01]
190000 [2.26402e+00, 1.72288e-01, 7.02434e-01, 4.16859e-01, 3.73070e-01, 1.63896e-01, 8.30644e-01]
190500 [2.26180e+00, 1.72394e-01, 7.02169e-01, 4.11768e-01, 3.72748e-01, 1.63154e-01, 8.30607e-01]
191000 [2.25457e+00, 1.72459e-01, 7.02004e-01, 4.12975e-01, 3.72450e-01, 1.62846e-01, 8.30983e-01]
191500 [2.25035e+00, 1.72330e-01, 7.01858e-01, 4.13585e-01, 3.72348e-01, 1.62972e-01, 8.31515e-01]
192000 [2.24607e+00, 1.72708e-01, 7.01823e-01, 4.11512e-01, 3.72293e-01, 1.61921e-01, 8.31207e-01]
192500 [2.24718e+00, 1.72722e-01, 7.01749e-01, 4.11304e-01, 3.72186e-01, 1.62134e-01, 8.29340e-01]
193000 [2.24745e+00, 1.72736e-01, 7.02205e-01, 4.15578e-01, 3.72829e-01, 1.63414e-01, 8.28023e-01]
193500 [2.24649e+00, 1.72730e-01, 7.02046e-01, 4.12115e-01, 3.72529e-01, 1.62938e-01, 8.28067e-01]
194000 [2.24428e+00, 1.72389e-01, 7.01699e-01, 4.13618e-01, 3.72208e-01, 1.63058e-01, 8.27803e-01]
194500 [2.24470e+00, 1.72607e-01, 7.01636e-01, 4.11218e-01, 3.72092e-01, 1.62245e-01, 8.28365e-01]
195000 [2.24305e+00, 1.72834e-01, 7.01575e-01, 4.11598e-01, 3.72063e-01, 1.62180e-01, 8.26990e-01]
195500 [2.24793e+00, 1.73833e-01, 7.02908e-01, 4.19927e-01, 3.73978e-01, 1.63787e-01, 8.28369e-01]
196000 [2.24848e+00, 1.73513e-01, 7.02826e-01, 4.14640e-01, 3.73796e-01, 1.63797e-01, 8.29303e-01]
196500 [2.24847e+00, 1.73153e-01, 7.02674e-01, 4.14158e-01, 3.73549e-01, 1.63571e-01, 8.29980e-01]
197000 [2.24754e+00, 1.72801e-01, 7.02467e-01, 4.13803e-01, 3.73240e-01, 1.63344e-01, 8.30438e-01]
197500 [2.24554e+00, 1.72455e-01, 7.02152e-01, 4.13621e-01, 3.72830e-01, 1.63093e-01, 8.30998e-01]
198000 [2.24357e+00, 1.72389e-01, 7.01984e-01, 4.13733e-01, 3.72692e-01, 1.63193e-01, 8.31315e-01]
198500 [2.24154e+00, 1.72314e-01, 7.01844e-01, 4.13939e-01, 3.72571e-01, 1.63314e-01, 8.31590e-01]
199000 [2.23992e+00, 1.72241e-01, 7.01699e-01, 4.14117e-01, 3.72438e-01, 1.63396e-01, 8.32140e-01]
199500 [2.23982e+00, 1.72103e-01, 7.01522e-01, 4.14212e-01, 3.72288e-01, 1.63576e-01, 8.32896e-01]
200000 [2.23847e+00, 1.72420e-01, 7.01474e-01, 4.11623e-01, 3.72265e-01, 1.62753e-01, 8.30305e-01]
200500 [2.23759e+00, 1.72295e-01, 7.01335e-01, 4.12538e-01, 3.72134e-01, 1.62829e-01, 8.29819e-01]
201000 [2.23645e+00, 1.72128e-01, 7.01171e-01, 4.12745e-01, 3.71954e-01, 1.62899e-01, 8.28712e-01]
201500 [2.23611e+00, 1.72161e-01, 7.01191e-01, 4.13005e-01, 3.72020e-01, 1.63045e-01, 8.28479e-01]
202000 [2.23553e+00, 1.72134e-01, 7.00994e-01, 4.11013e-01, 3.71789e-01, 1.62605e-01, 8.27850e-01]
202500 [2.23794e+00, 1.72309e-01, 7.01132e-01, 4.14582e-01, 3.72233e-01, 1.63163e-01, 8.27693e-01]
203000 [2.23544e+00, 1.72877e-01, 7.01262e-01, 4.11014e-01, 3.72294e-01, 1.62565e-01, 8.26036e-01]
203500 [2.23864e+00, 1.72343e-01, 7.01107e-01, 4.14495e-01, 3.72029e-01, 1.62574e-01, 8.27995e-01]
204000 [2.24385e+00, 1.72036e-01, 7.00913e-01, 4.11619e-01, 3.71827e-01, 1.62849e-01, 8.27845e-01]
204500 [2.24152e+00, 1.72216e-01, 7.00825e-01, 4.11343e-01, 3.71725e-01, 1.62522e-01, 8.24793e-01]
205000 [2.24262e+00, 1.72142e-01, 7.00703e-01, 4.11882e-01, 3.71675e-01, 1.62663e-01, 8.24315e-01]
205500 [2.24557e+00, 1.71961e-01, 7.00592e-01, 4.12451e-01, 3.71581e-01, 1.62815e-01, 8.19421e-01]
206000 [2.24748e+00, 1.71817e-01, 7.00450e-01, 4.12924e-01, 3.71538e-01, 1.62806e-01, 8.18120e-01]
206500 [2.24976e+00, 1.71731e-01, 7.00205e-01, 4.14622e-01, 3.71411e-01, 1.62947e-01, 8.15352e-01]
207000 [2.25145e+00, 1.71735e-01, 7.01391e-01, 4.17294e-01, 3.72968e-01, 1.63348e-01, 8.11354e-01]
207500 [2.25743e+00, 1.71838e-01, 7.01276e-01, 4.12839e-01, 3.73035e-01, 1.62714e-01, 8.16853e-01]
208000 [2.25921e+00, 1.71849e-01, 7.01070e-01, 4.12766e-01, 3.72783e-01, 1.62497e-01, 8.20536e-01]
208500 [2.26016e+00, 1.71886e-01, 7.00759e-01, 4.12596e-01, 3.72472e-01, 1.62412e-01, 8.25161e-01]
209000 [2.26010e+00, 1.72623e-01, 7.01159e-01, 4.09602e-01, 3.73270e-01, 1.62925e-01, 8.27770e-01]
209500 [2.25401e+00, 1.73037e-01, 7.01153e-01, 4.10523e-01, 3.73033e-01, 1.61994e-01, 8.26539e-01]
210000 [2.25219e+00, 1.72775e-01, 7.00998e-01, 4.11921e-01, 3.72697e-01, 1.62343e-01, 8.25673e-01]
210500 [2.25486e+00, 1.72613e-01, 7.00774e-01, 4.13351e-01, 3.72424e-01, 1.62765e-01, 8.24798e-01]
211000 [2.25868e+00, 1.72583e-01, 7.00682e-01, 4.14119e-01, 3.72322e-01, 1.63054e-01, 8.22714e-01]
211500 [2.26132e+00, 1.72547e-01, 7.00507e-01, 4.14653e-01, 3.72191e-01, 1.63158e-01, 8.18075e-01]
212000 [2.26260e+00, 1.72460e-01, 7.00293e-01, 4.14933e-01, 3.71969e-01, 1.63105e-01, 8.13380e-01]
212500 [2.26367e+00, 1.72571e-01, 7.00212e-01, 4.14570e-01, 3.71808e-01, 1.63016e-01, 8.13622e-01]
213000 [2.26272e+00, 1.72772e-01, 7.00244e-01, 4.13062e-01, 3.71806e-01, 1.62769e-01, 8.14680e-01]
213500 [2.26160e+00, 1.72771e-01, 7.00099e-01, 4.13855e-01, 3.71714e-01, 1.62838e-01, 8.13284e-01]
214000 [2.25925e+00, 1.73101e-01, 7.00462e-01, 4.13494e-01, 3.72249e-01, 1.62723e-01, 8.13164e-01]
214500 [2.25450e+00, 1.72957e-01, 7.00378e-01, 4.13256e-01, 3.71885e-01, 1.62576e-01, 8.13401e-01]
215000 [2.25686e+00, 1.72611e-01, 7.00209e-01, 4.14491e-01, 3.71674e-01, 1.62933e-01, 8.12424e-01]
215500 [2.25878e+00, 1.72568e-01, 7.00070e-01, 4.14908e-01, 3.71617e-01, 1.62966e-01, 8.12324e-01]
216000 [2.26006e+00, 1.72512e-01, 6.99854e-01, 4.14552e-01, 3.71436e-01, 1.62888e-01, 8.14468e-01]
216500 [2.25345e+00, 1.73152e-01, 6.99932e-01, 4.09905e-01, 3.71411e-01, 1.61983e-01, 8.14640e-01]
217000 [2.24746e+00, 1.73344e-01, 6.99908e-01, 4.10309e-01, 3.71345e-01, 1.61996e-01, 8.13155e-01]
217500 [2.24631e+00, 1.73009e-01, 6.99863e-01, 4.12846e-01, 3.71376e-01, 1.62691e-01, 8.13970e-01]
218000 [2.24798e+00, 1.72779e-01, 6.99846e-01, 4.14461e-01, 3.71408e-01, 1.62700e-01, 8.14204e-01]
218500 [2.24543e+00, 1.73001e-01, 6.99731e-01, 4.09602e-01, 3.71184e-01, 1.61914e-01, 8.15106e-01]
219000 [2.24246e+00, 1.73025e-01, 6.99664e-01, 4.10602e-01, 3.71079e-01, 1.61895e-01, 8.14807e-01]
219500 [2.24668e+00, 1.72585e-01, 6.99491e-01, 4.14698e-01, 3.70988e-01, 1.62707e-01, 8.11523e-01]
220000 [2.25004e+00, 1.72829e-01, 6.99715e-01, 4.11864e-01, 3.71329e-01, 1.62644e-01, 8.04486e-01]
220500 [2.24853e+00, 1.72475e-01, 6.99547e-01, 4.12827e-01, 3.71027e-01, 1.62864e-01, 8.07058e-01]
221000 [2.24657e+00, 1.72560e-01, 6.99360e-01, 4.13754e-01, 3.70942e-01, 1.62593e-01, 8.07264e-01]
221500 [2.25044e+00, 1.72349e-01, 6.99180e-01, 4.14127e-01, 3.70810e-01, 1.62821e-01, 8.05134e-01]
222000 [2.24781e+00, 1.72901e-01, 6.99202e-01, 4.09371e-01, 3.70728e-01, 1.61962e-01, 8.02770e-01]
222500 [2.24919e+00, 1.72570e-01, 6.99065e-01, 4.14535e-01, 3.70666e-01, 1.62666e-01, 8.04226e-01]
223000 [2.25330e+00, 1.72792e-01, 6.99002e-01, 4.12320e-01, 3.70770e-01, 1.62864e-01, 8.08010e-01]
223500 [2.24676e+00, 1.73178e-01, 6.99000e-01, 4.10010e-01, 3.70577e-01, 1.62004e-01, 8.06639e-01]
224000 [2.24556e+00, 1.73247e-01, 6.99496e-01, 4.14260e-01, 3.71193e-01, 1.62790e-01, 8.09818e-01]
224500 [2.23952e+00, 1.73809e-01, 6.99322e-01, 4.04426e-01, 3.70925e-01, 1.61338e-01, 8.09324e-01]
225000 [2.23598e+00, 1.73982e-01, 6.99562e-01, 4.14708e-01, 3.70865e-01, 1.62401e-01, 8.07073e-01]
225500 [2.24861e+00, 1.72871e-01, 6.99255e-01, 4.14965e-01, 3.70593e-01, 1.63192e-01, 8.08345e-01]
226000 [2.25501e+00, 1.72682e-01, 6.99244e-01, 4.14860e-01, 3.70553e-01, 1.63161e-01, 8.11489e-01]
226500 [2.26065e+00, 1.72555e-01, 6.98967e-01, 4.14799e-01, 3.70389e-01, 1.63154e-01, 8.15559e-01]
227000 [2.26305e+00, 1.72611e-01, 6.98823e-01, 4.13930e-01, 3.70288e-01, 1.63088e-01, 8.22180e-01]
227500 [2.26500e+00, 1.72687e-01, 6.98774e-01, 4.15163e-01, 3.70245e-01, 1.63048e-01, 8.27191e-01]
228000 [2.26240e+00, 1.72925e-01, 6.98924e-01, 4.15024e-01, 3.70170e-01, 1.62829e-01, 8.28477e-01]
228500 [2.26516e+00, 1.72798e-01, 6.98984e-01, 4.14887e-01, 3.70396e-01, 1.63126e-01, 8.31577e-01]
229000 [2.26574e+00, 1.72688e-01, 6.98717e-01, 4.15008e-01, 3.70125e-01, 1.63098e-01, 8.31172e-01]
229500 [2.26583e+00, 1.72666e-01, 6.98714e-01, 4.14126e-01, 3.70114e-01, 1.63133e-01, 8.35017e-01]
230000 [2.26713e+00, 1.72633e-01, 6.98563e-01, 4.15106e-01, 3.69963e-01, 1.63101e-01, 8.42424e-01]
230500 [2.26986e+00, 1.72622e-01, 6.98458e-01, 4.15069e-01, 3.69925e-01, 1.63156e-01, 8.51962e-01]
231000 [2.27023e+00, 1.72633e-01, 6.98340e-01, 4.14697e-01, 3.69804e-01, 1.63077e-01, 8.59494e-01]
231500 [2.27097e+00, 1.72729e-01, 6.98344e-01, 4.14711e-01, 3.69825e-01, 1.63158e-01, 8.66165e-01]
232000 [2.27044e+00, 1.72841e-01, 6.98303e-01, 4.14044e-01, 3.69756e-01, 1.63108e-01, 8.70495e-01]
232500 [2.26711e+00, 1.72922e-01, 6.98291e-01, 4.14730e-01, 3.69738e-01, 1.63182e-01, 8.71077e-01]
233000 [2.26716e+00, 1.72857e-01, 6.98345e-01, 4.15275e-01, 3.69578e-01, 1.63290e-01, 8.74264e-01]
233500 [2.26697e+00, 1.72903e-01, 6.98334e-01, 4.15293e-01, 3.69469e-01, 1.63304e-01, 8.76829e-01]
234000 [2.26330e+00, 1.73571e-01, 6.98856e-01, 4.11112e-01, 3.69943e-01, 1.62763e-01, 8.78490e-01]
234500 [2.25608e+00, 1.73689e-01, 6.98801e-01, 4.11050e-01, 3.69618e-01, 1.62336e-01, 8.77712e-01]
235000 [2.25088e+00, 1.73668e-01, 6.98859e-01, 4.11106e-01, 3.69497e-01, 1.62317e-01, 8.77068e-01]
235500 [2.24758e+00, 1.73631e-01, 6.98901e-01, 4.10906e-01, 3.69443e-01, 1.62288e-01, 8.77092e-01]
236000 [2.24492e+00, 1.73517e-01, 6.98870e-01, 4.10637e-01, 3.69299e-01, 1.62188e-01, 8.76731e-01]
236500 [2.24300e+00, 1.73453e-01, 6.98932e-01, 4.10564e-01, 3.69285e-01, 1.62200e-01, 8.77520e-01]
237000 [2.24421e+00, 1.73191e-01, 6.99146e-01, 4.12081e-01, 3.69344e-01, 1.62901e-01, 8.78467e-01]
237500 [2.24241e+00, 1.72752e-01, 6.99007e-01, 4.13048e-01, 3.69179e-01, 1.63184e-01, 8.79556e-01]
238000 [2.24132e+00, 1.72710e-01, 6.99068e-01, 4.09952e-01, 3.69194e-01, 1.62766e-01, 8.79191e-01]
238500 [2.24297e+00, 1.72244e-01, 6.98961e-01, 4.13252e-01, 3.69182e-01, 1.63051e-01, 8.80097e-01]
239000 [2.24021e+00, 1.72177e-01, 6.98888e-01, 4.14076e-01, 3.69120e-01, 1.63154e-01, 8.79153e-01]
239500 [2.24097e+00, 1.72112e-01, 6.99041e-01, 4.11537e-01, 3.68974e-01, 1.62746e-01, 8.78751e-01]
240000 [2.24157e+00, 1.72039e-01, 6.98916e-01, 4.11012e-01, 3.68921e-01, 1.62368e-01, 8.79086e-01]
240500 [2.24412e+00, 1.72084e-01, 6.99339e-01, 4.13152e-01, 3.69374e-01, 1.62709e-01, 8.78524e-01]
241000 [2.22619e+00, 1.76669e-01, 6.99763e-01, 4.09593e-01, 3.69607e-01, 1.61712e-01, 8.68748e-01]
241500 [2.18481e+00, 1.83294e-01, 7.00446e-01, 4.05200e-01, 3.69617e-01, 1.60259e-01, 8.67381e-01]
242000 [2.16388e+00, 1.86404e-01, 7.00810e-01, 4.11815e-01, 3.69602e-01, 1.62078e-01, 8.66806e-01]
242500 [2.15257e+00, 1.87913e-01, 7.01599e-01, 4.11970e-01, 3.70311e-01, 1.62781e-01, 8.67756e-01]
243000 [2.14404e+00, 1.88588e-01, 7.01669e-01, 4.15419e-01, 3.70066e-01, 1.63362e-01, 8.67574e-01]
243500 [2.13564e+00, 1.89065e-01, 7.01906e-01, 4.14019e-01, 3.69732e-01, 1.63366e-01, 8.67506e-01]
244000 [2.13344e+00, 1.89643e-01, 7.02307e-01, 4.15570e-01, 3.69751e-01, 1.63909e-01, 8.67146e-01]
244500 [2.14661e+00, 1.88399e-01, 7.03623e-01, 4.30261e-01, 3.71727e-01, 1.65919e-01, 8.73013e-01]
245000 [2.18143e+00, 1.84358e-01, 7.03307e-01, 4.40541e-01, 3.71331e-01, 1.70166e-01, 8.75498e-01]
245500 [2.20756e+00, 1.85176e-01, 7.02990e-01, 4.25222e-01, 3.70932e-01, 1.68875e-01, 8.70390e-01]
246000 [2.19494e+00, 1.89025e-01, 7.02997e-01, 4.18931e-01, 3.70569e-01, 1.66107e-01, 8.65894e-01]
246500 [2.18255e+00, 1.89750e-01, 7.03137e-01, 4.18584e-01, 3.70311e-01, 1.65503e-01, 8.63158e-01]
247000 [2.17174e+00, 1.89676e-01, 7.03263e-01, 4.18682e-01, 3.70174e-01, 1.65399e-01, 8.58318e-01]
247500 [2.16431e+00, 1.89613e-01, 7.03345e-01, 4.18965e-01, 3.70040e-01, 1.65398e-01, 8.50963e-01]
248000 [2.16099e+00, 1.89753e-01, 7.03577e-01, 4.19660e-01, 3.69991e-01, 1.65561e-01, 8.43942e-01]
248500 [2.16020e+00, 1.89982e-01, 7.03807e-01, 4.20521e-01, 3.69895e-01, 1.65714e-01, 8.38629e-01]
249000 [2.16060e+00, 1.89977e-01, 7.04077e-01, 4.17640e-01, 3.69887e-01, 1.65319e-01, 8.37084e-01]
249500 [2.16215e+00, 1.90169e-01, 7.04165e-01, 4.21170e-01, 3.69674e-01, 1.65780e-01, 8.34407e-01]
250000 [2.16099e+00, 1.90444e-01, 7.04357e-01, 4.17243e-01, 3.69648e-01, 1.65156e-01, 8.32600e-01]
250500 [2.15877e+00, 1.90854e-01, 7.04480e-01, 4.18636e-01, 3.69454e-01, 1.65233e-01, 8.30919e-01]
251000 [2.16552e+00, 1.91611e-01, 7.06053e-01, 4.25372e-01, 3.72009e-01, 1.67118e-01, 8.25738e-01]
251500 [2.16472e+00, 1.92647e-01, 7.06196e-01, 4.22048e-01, 3.71722e-01, 1.66810e-01, 8.26255e-01]
252000 [2.16386e+00, 1.92445e-01, 7.06320e-01, 4.21913e-01, 3.71480e-01, 1.66553e-01, 8.27423e-01]
252500 [2.16165e+00, 1.92595e-01, 7.06391e-01, 4.20828e-01, 3.71214e-01, 1.66338e-01, 8.27145e-01]
253000 [2.15950e+00, 1.92265e-01, 7.06611e-01, 4.21517e-01, 3.71136e-01, 1.66333e-01, 8.27456e-01]
253500 [2.15540e+00, 1.92529e-01, 7.06891e-01, 4.20855e-01, 3.70979e-01, 1.66241e-01, 8.26625e-01]
254000 [2.15464e+00, 1.92555e-01, 7.07789e-01, 4.20857e-01, 3.71875e-01, 1.66374e-01, 8.26468e-01]
254500 [2.15401e+00, 1.92656e-01, 7.07865e-01, 4.21267e-01, 3.71542e-01, 1.66382e-01, 8.24995e-01]
255000 [2.15485e+00, 1.92230e-01, 7.08086e-01, 4.23632e-01, 3.71253e-01, 1.66573e-01, 8.21616e-01]
255500 [2.15878e+00, 1.92381e-01, 7.08296e-01, 4.25904e-01, 3.71049e-01, 1.67117e-01, 8.16642e-01]
256000 [2.16066e+00, 1.92558e-01, 7.08523e-01, 4.21814e-01, 3.70950e-01, 1.66522e-01, 8.13887e-01]
256500 [2.16263e+00, 1.92986e-01, 7.08803e-01, 4.23162e-01, 3.70803e-01, 1.66753e-01, 8.11534e-01]
257000 [2.16809e+00, 1.92985e-01, 7.09880e-01, 4.23256e-01, 3.71626e-01, 1.67251e-01, 8.08077e-01]
257500 [2.17273e+00, 1.92998e-01, 7.09814e-01, 4.23791e-01, 3.71233e-01, 1.67022e-01, 8.07303e-01]
258000 [2.17772e+00, 1.92875e-01, 7.09838e-01, 4.24088e-01, 3.70970e-01, 1.67016e-01, 8.07192e-01]
258500 [2.17935e+00, 1.92761e-01, 7.09890e-01, 4.23007e-01, 3.70701e-01, 1.66881e-01, 8.06388e-01]
259000 [2.19647e+00, 1.94250e-01, 7.10826e-01, 4.30442e-01, 3.72413e-01, 1.70676e-01, 8.04619e-01]
259500 [2.20486e+00, 1.95961e-01, 7.10814e-01, 4.32893e-01, 3.71945e-01, 1.70093e-01, 8.06575e-01]
260000 [2.20866e+00, 1.95789e-01, 7.10642e-01, 4.28141e-01, 3.71605e-01, 1.69728e-01, 8.12094e-01]
260500 [2.20749e+00, 1.95466e-01, 7.10716e-01, 4.27392e-01, 3.71254e-01, 1.69100e-01, 8.12586e-01]
261000 [2.22587e+00, 1.92608e-01, 7.11542e-01, 4.53365e-01, 3.72898e-01, 1.74023e-01, 8.09883e-01]
261500 [2.25665e+00, 1.89417e-01, 7.11168e-01, 4.49928e-01, 3.72539e-01, 1.75929e-01, 8.13207e-01]
262000 [2.28606e+00, 1.86666e-01, 7.10756e-01, 4.46014e-01, 3.72189e-01, 1.75771e-01, 8.17812e-01]
262500 [2.31147e+00, 1.84116e-01, 7.10357e-01, 4.41245e-01, 3.71844e-01, 1.74546e-01, 8.23202e-01]
263000 [2.33027e+00, 1.81705e-01, 7.10068e-01, 4.36280e-01, 3.71490e-01, 1.72528e-01, 8.30142e-01]
263500 [2.34104e+00, 1.80659e-01, 7.10138e-01, 4.32796e-01, 3.71651e-01, 1.70557e-01, 8.35854e-01]
264000 [2.34628e+00, 1.79632e-01, 7.10166e-01, 4.31583e-01, 3.71756e-01, 1.69654e-01, 8.42145e-01]
264500 [2.34639e+00, 1.79156e-01, 7.10166e-01, 4.30345e-01, 3.71698e-01, 1.69057e-01, 8.43563e-01]
265000 [2.34515e+00, 1.78389e-01, 7.10157e-01, 4.28830e-01, 3.71729e-01, 1.68531e-01, 8.50725e-01]
265500 [2.34259e+00, 1.77658e-01, 7.10106e-01, 4.27189e-01, 3.71650e-01, 1.68022e-01, 8.58654e-01]
266000 [2.33936e+00, 1.77322e-01, 7.09998e-01, 4.25906e-01, 3.71675e-01, 1.67516e-01, 8.63893e-01]
266500 [2.33635e+00, 1.76872e-01, 7.09951e-01, 4.25114e-01, 3.71694e-01, 1.67161e-01, 8.73492e-01]
267000 [2.33250e+00, 1.76756e-01, 7.09846e-01, 4.24729e-01, 3.71715e-01, 1.66945e-01, 8.78291e-01]
267500 [2.32710e+00, 1.76435e-01, 7.09775e-01, 4.24126e-01, 3.71635e-01, 1.66791e-01, 8.81242e-01]
268000 [2.32227e+00, 1.76302e-01, 7.09754e-01, 4.23829e-01, 3.71610e-01, 1.66515e-01, 8.83063e-01]
268500 [2.31800e+00, 1.76106e-01, 7.09684e-01, 4.22937e-01, 3.71595e-01, 1.66197e-01, 8.85459e-01]
269000 [2.30648e+00, 1.77070e-01, 7.10440e-01, 4.22014e-01, 3.72920e-01, 1.65397e-01, 8.87465e-01]
269500 [2.30587e+00, 1.75852e-01, 7.10210e-01, 4.21396e-01, 3.72598e-01, 1.66048e-01, 8.88190e-01]
270000 [2.30488e+00, 1.75333e-01, 7.10100e-01, 4.21201e-01, 3.72299e-01, 1.65783e-01, 8.89578e-01]
270500 [2.30427e+00, 1.75500e-01, 7.10020e-01, 4.21258e-01, 3.72114e-01, 1.65747e-01, 8.88771e-01]
271000 [2.30334e+00, 1.75601e-01, 7.09740e-01, 4.21511e-01, 3.72137e-01, 1.65552e-01, 8.87060e-01]
271500 [2.30238e+00, 1.75272e-01, 7.09477e-01, 4.21237e-01, 3.71997e-01, 1.65516e-01, 8.87038e-01]
272000 [2.30054e+00, 1.75129e-01, 7.09272e-01, 4.20664e-01, 3.71912e-01, 1.65315e-01, 8.86643e-01]
272500 [2.29928e+00, 1.74864e-01, 7.09064e-01, 4.20748e-01, 3.71820e-01, 1.65287e-01, 8.86642e-01]
273000 [2.29798e+00, 1.74810e-01, 7.08865e-01, 4.20238e-01, 3.71799e-01, 1.65129e-01, 8.86957e-01]
273500 [2.29827e+00, 1.74570e-01, 7.08604e-01, 4.20203e-01, 3.71707e-01, 1.65117e-01, 8.93011e-01]
274000 [2.29848e+00, 1.74513e-01, 7.08372e-01, 4.19396e-01, 3.71654e-01, 1.64840e-01, 8.99666e-01]
274500 [2.29970e+00, 1.74278e-01, 7.08152e-01, 4.19605e-01, 3.71620e-01, 1.64770e-01, 9.06009e-01]
275000 [2.29964e+00, 1.74254e-01, 7.07978e-01, 4.18943e-01, 3.71528e-01, 1.64590e-01, 9.10360e-01]
275500 [2.30048e+00, 1.74021e-01, 7.07669e-01, 4.18559e-01, 3.71414e-01, 1.64507e-01, 9.14939e-01]
276000 [2.29998e+00, 1.74657e-01, 7.08219e-01, 4.20132e-01, 3.72079e-01, 1.64651e-01, 9.20836e-01]
276500 [2.30214e+00, 1.74099e-01, 7.07896e-01, 4.18967e-01, 3.71798e-01, 1.64681e-01, 9.23327e-01]
277000 [2.30312e+00, 1.73885e-01, 7.07576e-01, 4.18421e-01, 3.71469e-01, 1.64452e-01, 9.25993e-01]
277500 [2.29518e+00, 1.74646e-01, 7.08105e-01, 4.17778e-01, 3.71629e-01, 1.64183e-01, 9.24367e-01]
278000 [2.29230e+00, 1.74254e-01, 7.07763e-01, 4.18233e-01, 3.71387e-01, 1.64234e-01, 9.23173e-01]
278500 [2.29041e+00, 1.74381e-01, 7.07720e-01, 4.20371e-01, 3.71374e-01, 1.64820e-01, 9.19638e-01]
279000 [2.29195e+00, 1.74972e-01, 7.09771e-01, 4.20285e-01, 3.72117e-01, 1.65352e-01, 9.20929e-01]
279500 [2.29220e+00, 1.74596e-01, 7.09516e-01, 4.19613e-01, 3.71855e-01, 1.65130e-01, 9.20224e-01]
280000 [2.29270e+00, 1.74337e-01, 7.09569e-01, 4.20703e-01, 3.71431e-01, 1.65263e-01, 9.17540e-01]
280500 [2.29301e+00, 1.74026e-01, 7.09506e-01, 4.20373e-01, 3.71304e-01, 1.65328e-01, 9.17863e-01]
281000 [2.28852e+00, 1.74079e-01, 7.09415e-01, 4.18522e-01, 3.71332e-01, 1.64603e-01, 9.18386e-01]
281500 [2.28786e+00, 1.73732e-01, 7.09178e-01, 4.20055e-01, 3.71236e-01, 1.64956e-01, 9.15307e-01]
282000 [2.28464e+00, 1.73832e-01, 7.09048e-01, 4.14521e-01, 3.71097e-01, 1.64390e-01, 9.10305e-01]
282500 [2.27801e+00, 1.73978e-01, 7.09370e-01, 4.15392e-01, 3.71719e-01, 1.64266e-01, 9.12848e-01]
283000 [2.27494e+00, 1.75106e-01, 7.10528e-01, 4.15614e-01, 3.73215e-01, 1.64370e-01, 9.10084e-01]
283500 [2.27526e+00, 1.74698e-01, 7.10347e-01, 4.17622e-01, 3.73026e-01, 1.64397e-01, 9.11153e-01]
284000 [2.27701e+00, 1.74236e-01, 7.10012e-01, 4.18520e-01, 3.72782e-01, 1.64550e-01, 9.11719e-01]
284500 [2.27875e+00, 1.74279e-01, 7.10819e-01, 4.17009e-01, 3.72350e-01, 1.64154e-01, 9.09772e-01]
285000 [2.27679e+00, 1.74038e-01, 7.10723e-01, 4.17639e-01, 3.72104e-01, 1.64207e-01, 9.10120e-01]
285500 [2.27615e+00, 1.73988e-01, 7.10867e-01, 4.17994e-01, 3.71919e-01, 1.64297e-01, 9.10658e-01]
286000 [2.27681e+00, 1.74005e-01, 7.11049e-01, 4.16996e-01, 3.71709e-01, 1.64221e-01, 9.10479e-01]
286500 [2.27036e+00, 1.74033e-01, 7.10955e-01, 4.15877e-01, 3.71697e-01, 1.64118e-01, 9.12788e-01]
287000 [2.26767e+00, 1.73755e-01, 7.10502e-01, 4.16610e-01, 3.71665e-01, 1.64442e-01, 9.13100e-01]
287500 [2.26179e+00, 1.74290e-01, 7.10467e-01, 4.12420e-01, 3.71760e-01, 1.63265e-01, 9.13131e-01]
288000 [2.25634e+00, 1.74322e-01, 7.10316e-01, 4.12494e-01, 3.71603e-01, 1.62900e-01, 9.11780e-01]
288500 [2.25283e+00, 1.74286e-01, 7.10105e-01, 4.12361e-01, 3.71528e-01, 1.62771e-01, 9.10949e-01]
289000 [2.25033e+00, 1.74179e-01, 7.09835e-01, 4.12151e-01, 3.71437e-01, 1.62701e-01, 9.10132e-01]
289500 [2.24836e+00, 1.74073e-01, 7.09547e-01, 4.11925e-01, 3.71357e-01, 1.62631e-01, 9.09245e-01]
290000 [2.25011e+00, 1.73652e-01, 7.09235e-01, 4.17031e-01, 3.71304e-01, 1.63177e-01, 9.10296e-01]
290500 [2.25135e+00, 1.73506e-01, 7.09283e-01, 4.13164e-01, 3.71264e-01, 1.63256e-01, 9.13616e-01]
291000 [2.25020e+00, 1.73125e-01, 7.08893e-01, 4.14329e-01, 3.71195e-01, 1.63504e-01, 9.15371e-01]
291500 [2.24835e+00, 1.73338e-01, 7.08824e-01, 4.12334e-01, 3.71211e-01, 1.62993e-01, 9.14097e-01]
292000 [2.24710e+00, 1.73282e-01, 7.08534e-01, 4.12474e-01, 3.71146e-01, 1.63125e-01, 9.15078e-01]
292500 [2.24669e+00, 1.73076e-01, 7.08148e-01, 4.12627e-01, 3.71022e-01, 1.63091e-01, 9.14650e-01]
293000 [2.25230e+00, 1.72297e-01, 7.07895e-01, 4.15459e-01, 3.72489e-01, 1.64244e-01, 9.31037e-01]
293500 [2.24824e+00, 1.72935e-01, 7.07788e-01, 4.09492e-01, 3.72376e-01, 1.62520e-01, 9.29851e-01]
294000 [2.24486e+00, 1.73155e-01, 7.07576e-01, 4.09841e-01, 3.72173e-01, 1.62015e-01, 9.29254e-01]
294500 [2.24231e+00, 1.73237e-01, 7.07277e-01, 4.10065e-01, 3.71914e-01, 1.61963e-01, 9.29058e-01]
295000 [2.24203e+00, 1.73306e-01, 7.07196e-01, 4.10615e-01, 3.71988e-01, 1.62167e-01, 9.28511e-01]
295500 [2.24480e+00, 1.73332e-01, 7.07322e-01, 4.11356e-01, 3.72098e-01, 1.62319e-01, 9.27756e-01]
296000 [2.24364e+00, 1.73488e-01, 7.07527e-01, 4.12282e-01, 3.72470e-01, 1.62292e-01, 9.24529e-01]
296500 [2.24840e+00, 1.72879e-01, 7.07093e-01, 4.14458e-01, 3.72199e-01, 1.62707e-01, 9.22208e-01]
297000 [2.25343e+00, 1.72597e-01, 7.06720e-01, 4.14770e-01, 3.72112e-01, 1.63056e-01, 9.22894e-01]
297500 [2.25627e+00, 1.72612e-01, 7.06397e-01, 4.15006e-01, 3.72087e-01, 1.63121e-01, 9.24978e-01]
298000 [2.25874e+00, 1.72672e-01, 7.06063e-01, 4.15228e-01, 3.72025e-01, 1.63160e-01, 9.28004e-01]
298500 [2.26054e+00, 1.72703e-01, 7.05766e-01, 4.15006e-01, 3.71921e-01, 1.63154e-01, 9.30006e-01]
299000 [2.25800e+00, 1.73273e-01, 7.05786e-01, 4.10304e-01, 3.72230e-01, 1.62551e-01, 9.31569e-01]
299500 [2.25525e+00, 1.73251e-01, 7.05523e-01, 4.11773e-01, 3.71887e-01, 1.62461e-01, 9.31338e-01]
300000 [2.25432e+00, 1.73076e-01, 7.05217e-01, 4.12293e-01, 3.71811e-01, 1.62432e-01, 9.30287e-01]
300500 [2.25361e+00, 1.72927e-01, 7.04900e-01, 4.12740e-01, 3.71729e-01, 1.62373e-01, 9.29268e-01]
301000 [2.25232e+00, 1.72938e-01, 7.04647e-01, 4.12257e-01, 3.71606e-01, 1.62312e-01, 9.28332e-01]
301500 [2.25313e+00, 1.73199e-01, 7.04978e-01, 4.13195e-01, 3.72378e-01, 1.62670e-01, 9.28894e-01]
302000 [2.25450e+00, 1.72917e-01, 7.04633e-01, 4.13350e-01, 3.72065e-01, 1.62668e-01, 9.28566e-01]
302500 [2.25445e+00, 1.72862e-01, 7.04177e-01, 4.11715e-01, 3.71815e-01, 1.62352e-01, 9.28306e-01]
303000 [2.25218e+00, 1.73081e-01, 7.04780e-01, 4.13689e-01, 3.72831e-01, 1.63216e-01, 9.26005e-01]
303500 [2.25205e+00, 1.73074e-01, 7.04708e-01, 4.12391e-01, 3.72552e-01, 1.63114e-01, 9.27967e-01]
304000 [2.25034e+00, 1.72826e-01, 7.04393e-01, 4.12096e-01, 3.72226e-01, 1.62934e-01, 9.28358e-01]
304500 [2.24978e+00, 1.73572e-01, 7.05729e-01, 4.13253e-01, 3.72775e-01, 1.63231e-01, 9.31432e-01]
305000 [2.25059e+00, 1.73118e-01, 7.05434e-01, 4.14099e-01, 3.72483e-01, 1.63303e-01, 9.31555e-01]
305500 [2.25628e+00, 1.72497e-01, 7.05108e-01, 4.16433e-01, 3.72220e-01, 1.63536e-01, 9.32136e-01]
306000 [2.26078e+00, 1.72113e-01, 7.04814e-01, 4.16445e-01, 3.72095e-01, 1.63542e-01, 9.33869e-01]
306500 [2.24048e+00, 1.75935e-01, 7.06526e-01, 3.94432e-01, 3.72941e-01, 1.59864e-01, 9.28492e-01]
307000 [2.18702e+00, 1.81767e-01, 7.06619e-01, 4.01603e-01, 3.72984e-01, 1.58502e-01, 9.25204e-01]
307500 [2.16161e+00, 1.84343e-01, 7.06496e-01, 4.07148e-01, 3.72961e-01, 1.60081e-01, 9.24370e-01]
308000 [2.14763e+00, 1.85840e-01, 7.06541e-01, 4.07563e-01, 3.73291e-01, 1.61053e-01, 9.26467e-01]
308500 [2.13580e+00, 1.87033e-01, 7.06428e-01, 4.09946e-01, 3.73133e-01, 1.61677e-01, 9.27169e-01]
309000 [2.13182e+00, 1.87657e-01, 7.06318e-01, 4.11411e-01, 3.73021e-01, 1.62333e-01, 9.29057e-01]
309500 [2.13312e+00, 1.89474e-01, 7.06218e-01, 4.13308e-01, 3.73118e-01, 1.62686e-01, 9.26053e-01]
310000 [2.14070e+00, 1.89971e-01, 7.06491e-01, 4.20071e-01, 3.72828e-01, 1.64441e-01, 9.24338e-01]
310500 [2.15040e+00, 1.89886e-01, 7.06371e-01, 4.20323e-01, 3.72513e-01, 1.65472e-01, 9.21174e-01]
311000 [2.15589e+00, 1.89707e-01, 7.06154e-01, 4.20689e-01, 3.72260e-01, 1.65562e-01, 9.21973e-01]
311500 [2.15812e+00, 1.89393e-01, 7.06719e-01, 4.20089e-01, 3.72468e-01, 1.65584e-01, 9.21668e-01]
312000 [2.15867e+00, 1.89485e-01, 7.06560e-01, 4.20465e-01, 3.72068e-01, 1.65341e-01, 9.22265e-01]
312500 [2.15983e+00, 1.89481e-01, 7.06479e-01, 4.20714e-01, 3.71776e-01, 1.65313e-01, 9.19966e-01]
313000 [2.16188e+00, 1.89503e-01, 7.06425e-01, 4.21069e-01, 3.71542e-01, 1.65444e-01, 9.13558e-01]
313500 [2.16450e+00, 1.89378e-01, 7.07208e-01, 4.21814e-01, 3.73032e-01, 1.65965e-01, 9.09798e-01]
314000 [2.16475e+00, 1.89808e-01, 7.07523e-01, 4.20440e-01, 3.72774e-01, 1.65652e-01, 9.06445e-01]
314500 [2.16562e+00, 1.89683e-01, 7.07381e-01, 4.20761e-01, 3.72397e-01, 1.65493e-01, 9.05088e-01]
315000 [2.16698e+00, 1.89519e-01, 7.07158e-01, 4.20900e-01, 3.71920e-01, 1.65355e-01, 9.02538e-01]
315500 [2.16882e+00, 1.89358e-01, 7.07029e-01, 4.20840e-01, 3.71588e-01, 1.65272e-01, 8.98784e-01]
316000 [2.16995e+00, 1.89202e-01, 7.06934e-01, 4.20763e-01, 3.71338e-01, 1.65242e-01, 8.95067e-01]
316500 [2.19987e+00, 1.84980e-01, 7.07313e-01, 4.34902e-01, 3.72270e-01, 1.68919e-01, 9.03668e-01]
317000 [2.23703e+00, 1.81340e-01, 7.07180e-01, 4.34098e-01, 3.71748e-01, 1.70243e-01, 9.03283e-01]
317500 [2.26480e+00, 1.78815e-01, 7.06936e-01, 4.29344e-01, 3.71392e-01, 1.68972e-01, 8.97133e-01]
318000 [2.28224e+00, 1.77442e-01, 7.06689e-01, 4.26194e-01, 3.71216e-01, 1.67617e-01, 8.90745e-01]
318500 [2.29191e+00, 1.76421e-01, 7.06444e-01, 4.23870e-01, 3.71041e-01, 1.66782e-01, 8.88569e-01]
319000 [2.29565e+00, 1.75900e-01, 7.06328e-01, 4.22445e-01, 3.70996e-01, 1.66172e-01, 8.91339e-01]
319500 [2.29664e+00, 1.75398e-01, 7.06144e-01, 4.21311e-01, 3.70884e-01, 1.65776e-01, 8.94984e-01]
320000 [2.29628e+00, 1.75239e-01, 7.06012e-01, 4.20901e-01, 3.70864e-01, 1.65379e-01, 8.99087e-01]
320500 [2.29656e+00, 1.74897e-01, 7.05854e-01, 4.20217e-01, 3.70747e-01, 1.65178e-01, 9.04875e-01]
321000 [2.29663e+00, 1.74660e-01, 7.05674e-01, 4.19727e-01, 3.70681e-01, 1.64823e-01, 9.12190e-01]
321500 [2.29693e+00, 1.74459e-01, 7.05573e-01, 4.19353e-01, 3.70685e-01, 1.64606e-01, 9.19142e-01]
322000 [2.29724e+00, 1.74174e-01, 7.05328e-01, 4.18707e-01, 3.70580e-01, 1.64321e-01, 9.25805e-01]
322500 [2.29013e+00, 1.74223e-01, 7.05446e-01, 4.18165e-01, 3.70838e-01, 1.64354e-01, 9.29705e-01]
323000 [2.28981e+00, 1.74031e-01, 7.05470e-01, 4.20397e-01, 3.70578e-01, 1.65087e-01, 9.27065e-01]
323500 [2.28742e+00, 1.73961e-01, 7.05133e-01, 4.17916e-01, 3.70411e-01, 1.64280e-01, 9.25674e-01]
324000 [2.28578e+00, 1.73702e-01, 7.05051e-01, 4.19537e-01, 3.70468e-01, 1.64590e-01, 9.26114e-01]
324500 [2.28740e+00, 1.73900e-01, 7.06932e-01, 4.13187e-01, 3.71671e-01, 1.65219e-01, 9.23219e-01]
325000 [2.27267e+00, 1.75913e-01, 7.06996e-01, 4.08379e-01, 3.71877e-01, 1.62071e-01, 9.28223e-01]
325500 [2.26144e+00, 1.76394e-01, 7.06857e-01, 4.09540e-01, 3.71692e-01, 1.61786e-01, 9.27738e-01]
326000 [2.25754e+00, 1.75510e-01, 7.06936e-01, 4.17387e-01, 3.71483e-01, 1.64326e-01, 9.18550e-01]
326500 [2.25897e+00, 1.74698e-01, 7.06888e-01, 4.15749e-01, 3.71230e-01, 1.64431e-01, 9.17896e-01]
327000 [2.25980e+00, 1.74291e-01, 7.06864e-01, 4.14864e-01, 3.71227e-01, 1.64219e-01, 9.19429e-01]
327500 [2.25910e+00, 1.73949e-01, 7.06713e-01, 4.14549e-01, 3.71095e-01, 1.63798e-01, 9.19564e-01]
328000 [2.25765e+00, 1.74276e-01, 7.07387e-01, 4.10346e-01, 3.71415e-01, 1.63519e-01, 9.20014e-01]
328500 [2.25244e+00, 1.73947e-01, 7.07049e-01, 4.13133e-01, 3.71271e-01, 1.62777e-01, 9.18345e-01]
329000 [2.25170e+00, 1.73654e-01, 7.06920e-01, 4.11914e-01, 3.71077e-01, 1.62749e-01, 9.17003e-01]
329500 [2.25191e+00, 1.73443e-01, 7.06548e-01, 4.12639e-01, 3.70932e-01, 1.62550e-01, 9.17988e-01]
330000 [2.25193e+00, 1.73261e-01, 7.06375e-01, 4.13162e-01, 3.70741e-01, 1.62459e-01, 9.20008e-01]
330500 [2.25123e+00, 1.73291e-01, 7.06353e-01, 4.12413e-01, 3.70662e-01, 1.62411e-01, 9.20690e-01]
331000 [2.25012e+00, 1.73110e-01, 7.06037e-01, 4.12364e-01, 3.70511e-01, 1.62315e-01, 9.20709e-01]
331500 [2.24953e+00, 1.73017e-01, 7.05814e-01, 4.12311e-01, 3.70426e-01, 1.62264e-01, 9.20970e-01]
332000 [2.25074e+00, 1.73600e-01, 7.06478e-01, 4.15836e-01, 3.71935e-01, 1.63076e-01, 9.22176e-01]
332500 [2.25108e+00, 1.73297e-01, 7.06347e-01, 4.15826e-01, 3.71722e-01, 1.63138e-01, 9.20750e-01]
333000 [2.25439e+00, 1.72589e-01, 7.06048e-01, 4.15617e-01, 3.71436e-01, 1.63881e-01, 9.18293e-01]
333500 [2.25224e+00, 1.72917e-01, 7.05547e-01, 4.11592e-01, 3.71097e-01, 1.62853e-01, 9.14027e-01]
334000 [2.24958e+00, 1.72929e-01, 7.05337e-01, 4.11808e-01, 3.71023e-01, 1.62770e-01, 9.13321e-01]
334500 [2.24928e+00, 1.72560e-01, 7.05036e-01, 4.11543e-01, 3.70993e-01, 1.62697e-01, 9.11142e-01]
335000 [2.25090e+00, 1.72748e-01, 7.05590e-01, 4.11512e-01, 3.71951e-01, 1.62764e-01, 9.07493e-01]
335500 [2.25026e+00, 1.72611e-01, 7.05347e-01, 4.11683e-01, 3.71679e-01, 1.62633e-01, 9.08274e-01]
336000 [2.25000e+00, 1.72452e-01, 7.05055e-01, 4.12330e-01, 3.71328e-01, 1.62584e-01, 9.08128e-01]
336500 [2.24599e+00, 1.72440e-01, 7.04744e-01, 4.11498e-01, 3.71301e-01, 1.62600e-01, 9.07601e-01]
337000 [2.24289e+00, 1.72375e-01, 7.04382e-01, 4.11246e-01, 3.71163e-01, 1.62479e-01, 9.06832e-01]
337500 [2.24033e+00, 1.72273e-01, 7.04045e-01, 4.11582e-01, 3.71042e-01, 1.62446e-01, 9.06235e-01]
338000 [2.23871e+00, 1.72190e-01, 7.03898e-01, 4.11559e-01, 3.70968e-01, 1.62419e-01, 9.06863e-01]
338500 [2.24155e+00, 1.72504e-01, 7.05414e-01, 4.14215e-01, 3.72289e-01, 1.63248e-01, 9.10800e-01]
339000 [2.24187e+00, 1.72546e-01, 7.05301e-01, 4.12220e-01, 3.72064e-01, 1.62385e-01, 9.10259e-01]
339500 [2.24569e+00, 1.72254e-01, 7.05125e-01, 4.13932e-01, 3.71750e-01, 1.62648e-01, 9.07362e-01]
340000 [2.24941e+00, 1.72109e-01, 7.04766e-01, 4.13915e-01, 3.71414e-01, 1.62725e-01, 9.06538e-01]
340500 [2.25084e+00, 1.72160e-01, 7.04519e-01, 4.12708e-01, 3.71256e-01, 1.62241e-01, 9.05213e-01]
341000 [2.25271e+00, 1.72082e-01, 7.04260e-01, 4.13256e-01, 3.71067e-01, 1.62376e-01, 9.03385e-01]
341500 [2.25412e+00, 1.72225e-01, 7.04015e-01, 4.13735e-01, 3.71038e-01, 1.62518e-01, 8.99634e-01]
342000 [2.25400e+00, 1.72408e-01, 7.03791e-01, 4.14260e-01, 3.70946e-01, 1.62617e-01, 8.98214e-01]
342500 [2.25452e+00, 1.72780e-01, 7.04010e-01, 4.11621e-01, 3.71086e-01, 1.62645e-01, 9.05744e-01]
343000 [2.25239e+00, 1.72652e-01, 7.03835e-01, 4.11973e-01, 3.70827e-01, 1.62676e-01, 9.04423e-01]
343500 [2.25109e+00, 1.72201e-01, 7.03466e-01, 4.15098e-01, 3.70820e-01, 1.62998e-01, 9.05736e-01]
344000 [2.25328e+00, 1.71579e-01, 7.03335e-01, 4.17764e-01, 3.70530e-01, 1.63574e-01, 9.06433e-01]
344500 [2.25177e+00, 1.72057e-01, 7.03095e-01, 4.13105e-01, 3.70468e-01, 1.62496e-01, 9.04828e-01]
345000 [2.25314e+00, 1.72152e-01, 7.02807e-01, 4.13523e-01, 3.70422e-01, 1.62560e-01, 9.03311e-01]
345500 [2.25643e+00, 1.71950e-01, 7.02588e-01, 4.15892e-01, 3.70346e-01, 1.63360e-01, 9.01290e-01]
346000 [2.25894e+00, 1.72483e-01, 7.03251e-01, 4.14004e-01, 3.71634e-01, 1.63575e-01, 8.97113e-01]
346500 [2.25964e+00, 1.72513e-01, 7.03088e-01, 4.14555e-01, 3.71392e-01, 1.63105e-01, 8.96818e-01]
347000 [2.26028e+00, 1.72478e-01, 7.02863e-01, 4.14459e-01, 3.71105e-01, 1.63010e-01, 8.95501e-01]
347500 [2.26135e+00, 1.72297e-01, 7.02708e-01, 4.16933e-01, 3.70809e-01, 1.63581e-01, 8.92733e-01]
348000 [2.26198e+00, 1.72173e-01, 7.02610e-01, 4.17896e-01, 3.70625e-01, 1.64184e-01, 8.89704e-01]
348500 [2.26444e+00, 1.71964e-01, 7.02177e-01, 4.17738e-01, 3.70666e-01, 1.64123e-01, 8.88359e-01]
349000 [2.26602e+00, 1.71942e-01, 7.01975e-01, 4.16438e-01, 3.70561e-01, 1.63804e-01, 8.88240e-01]
349500 [2.22435e+00, 1.78396e-01, 7.04429e-01, 3.96141e-01, 3.72858e-01, 1.60548e-01, 8.65782e-01]
350000 [2.18460e+00, 1.81648e-01, 7.04535e-01, 3.98241e-01, 3.72869e-01, 1.58148e-01, 8.64071e-01]
350500 [2.15284e+00, 1.84081e-01, 7.04431e-01, 4.02202e-01, 3.72787e-01, 1.58554e-01, 8.63535e-01]
351000 [2.12890e+00, 1.85907e-01, 7.04265e-01, 4.05822e-01, 3.72595e-01, 1.59960e-01, 8.63033e-01]
351500 [2.11587e+00, 1.87168e-01, 7.04589e-01, 4.08788e-01, 3.72476e-01, 1.61565e-01, 8.66280e-01]
352000 [2.11146e+00, 1.88134e-01, 7.04817e-01, 4.10902e-01, 3.72320e-01, 1.62549e-01, 8.72662e-01]
352500 [2.11268e+00, 1.88903e-01, 7.04881e-01, 4.12553e-01, 3.72152e-01, 1.63228e-01, 8.80149e-01]
353000 [2.11674e+00, 1.89622e-01, 7.04930e-01, 4.13999e-01, 3.71998e-01, 1.63794e-01, 8.87421e-01]
353500 [2.12963e+00, 1.89136e-01, 7.06003e-01, 4.13843e-01, 3.72942e-01, 1.64421e-01, 8.93273e-01]
354000 [2.13087e+00, 1.89489e-01, 7.05825e-01, 4.14772e-01, 3.72573e-01, 1.64102e-01, 8.93375e-01]
354500 [2.13335e+00, 1.89676e-01, 7.05599e-01, 4.15964e-01, 3.72204e-01, 1.64284e-01, 8.93235e-01]
355000 [2.13561e+00, 1.89815e-01, 7.05716e-01, 4.16529e-01, 3.72127e-01, 1.64544e-01, 8.93569e-01]
355500 [2.13686e+00, 1.89952e-01, 7.05734e-01, 4.18090e-01, 3.71805e-01, 1.64919e-01, 8.93336e-01]
356000 [2.13732e+00, 1.90016e-01, 7.05751e-01, 4.19524e-01, 3.71475e-01, 1.65391e-01, 8.92287e-01]
356500 [2.13855e+00, 1.90183e-01, 7.05837e-01, 4.18157e-01, 3.71283e-01, 1.65564e-01, 8.93838e-01]
357000 [2.14455e+00, 1.90272e-01, 7.05888e-01, 4.20779e-01, 3.71000e-01, 1.65585e-01, 8.93182e-01]
357500 [2.14949e+00, 1.90663e-01, 7.06024e-01, 4.22180e-01, 3.70725e-01, 1.65982e-01, 8.91682e-01]
358000 [2.15444e+00, 1.91405e-01, 7.06828e-01, 4.21049e-01, 3.71691e-01, 1.66473e-01, 8.89249e-01]
358500 [2.15685e+00, 1.91497e-01, 7.06887e-01, 4.21101e-01, 3.71318e-01, 1.66286e-01, 8.89290e-01]
359000 [2.15629e+00, 1.91520e-01, 7.06940e-01, 4.22370e-01, 3.70838e-01, 1.66623e-01, 8.86824e-01]
359500 [2.15598e+00, 1.91811e-01, 7.07169e-01, 4.24095e-01, 3.70622e-01, 1.66893e-01, 8.85372e-01]
360000 [2.15809e+00, 1.91962e-01, 7.07295e-01, 4.25170e-01, 3.70356e-01, 1.67356e-01, 8.81851e-01]
360500 [2.16080e+00, 1.92127e-01, 7.07466e-01, 4.26098e-01, 3.70107e-01, 1.67766e-01, 8.77169e-01]
361000 [2.16399e+00, 1.92382e-01, 7.07785e-01, 4.24980e-01, 3.69933e-01, 1.67765e-01, 8.72572e-01]
361500 [2.16905e+00, 1.92357e-01, 7.07878e-01, 4.27994e-01, 3.69657e-01, 1.67907e-01, 8.69567e-01]
362000 [2.21645e+00, 1.86749e-01, 7.08682e-01, 4.41681e-01, 3.70103e-01, 1.72891e-01, 8.75526e-01]
362500 [2.25322e+00, 1.83337e-01, 7.08836e-01, 4.34162e-01, 3.70024e-01, 1.72256e-01, 8.76573e-01]
363000 [2.27640e+00, 1.81053e-01, 7.08954e-01, 4.29434e-01, 3.69985e-01, 1.70396e-01, 8.76863e-01]
363500 [2.28850e+00, 1.79611e-01, 7.09018e-01, 4.26049e-01, 3.69991e-01, 1.68615e-01, 8.77032e-01]
364000 [2.29312e+00, 1.78397e-01, 7.08921e-01, 4.23257e-01, 3.69873e-01, 1.67475e-01, 8.76927e-01]
364500 [2.29291e+00, 1.77458e-01, 7.08667e-01, 4.21363e-01, 3.69714e-01, 1.66722e-01, 8.76495e-01]
365000 [2.29073e+00, 1.76696e-01, 7.08424e-01, 4.20824e-01, 3.69522e-01, 1.66432e-01, 8.75752e-01]
365500 [2.28850e+00, 1.76420e-01, 7.08233e-01, 4.20187e-01, 3.69373e-01, 1.65838e-01, 8.76049e-01]
366000 [2.28454e+00, 1.75771e-01, 7.07943e-01, 4.21234e-01, 3.69151e-01, 1.66272e-01, 8.76293e-01]
366500 [2.27924e+00, 1.75325e-01, 7.07758e-01, 4.20414e-01, 3.69039e-01, 1.66123e-01, 8.77463e-01]
367000 [2.27396e+00, 1.75079e-01, 7.07682e-01, 4.19804e-01, 3.69034e-01, 1.65946e-01, 8.79456e-01]
367500 [2.26845e+00, 1.74712e-01, 7.07491e-01, 4.19516e-01, 3.69075e-01, 1.65687e-01, 8.80969e-01]
368000 [2.26470e+00, 1.74267e-01, 7.07185e-01, 4.18797e-01, 3.68916e-01, 1.65417e-01, 8.83836e-01]
368500 [2.26082e+00, 1.73966e-01, 7.06983e-01, 4.18244e-01, 3.68811e-01, 1.65220e-01, 8.87560e-01]
369000 [2.25746e+00, 1.74450e-01, 7.07369e-01, 4.17211e-01, 3.69457e-01, 1.65046e-01, 8.88726e-01]
369500 [2.25640e+00, 1.73746e-01, 7.07038e-01, 4.18245e-01, 3.69150e-01, 1.65170e-01, 8.91894e-01]
370000 [2.25376e+00, 1.73453e-01, 7.06683e-01, 4.20045e-01, 3.68981e-01, 1.65133e-01, 8.95015e-01]
370500 [2.25149e+00, 1.73223e-01, 7.06353e-01, 4.17376e-01, 3.68807e-01, 1.64834e-01, 8.98501e-01]
371000 [2.24855e+00, 1.73107e-01, 7.06092e-01, 4.17101e-01, 3.68818e-01, 1.64695e-01, 9.02551e-01]
371500 [2.24631e+00, 1.72986e-01, 7.05851e-01, 4.16932e-01, 3.68750e-01, 1.64619e-01, 9.07291e-01]
372000 [2.24477e+00, 1.72769e-01, 7.05647e-01, 4.17072e-01, 3.68695e-01, 1.64450e-01, 9.11157e-01]
372500 [2.24609e+00, 1.72808e-01, 7.05367e-01, 4.14235e-01, 3.68627e-01, 1.63543e-01, 9.12667e-01]
373000 [2.24807e+00, 1.72880e-01, 7.05121e-01, 4.13317e-01, 3.68586e-01, 1.63113e-01, 9.11855e-01]
373500 [2.24996e+00, 1.72736e-01, 7.04816e-01, 4.13456e-01, 3.68443e-01, 1.63039e-01, 9.11409e-01]
374000 [2.25157e+00, 1.73176e-01, 7.05456e-01, 4.13886e-01, 3.68977e-01, 1.63306e-01, 9.12394e-01]
374500 [2.25129e+00, 1.72858e-01, 7.05075e-01, 4.12649e-01, 3.68714e-01, 1.62960e-01, 9.12199e-01]
375000 [2.25025e+00, 1.72578e-01, 7.04678e-01, 4.12547e-01, 3.68521e-01, 1.62814e-01, 9.12039e-01]
375500 [2.24890e+00, 1.72387e-01, 7.04309e-01, 4.12367e-01, 3.68431e-01, 1.62638e-01, 9.11731e-01]
376000 [2.24773e+00, 1.72205e-01, 7.03915e-01, 4.12060e-01, 3.68316e-01, 1.62544e-01, 9.11346e-01]
376500 [2.24406e+00, 1.74055e-01, 7.07060e-01, 4.08258e-01, 3.69165e-01, 1.62178e-01, 9.11854e-01]
377000 [2.24204e+00, 1.73332e-01, 7.06491e-01, 4.12516e-01, 3.69208e-01, 1.62505e-01, 9.09386e-01]
377500 [2.24211e+00, 1.72997e-01, 7.06241e-01, 4.12243e-01, 3.68958e-01, 1.62477e-01, 9.08369e-01]
378000 [2.24300e+00, 1.72646e-01, 7.05872e-01, 4.11718e-01, 3.68641e-01, 1.62249e-01, 9.07858e-01]
378500 [2.24380e+00, 1.72515e-01, 7.05550e-01, 4.11437e-01, 3.68466e-01, 1.62128e-01, 9.07450e-01]
379000 [2.24452e+00, 1.72464e-01, 7.05223e-01, 4.11576e-01, 3.68370e-01, 1.62053e-01, 9.07315e-01]
379500 [2.24496e+00, 1.72514e-01, 7.04907e-01, 4.11533e-01, 3.68331e-01, 1.62042e-01, 9.07023e-01]
380000 [2.24544e+00, 1.72465e-01, 7.04522e-01, 4.11877e-01, 3.68227e-01, 1.62046e-01, 9.06761e-01]
380500 [2.24593e+00, 1.72541e-01, 7.04202e-01, 4.11872e-01, 3.68168e-01, 1.62068e-01, 9.06336e-01]
381000 [2.24643e+00, 1.72653e-01, 7.03940e-01, 4.11895e-01, 3.68148e-01, 1.62107e-01, 9.06079e-01]
381500 [2.24667e+00, 1.72662e-01, 7.03715e-01, 4.11892e-01, 3.68123e-01, 1.62190e-01, 9.05983e-01]
382000 [2.25014e+00, 1.72944e-01, 7.03428e-01, 4.13748e-01, 3.68391e-01, 1.62878e-01, 9.07256e-01]
382500 [2.24385e+00, 1.73919e-01, 7.04953e-01, 4.11442e-01, 3.69435e-01, 1.61990e-01, 9.07150e-01]
383000 [2.24522e+00, 1.73557e-01, 7.04779e-01, 4.12946e-01, 3.69268e-01, 1.62593e-01, 9.07990e-01]
383500 [2.24619e+00, 1.73157e-01, 7.04594e-01, 4.12818e-01, 3.69038e-01, 1.63010e-01, 9.08033e-01]
384000 [2.24569e+00, 1.72777e-01, 7.04339e-01, 4.12129e-01, 3.68746e-01, 1.62962e-01, 9.07463e-01]
384500 [2.24496e+00, 1.73601e-01, 7.03478e-01, 4.14432e-01, 3.68608e-01, 1.61875e-01, 9.10926e-01]
385000 [2.19063e+00, 1.80935e-01, 7.04630e-01, 3.98564e-01, 3.69390e-01, 1.58741e-01, 9.07881e-01]
385500 [2.15595e+00, 1.83557e-01, 7.04405e-01, 4.03053e-01, 3.69409e-01, 1.58953e-01, 9.09332e-01]
386000 [2.14648e+00, 1.83252e-01, 7.04683e-01, 4.18919e-01, 3.69952e-01, 1.61948e-01, 9.12059e-01]
386500 [2.13980e+00, 1.85781e-01, 7.04338e-01, 4.07957e-01, 3.69771e-01, 1.61640e-01, 9.17434e-01]
387000 [2.13271e+00, 1.86224e-01, 7.03956e-01, 4.08681e-01, 3.69454e-01, 1.61337e-01, 9.17213e-01]
387500 [2.12771e+00, 1.86354e-01, 7.03545e-01, 4.08996e-01, 3.69251e-01, 1.61300e-01, 9.17368e-01]
388000 [2.13435e+00, 1.84531e-01, 7.03803e-01, 4.25384e-01, 3.69472e-01, 1.63611e-01, 9.18204e-01]
388500 [2.18354e+00, 1.79059e-01, 7.03200e-01, 4.22760e-01, 3.68991e-01, 1.67138e-01, 9.15502e-01]
389000 [2.21707e+00, 1.77406e-01, 7.02552e-01, 4.19337e-01, 3.68650e-01, 1.65714e-01, 9.17473e-01]
389500 [2.22741e+00, 1.76218e-01, 7.03825e-01, 4.15062e-01, 3.71072e-01, 1.63639e-01, 9.28279e-01]
390000 [2.21574e+00, 1.78892e-01, 7.03781e-01, 4.06745e-01, 3.70846e-01, 1.61391e-01, 9.28765e-01]
390500 [2.19203e+00, 1.81157e-01, 7.03811e-01, 4.08267e-01, 3.70629e-01, 1.60696e-01, 9.29886e-01]
391000 [2.18458e+00, 1.80726e-01, 7.03931e-01, 4.21541e-01, 3.70386e-01, 1.63216e-01, 9.34216e-01]
391500 [2.21000e+00, 1.78184e-01, 7.04150e-01, 4.23167e-01, 3.70672e-01, 1.66284e-01, 9.29459e-01]
392000 [2.22965e+00, 1.76227e-01, 7.03909e-01, 4.19068e-01, 3.70310e-01, 1.65941e-01, 9.30225e-01]
392500 [2.24174e+00, 1.75451e-01, 7.03646e-01, 4.17331e-01, 3.70281e-01, 1.65190e-01, 9.29371e-01]
393000 [2.24836e+00, 1.74949e-01, 7.03473e-01, 4.16243e-01, 3.70321e-01, 1.64692e-01, 9.26869e-01]
393500 [2.25165e+00, 1.74504e-01, 7.03263e-01, 4.15303e-01, 3.70309e-01, 1.64303e-01, 9.24333e-01]
394000 [2.25225e+00, 1.74273e-01, 7.03179e-01, 4.14942e-01, 3.70381e-01, 1.64080e-01, 9.20107e-01]
394500 [2.25277e+00, 1.73796e-01, 7.03169e-01, 4.15191e-01, 3.70258e-01, 1.63976e-01, 9.18451e-01]
395000 [2.25229e+00, 1.73547e-01, 7.03191e-01, 4.14928e-01, 3.70147e-01, 1.63691e-01, 9.18388e-01]
395500 [2.25068e+00, 1.73383e-01, 7.03028e-01, 4.14795e-01, 3.70121e-01, 1.63414e-01, 9.18523e-01]
396000 [2.24915e+00, 1.73010e-01, 7.02874e-01, 4.14575e-01, 3.69975e-01, 1.63416e-01, 9.18693e-01]
396500 [2.24696e+00, 1.72709e-01, 7.02848e-01, 4.14284e-01, 3.69877e-01, 1.63462e-01, 9.18913e-01]
397000 [2.24266e+00, 1.73350e-01, 7.03106e-01, 4.15040e-01, 3.70270e-01, 1.63153e-01, 9.19463e-01]
397500 [2.24382e+00, 1.72601e-01, 7.02796e-01, 4.14639e-01, 3.69904e-01, 1.63663e-01, 9.20085e-01]
398000 [2.24239e+00, 1.72486e-01, 7.02414e-01, 4.14671e-01, 3.69811e-01, 1.63454e-01, 9.20689e-01]
398500 [2.23959e+00, 1.72484e-01, 7.02160e-01, 4.14330e-01, 3.69811e-01, 1.63285e-01, 9.21110e-01]
399000 [2.23763e+00, 1.72315e-01, 7.01963e-01, 4.14733e-01, 3.69679e-01, 1.63414e-01, 9.21687e-01]
399500 [2.23610e+00, 1.72253e-01, 7.01885e-01, 4.14694e-01, 3.69632e-01, 1.63674e-01, 9.22142e-01]
400000 [2.23534e+00, 1.72100e-01, 7.01888e-01, 4.14902e-01, 3.69846e-01, 1.63641e-01, 9.23080e-01]
