# x
1.680000000000000000e+02
3.360000000000000000e+02
6.720000000000000000e+02
7.440000000000000000e+02
8.400000000000000000e+02
1.008000000000000000e+03
1.344000000000000000e+03
1.680000000000000000e+02
3.360000000000000000e+02
6.720000000000000000e+02
7.440000000000000000e+02
8.400000000000000000e+02
1.008000000000000000e+03
1.344000000000000000e+03
1.680000000000000000e+02
3.360000000000000000e+02
6.720000000000000000e+02
7.440000000000000000e+02
8.400000000000000000e+02
1.008000000000000000e+03
1.344000000000000000e+03
1.680000000000000000e+02
3.360000000000000000e+02
6.720000000000000000e+02
7.440000000000000000e+02
8.400000000000000000e+02
1.008000000000000000e+03
1.344000000000000000e+03
1.680000000000000000e+02
3.360000000000000000e+02
6.720000000000000000e+02
7.440000000000000000e+02
8.400000000000000000e+02
1.008000000000000000e+03
1.344000000000000000e+03
1.680000000000000000e+02
3.360000000000000000e+02
6.720000000000000000e+02
7.440000000000000000e+02
8.400000000000000000e+02
1.008000000000000000e+03
1.344000000000000000e+03
1.680000000000000000e+02
3.360000000000000000e+02
6.720000000000000000e+02
7.440000000000000000e+02
8.400000000000000000e+02
1.008000000000000000e+03
1.344000000000000000e+03
1.680000000000000000e+02
3.360000000000000000e+02
6.720000000000000000e+02
7.440000000000000000e+02
8.400000000000000000e+02
1.008000000000000000e+03
1.344000000000000000e+03
1.344000000000000000e+03
0.000000000000000000e+00
1.344000000000000000e+03
0.000000000000000000e+00
0.000000000000000000e+00
1.344000000000000000e+03
0.000000000000000000e+00
6.720000000000000000e+02
3.360000000000000000e+02
1.008000000000000000e+03
1.680000000000000000e+02
8.400000000000000000e+02
5.040000000000000000e+02
1.176000000000000000e+03
8.400000000000000000e+01
7.560000000000000000e+02
4.200000000000000000e+02
1.092000000000000000e+03
2.520000000000000000e+02
9.240000000000000000e+02
5.880000000000000000e+02
1.260000000000000000e+03
4.200000000000000000e+01
7.140000000000000000e+02
3.780000000000000000e+02
1.050000000000000000e+03
2.100000000000000000e+02
8.820000000000000000e+02
5.460000000000000000e+02
1.218000000000000000e+03
1.260000000000000000e+02
7.980000000000000000e+02
4.620000000000000000e+02
1.134000000000000000e+03
2.940000000000000000e+02
9.660000000000000000e+02
6.300000000000000000e+02
1.302000000000000000e+03
2.100000000000000000e+01
6.930000000000000000e+02
3.570000000000000000e+02
1.029000000000000000e+03
1.890000000000000000e+02
8.610000000000000000e+02
5.250000000000000000e+02
1.197000000000000000e+03
1.050000000000000000e+02
7.770000000000000000e+02
4.410000000000000000e+02
1.113000000000000000e+03
2.730000000000000000e+02
9.450000000000000000e+02
6.090000000000000000e+02
1.281000000000000000e+03
6.300000000000000000e+01
7.350000000000000000e+02
3.990000000000000000e+02
