0 [2.52000e+00, 2.16000e-01, 7.74000e-01, 4.87000e-01, 3.62000e-01, 1.90000e-01, 5.70000e-01]
500 [2.65791e+00, 2.18981e-01, 7.91282e-01, 5.17754e-01, 3.60695e-01, 2.03941e-01, 5.76723e-01]
1000 [2.78410e+00, 2.37166e-01, 8.24708e-01, 5.12974e-01, 3.61660e-01, 2.08124e-01, 5.91518e-01]
1500 [2.99936e+00, 2.44677e-01, 8.83771e-01, 5.69631e-01, 3.68753e-01, 2.28149e-01, 6.01706e-01]
2000 [3.16237e+00, 2.54794e-01, 9.29768e-01, 5.95537e-01, 3.79128e-01, 2.38708e-01, 6.08381e-01]
2500 [3.31644e+00, 2.62705e-01, 9.74099e-01, 6.26999e-01, 3.96424e-01, 2.58799e-01, 6.21811e-01]
3000 [3.32192e+00, 2.43015e-01, 9.96034e-01, 5.93447e-01, 4.05835e-01, 2.34480e-01, 6.27455e-01]
3500 [3.22436e+00, 2.37210e-01, 9.79135e-01, 5.80389e-01, 4.12494e-01, 2.29037e-01, 6.24394e-01]
4000 [3.14360e+00, 2.32934e-01, 9.59680e-01, 5.70209e-01, 4.17568e-01, 2.25001e-01, 6.21083e-01]
4500 [3.11787e+00, 2.31744e-01, 9.49782e-01, 5.67174e-01, 4.20791e-01, 2.23841e-01, 6.18975e-01]
5000 [3.07817e+00, 2.28982e-01, 9.39246e-01, 5.60457e-01, 4.21633e-01, 2.21257e-01, 6.15718e-01]
5500 [3.10854e+00, 2.34174e-01, 9.46193e-01, 5.71253e-01, 4.23733e-01, 2.25759e-01, 6.18489e-01]
6000 [3.09350e+00, 2.31368e-01, 9.43919e-01, 5.65437e-01, 4.23375e-01, 2.23729e-01, 6.18901e-01]
6500 [3.12494e+00, 2.31501e-01, 9.49457e-01, 5.78165e-01, 4.25058e-01, 2.28224e-01, 6.02368e-01]
7000 [3.17259e+00, 2.31164e-01, 9.50087e-01, 5.81935e-01, 4.26768e-01, 2.29967e-01, 5.97741e-01]
7500 [3.18594e+00, 2.31317e-01, 9.50552e-01, 5.83277e-01, 4.28218e-01, 2.30801e-01, 5.96843e-01]
8000 [3.19307e+00, 2.31699e-01, 9.51977e-01, 5.84351e-01, 4.29497e-01, 2.31401e-01, 5.97270e-01]
8500 [3.25882e+00, 2.36332e-01, 9.64351e-01, 5.95937e-01, 4.32184e-01, 2.36285e-01, 5.98059e-01]
9000 [3.24452e+00, 2.34863e-01, 9.62663e-01, 5.93336e-01, 4.33870e-01, 2.35530e-01, 5.97952e-01]
9500 [3.22962e+00, 2.34081e-01, 9.61389e-01, 5.92181e-01, 4.34842e-01, 2.35137e-01, 5.97992e-01]
10000 [3.25775e+00, 2.40304e-01, 9.72521e-01, 6.03938e-01, 4.38031e-01, 2.40944e-01, 6.04382e-01]
10500 [3.27321e+00, 2.37577e-01, 9.73345e-01, 6.02174e-01, 4.39705e-01, 2.39345e-01, 6.07696e-01]
11000 [3.26796e+00, 2.35949e-01, 9.69991e-01, 5.99859e-01, 4.40055e-01, 2.38263e-01, 6.09581e-01]
11500 [3.25900e+00, 2.34937e-01, 9.66791e-01, 5.97808e-01, 4.39806e-01, 2.37475e-01, 6.12425e-01]
12000 [3.25011e+00, 2.34068e-01, 9.64066e-01, 5.96101e-01, 4.39192e-01, 2.36756e-01, 6.14770e-01]
12500 [3.25652e+00, 2.34975e-01, 9.67009e-01, 5.97616e-01, 4.39691e-01, 2.37372e-01, 6.23662e-01]
13000 [3.24980e+00, 2.33691e-01, 9.63408e-01, 5.95509e-01, 4.38840e-01, 2.36487e-01, 6.25118e-01]
13500 [3.24459e+00, 2.33703e-01, 9.63075e-01, 5.94761e-01, 4.38473e-01, 2.36130e-01, 6.27775e-01]
14000 [3.23699e+00, 2.32808e-01, 9.60391e-01, 5.93228e-01, 4.37642e-01, 2.35697e-01, 6.27775e-01]
14500 [3.24499e+00, 2.45867e-01, 9.70945e-01, 6.07267e-01, 4.39284e-01, 2.41151e-01, 6.39124e-01]
15000 [3.29968e+00, 2.38105e-01, 9.75997e-01, 6.02339e-01, 4.40885e-01, 2.39268e-01, 6.42911e-01]
15500 [3.28957e+00, 2.36654e-01, 9.74176e-01, 6.01516e-01, 4.41350e-01, 2.39120e-01, 6.40656e-01]
16000 [3.27662e+00, 2.37431e-01, 9.73752e-01, 6.02989e-01, 4.41836e-01, 2.39223e-01, 6.41271e-01]
16500 [3.27028e+00, 2.35551e-01, 9.72148e-01, 5.98947e-01, 4.41737e-01, 2.38109e-01, 6.40848e-01]
17000 [3.26591e+00, 2.36102e-01, 9.74448e-01, 6.01185e-01, 4.42000e-01, 2.38781e-01, 6.44967e-01]
17500 [3.29928e+00, 2.52354e-01, 9.92244e-01, 6.16988e-01, 4.44841e-01, 2.45321e-01, 6.44141e-01]
18000 [3.38622e+00, 2.48667e-01, 1.01313e+00, 6.26356e-01, 4.50521e-01, 2.48445e-01, 6.53394e-01]
18500 [3.34912e+00, 2.52656e-01, 1.00855e+00, 6.03368e-01, 4.54074e-01, 2.32327e-01, 6.75270e-01]
19000 [3.33552e+00, 2.49919e-01, 1.01546e+00, 6.08273e-01, 4.56179e-01, 2.40096e-01, 6.81045e-01]
19500 [3.30810e+00, 2.46728e-01, 1.00842e+00, 6.02863e-01, 4.56413e-01, 2.37804e-01, 6.81828e-01]
20000 [3.27887e+00, 2.44354e-01, 1.00080e+00, 5.97838e-01, 4.55018e-01, 2.35837e-01, 6.81823e-01]
20500 [3.25426e+00, 2.42576e-01, 9.94388e-01, 5.93676e-01, 4.53035e-01, 2.34212e-01, 6.81956e-01]
21000 [3.23312e+00, 2.41074e-01, 9.88626e-01, 5.90082e-01, 4.50823e-01, 2.32817e-01, 6.82512e-01]
21500 [3.21440e+00, 2.39659e-01, 9.83272e-01, 5.86631e-01, 4.48499e-01, 2.31477e-01, 6.83809e-01]
22000 [3.19698e+00, 2.38294e-01, 9.78047e-01, 5.83329e-01, 4.46046e-01, 2.30180e-01, 6.85587e-01]
22500 [3.18000e+00, 2.40220e-01, 9.73399e-01, 5.84975e-01, 4.43935e-01, 2.31010e-01, 6.91181e-01]
23000 [3.19083e+00, 2.39102e-01, 9.73828e-01, 5.85157e-01, 4.44228e-01, 2.31124e-01, 6.97944e-01]
23500 [3.17581e+00, 2.36612e-01, 9.70393e-01, 5.79160e-01, 4.42240e-01, 2.28654e-01, 6.96443e-01]
24000 [3.15758e+00, 2.35713e-01, 9.65946e-01, 5.76741e-01, 4.40369e-01, 2.27803e-01, 6.95837e-01]
24500 [3.25758e+00, 2.49919e-01, 9.89526e-01, 6.07889e-01, 4.43559e-01, 2.41494e-01, 7.12591e-01]
25000 [3.32655e+00, 2.45859e-01, 9.97658e-01, 6.14185e-01, 4.47426e-01, 2.44090e-01, 7.15700e-01]
25500 [3.34100e+00, 2.46000e-01, 9.98856e-01, 6.16231e-01, 4.50061e-01, 2.45115e-01, 7.18161e-01]
26000 [3.34653e+00, 2.46281e-01, 1.00056e+00, 6.18391e-01, 4.52383e-01, 2.46056e-01, 7.18185e-01]
26500 [3.35471e+00, 2.46379e-01, 1.00207e+00, 6.19821e-01, 4.54052e-01, 2.46629e-01, 7.17216e-01]
27000 [3.36733e+00, 2.46389e-01, 1.00370e+00, 6.21390e-01, 4.55081e-01, 2.46985e-01, 7.16383e-01]
27500 [3.46952e+00, 2.97601e-01, 1.03585e+00, 6.80723e-01, 4.57979e-01, 2.74345e-01, 7.60275e-01]
28000 [3.76854e+00, 3.08478e-01, 1.09815e+00, 7.40040e-01, 4.63785e-01, 2.96060e-01, 7.71769e-01]
28500 [4.03245e+00, 3.21151e-01, 1.15388e+00, 7.83133e-01, 4.74046e-01, 3.15233e-01, 7.84835e-01]
29000 [4.21174e+00, 3.22065e-01, 1.22970e+00, 7.74917e-01, 4.93875e-01, 3.12056e-01, 7.97850e-01]
29500 [4.34948e+00, 3.56032e-01, 1.28963e+00, 8.39281e-01, 5.13600e-01, 3.36958e-01, 8.17185e-01]
30000 [4.57728e+00, 3.74818e-01, 1.36104e+00, 8.81473e-01, 5.34722e-01, 3.55922e-01, 8.21598e-01]
30500 [4.79916e+00, 3.92696e-01, 1.43500e+00, 9.23796e-01, 5.58899e-01, 3.74850e-01, 8.19043e-01]
31000 [5.01682e+00, 4.10728e-01, 1.51073e+00, 9.64365e-01, 5.85483e-01, 3.93041e-01, 8.16684e-01]
31500 [5.13572e+00, 4.21138e-01, 1.57264e+00, 9.32164e-01, 6.14284e-01, 3.69344e-01, 8.17460e-01]
32000 [5.29732e+00, 4.48780e-01, 1.63534e+00, 1.03520e+00, 6.34537e-01, 4.23333e-01, 8.44001e-01]
32500 [5.54569e+00, 4.62686e-01, 1.71011e+00, 1.07818e+00, 6.61851e-01, 4.42007e-01, 8.67542e-01]
33000 [5.80919e+00, 4.78959e-01, 1.78200e+00, 1.12859e+00, 6.91475e-01, 4.65267e-01, 8.84211e-01]
33500 [6.06009e+00, 4.93721e-01, 1.85725e+00, 1.18603e+00, 7.23359e-01, 4.93477e-01, 8.84731e-01]
34000 [6.31838e+00, 5.09828e-01, 1.93251e+00, 1.25031e+00, 7.56667e-01, 5.27687e-01, 8.90519e-01]
34500 [6.34513e+00, 4.83647e-01, 1.96693e+00, 1.15937e+00, 7.93145e-01, 4.63716e-01, 8.96640e-01]
35000 [6.30041e+00, 4.68566e-01, 1.92897e+00, 1.14359e+00, 8.19720e-01, 4.54089e-01, 9.03114e-01]
35500 [6.22177e+00, 4.56924e-01, 1.89009e+00, 1.13101e+00, 8.31241e-01, 4.48816e-01, 9.09099e-01]
36000 [6.14906e+00, 4.50976e-01, 1.86717e+00, 1.12139e+00, 8.34053e-01, 4.45220e-01, 9.14318e-01]
36500 [6.08922e+00, 4.46711e-01, 1.85190e+00, 1.11288e+00, 8.32921e-01, 4.41754e-01, 9.18668e-01]
37000 [6.03990e+00, 4.42710e-01, 1.83903e+00, 1.10437e+00, 8.29878e-01, 4.38270e-01, 9.23245e-01]
37500 [5.99476e+00, 4.38478e-01, 1.82644e+00, 1.09581e+00, 8.25727e-01, 4.34664e-01, 9.27636e-01]
38000 [5.94756e+00, 4.49645e-01, 1.81576e+00, 1.09232e+00, 8.22566e-01, 4.37344e-01, 9.29241e-01]
38500 [5.95024e+00, 4.36359e-01, 1.81630e+00, 1.09366e+00, 8.21103e-01, 4.34413e-01, 9.39537e-01]
39000 [5.91396e+00, 4.31886e-01, 1.80202e+00, 1.08262e+00, 8.16767e-01, 4.29877e-01, 9.43260e-01]
39500 [5.87005e+00, 4.28005e-01, 1.78773e+00, 1.07433e+00, 8.11384e-01, 4.26431e-01, 9.43654e-01]
40000 [5.82749e+00, 4.24379e-01, 1.77415e+00, 1.06669e+00, 8.05935e-01, 4.23415e-01, 9.42126e-01]
40500 [5.79610e+00, 4.24780e-01, 1.77164e+00, 1.06611e+00, 8.03137e-01, 4.25505e-01, 9.37019e-01]
41000 [5.76285e+00, 4.21633e-01, 1.76135e+00, 1.05725e+00, 7.98576e-01, 4.22779e-01, 9.37316e-01]
41500 [5.73685e+00, 4.18738e-01, 1.75038e+00, 1.05275e+00, 7.93949e-01, 4.20189e-01, 9.34883e-01]
42000 [5.75309e+00, 5.03786e-01, 1.79598e+00, 1.06281e+00, 7.87764e-01, 4.38473e-01, 9.47903e-01]
42500 [6.03484e+00, 5.08124e-01, 1.87701e+00, 1.17133e+00, 7.89718e-01, 4.84461e-01, 9.66306e-01]
43000 [6.34379e+00, 5.27894e-01, 1.96305e+00, 1.23982e+00, 8.02986e-01, 5.16962e-01, 9.73979e-01]
43500 [6.64331e+00, 5.49849e-01, 2.06327e+00, 1.29379e+00, 8.27204e-01, 5.40074e-01, 9.77937e-01]
44000 [6.92249e+00, 5.69933e-01, 2.16219e+00, 1.34416e+00, 8.57173e-01, 5.63251e-01, 9.80735e-01]
44500 [7.18956e+00, 5.88869e-01, 2.25860e+00, 1.39330e+00, 8.90356e-01, 5.86077e-01, 9.84462e-01]
45000 [7.34077e+00, 5.61316e-01, 2.32587e+00, 1.36670e+00, 9.27633e-01, 5.42647e-01, 9.90456e-01]
45500 [7.28262e+00, 6.17598e-01, 2.30692e+00, 1.30427e+00, 9.49800e-01, 5.39172e-01, 9.97799e-01]
46000 [7.36849e+00, 6.56723e-01, 2.37029e+00, 1.36056e+00, 9.70976e-01, 5.66771e-01, 1.01500e+00]
46500 [7.47060e+00, 6.68563e-01, 2.42410e+00, 1.39331e+00, 9.84901e-01, 5.84554e-01, 1.02180e+00]
47000 [7.63764e+00, 6.77434e-01, 2.48039e+00, 1.43768e+00, 1.00195e+00, 6.06172e-01, 1.02362e+00]
47500 [7.85422e+00, 6.87833e-01, 2.54408e+00, 1.47616e+00, 1.02348e+00, 6.23611e-01, 1.02616e+00]
48000 [8.09473e+00, 7.03008e-01, 2.61739e+00, 1.51350e+00, 1.04994e+00, 6.40755e-01, 1.03015e+00]
48500 [8.34095e+00, 7.21718e-01, 2.69778e+00, 1.55059e+00, 1.08054e+00, 6.58236e-01, 1.03455e+00]
49000 [8.55319e+00, 6.84769e-01, 2.78406e+00, 1.61247e+00, 1.12229e+00, 6.73885e-01, 1.05282e+00]
49500 [8.53072e+00, 6.47006e-01, 2.70852e+00, 1.58759e+00, 1.15765e+00, 6.29096e-01, 1.05254e+00]
50000 [8.49600e+00, 6.30228e-01, 2.64839e+00, 1.56599e+00, 1.16888e+00, 6.27351e-01, 1.05373e+00]
50500 [8.44838e+00, 6.21563e-01, 2.61266e+00, 1.54764e+00, 1.16832e+00, 6.22189e-01, 1.05383e+00]
51000 [8.39157e+00, 6.15346e-01, 2.58668e+00, 1.53369e+00, 1.16314e+00, 6.17249e-01, 1.05293e+00]
51500 [8.32969e+00, 6.09915e-01, 2.56486e+00, 1.52229e+00, 1.15643e+00, 6.12856e-01, 1.05040e+00]
52000 [8.26392e+00, 6.07304e-01, 2.54819e+00, 1.51285e+00, 1.15105e+00, 6.12065e-01, 1.05150e+00]
52500 [8.20292e+00, 6.01235e-01, 2.52983e+00, 1.50304e+00, 1.14350e+00, 6.06192e-01, 1.04985e+00]
53000 [8.14469e+00, 5.97674e-01, 2.50954e+00, 1.48838e+00, 1.13557e+00, 5.99255e-01, 1.04661e+00]
53500 [8.11096e+00, 6.10841e-01, 2.49193e+00, 1.49555e+00, 1.13134e+00, 6.04046e-01, 1.03754e+00]
54000 [8.10192e+00, 5.98942e-01, 2.48773e+00, 1.49391e+00, 1.12917e+00, 6.02255e-01, 1.04028e+00]
54500 [8.04372e+00, 5.87997e-01, 2.47345e+00, 1.47587e+00, 1.12119e+00, 5.93285e-01, 1.04403e+00]
55000 [8.01436e+00, 5.94350e-01, 2.46359e+00, 1.48107e+00, 1.11816e+00, 5.99033e-01, 1.04250e+00]
55500 [7.96267e+00, 5.81781e-01, 2.44899e+00, 1.46507e+00, 1.11001e+00, 5.88113e-01, 1.04530e+00]
56000 [7.90287e+00, 5.76306e-01, 2.42897e+00, 1.45517e+00, 1.10087e+00, 5.82574e-01, 1.04459e+00]
56500 [7.84434e+00, 5.71615e-01, 2.40988e+00, 1.44432e+00, 1.09240e+00, 5.77585e-01, 1.04506e+00]
57000 [7.78593e+00, 5.66731e-01, 2.38974e+00, 1.43421e+00, 1.08356e+00, 5.72676e-01, 1.04371e+00]
57500 [7.73589e+00, 5.68043e-01, 2.37563e+00, 1.42843e+00, 1.07703e+00, 5.72578e-01, 1.04349e+00]
58000 [7.68151e+00, 5.59483e-01, 2.35951e+00, 1.41723e+00, 1.06917e+00, 5.65249e-01, 1.04318e+00]
58500 [7.63017e+00, 5.55334e-01, 2.34038e+00, 1.40902e+00, 1.06117e+00, 5.62313e-01, 1.04108e+00]
59000 [7.57229e+00, 5.48923e-01, 2.32054e+00, 1.39513e+00, 1.05227e+00, 5.55868e-01, 1.03902e+00]
59500 [7.51985e+00, 5.55395e-01, 2.31207e+00, 1.38458e+00, 1.04604e+00, 5.51804e-01, 1.03610e+00]
60000 [7.51592e+00, 5.65164e-01, 2.31508e+00, 1.37133e+00, 1.04598e+00, 5.48382e-01, 1.03192e+00]
60500 [7.48282e+00, 5.47809e-01, 2.30496e+00, 1.38319e+00, 1.04086e+00, 5.51254e-01, 1.03769e+00]
61000 [7.43564e+00, 5.41989e-01, 2.28361e+00, 1.37396e+00, 1.03364e+00, 5.47531e-01, 1.03923e+00]
61500 [7.37719e+00, 5.47141e-01, 2.26300e+00, 1.33445e+00, 1.02656e+00, 5.31932e-01, 1.04045e+00]
62000 [7.33933e+00, 5.33990e-01, 2.24869e+00, 1.35217e+00, 1.01906e+00, 5.38629e-01, 1.04315e+00]
62500 [7.28850e+00, 5.28332e-01, 2.22964e+00, 1.34114e+00, 1.01129e+00, 5.33894e-01, 1.04500e+00]
63000 [7.23315e+00, 5.23160e-01, 2.21025e+00, 1.33014e+00, 1.00310e+00, 5.29129e-01, 1.04491e+00]
63500 [7.13951e+00, 5.30881e-01, 2.19297e+00, 1.29316e+00, 9.95252e-01, 5.15995e-01, 1.04886e+00]
64000 [7.10184e+00, 5.36546e-01, 2.19755e+00, 1.30534e+00, 9.94620e-01, 5.17690e-01, 1.06146e+00]
64500 [7.06460e+00, 5.27295e-01, 2.18674e+00, 1.28985e+00, 9.88655e-01, 5.11305e-01, 1.06198e+00]
65000 [7.00677e+00, 5.20991e-01, 2.17287e+00, 1.27298e+00, 9.80138e-01, 5.03986e-01, 1.06301e+00]
65500 [6.93872e+00, 5.15993e-01, 2.15330e+00, 1.26152e+00, 9.71773e-01, 4.99256e-01, 1.06398e+00]
66000 [6.86967e+00, 5.11037e-01, 2.13222e+00, 1.24756e+00, 9.63571e-01, 4.93321e-01, 1.06476e+00]
66500 [6.84844e+00, 5.21499e-01, 2.12290e+00, 1.27559e+00, 9.71248e-01, 5.16452e-01, 1.07363e+00]
67000 [6.90076e+00, 5.24169e-01, 2.12784e+00, 1.28889e+00, 9.68760e-01, 5.18020e-01, 1.07164e+00]
67500 [6.92564e+00, 5.08018e-01, 2.12420e+00, 1.28841e+00, 9.64137e-01, 5.13439e-01, 1.07567e+00]
68000 [6.91028e+00, 5.01224e-01, 2.11326e+00, 1.27195e+00, 9.56824e-01, 5.06647e-01, 1.07671e+00]
68500 [6.87311e+00, 4.96920e-01, 2.09805e+00, 1.26135e+00, 9.49643e-01, 5.02326e-01, 1.07674e+00]
69000 [6.84519e+00, 5.10850e-01, 2.09138e+00, 1.26364e+00, 9.49739e-01, 5.04744e-01, 1.06924e+00]
69500 [6.83662e+00, 4.97581e-01, 2.07854e+00, 1.25460e+00, 9.44545e-01, 4.98739e-01, 1.07373e+00]
70000 [6.78123e+00, 4.91735e-01, 2.06474e+00, 1.24941e+00, 9.37035e-01, 4.97986e-01, 1.07884e+00]
70500 [6.71889e+00, 4.86528e-01, 2.05147e+00, 1.23571e+00, 9.29486e-01, 4.92214e-01, 1.08271e+00]
71000 [6.66157e+00, 4.82145e-01, 2.03653e+00, 1.22623e+00, 9.22510e-01, 4.88099e-01, 1.08576e+00]
71500 [6.57865e+00, 4.91934e-01, 2.02511e+00, 1.19787e+00, 9.18502e-01, 4.74599e-01, 1.08703e+00]
72000 [6.50457e+00, 4.83135e-01, 2.01018e+00, 1.17991e+00, 9.10922e-01, 4.66065e-01, 1.08879e+00]
72500 [6.43586e+00, 4.78064e-01, 1.99153e+00, 1.16786e+00, 9.02508e-01, 4.61066e-01, 1.09037e+00]
73000 [6.37065e+00, 4.73181e-01, 1.97175e+00, 1.15634e+00, 8.93985e-01, 4.56363e-01, 1.09181e+00]
73500 [6.30813e+00, 4.68668e-01, 1.95259e+00, 1.14519e+00, 8.85779e-01, 4.52053e-01, 1.09327e+00]
74000 [6.24706e+00, 4.64334e-01, 1.93396e+00, 1.13446e+00, 8.77801e-01, 4.47912e-01, 1.09454e+00]
74500 [6.18686e+00, 4.59963e-01, 1.91548e+00, 1.12371e+00, 8.69624e-01, 4.43847e-01, 1.09542e+00]
75000 [6.12704e+00, 4.55559e-01, 1.89707e+00, 1.11323e+00, 8.61288e-01, 4.39540e-01, 1.09667e+00]
75500 [6.06940e+00, 4.51527e-01, 1.87946e+00, 1.10338e+00, 8.53372e-01, 4.35664e-01, 1.09921e+00]
76000 [6.01205e+00, 4.47517e-01, 1.86257e+00, 1.09370e+00, 8.45284e-01, 4.31520e-01, 1.10187e+00]
76500 [5.98338e+00, 4.66348e-01, 1.86428e+00, 1.09857e+00, 8.42244e-01, 4.38414e-01, 1.11068e+00]
77000 [5.96801e+00, 4.46630e-01, 1.85500e+00, 1.13287e+00, 8.40603e-01, 4.52397e-01, 1.12276e+00]
77500 [5.90689e+00, 4.46060e-01, 1.84573e+00, 1.09104e+00, 8.36866e-01, 4.31945e-01, 1.12644e+00]
78000 [5.84664e+00, 4.46077e-01, 1.83643e+00, 1.06578e+00, 8.30193e-01, 4.24439e-01, 1.12544e+00]
78500 [5.81697e+00, 4.37436e-01, 1.82027e+00, 1.06946e+00, 8.23407e-01, 4.22117e-01, 1.12556e+00]
79000 [5.77520e+00, 4.32791e-01, 1.80205e+00, 1.05931e+00, 8.16588e-01, 4.17468e-01, 1.12466e+00]
79500 [5.73619e+00, 4.28829e-01, 1.78462e+00, 1.05004e+00, 8.09616e-01, 4.13771e-01, 1.12406e+00]
80000 [5.73186e+00, 4.33986e-01, 1.78466e+00, 1.06400e+00, 8.08585e-01, 4.24804e-01, 1.13061e+00]
80500 [5.75353e+00, 4.23666e-01, 1.77015e+00, 1.07911e+00, 8.04754e-01, 4.29215e-01, 1.13270e+00]
81000 [5.74293e+00, 4.22068e-01, 1.76229e+00, 1.06910e+00, 8.00844e-01, 4.24350e-01, 1.13392e+00]
81500 [5.73855e+00, 4.40253e-01, 1.75855e+00, 1.06663e+00, 7.98930e-01, 4.27857e-01, 1.13694e+00]
82000 [5.79042e+00, 4.24253e-01, 1.77828e+00, 1.07951e+00, 8.01308e-01, 4.28934e-01, 1.14497e+00]
82500 [5.73500e+00, 4.24725e-01, 1.76019e+00, 1.03874e+00, 7.97262e-01, 4.10497e-01, 1.14843e+00]
83000 [5.66137e+00, 4.20392e-01, 1.74662e+00, 1.02732e+00, 7.91347e-01, 4.05752e-01, 1.14896e+00]
83500 [5.60424e+00, 4.18029e-01, 1.73257e+00, 1.02169e+00, 7.86278e-01, 4.04028e-01, 1.15245e+00]
84000 [5.55299e+00, 4.13726e-01, 1.71812e+00, 1.01109e+00, 7.79695e-01, 3.99447e-01, 1.15226e+00]
84500 [5.50422e+00, 4.10006e-01, 1.70323e+00, 1.00172e+00, 7.73067e-01, 3.95700e-01, 1.15215e+00]
85000 [5.48329e+00, 4.25173e-01, 1.70910e+00, 1.01560e+00, 7.77115e-01, 4.13724e-01, 1.15545e+00]
85500 [5.55113e+00, 4.18529e-01, 1.71946e+00, 1.04061e+00, 7.77264e-01, 4.15187e-01, 1.14914e+00]
86000 [5.60137e+00, 4.11853e-01, 1.71021e+00, 1.04306e+00, 7.75330e-01, 4.15403e-01, 1.14783e+00]
86500 [5.59554e+00, 4.07402e-01, 1.69871e+00, 1.03657e+00, 7.71302e-01, 4.12884e-01, 1.14752e+00]
87000 [5.54775e+00, 4.09517e-01, 1.69205e+00, 9.98994e-01, 7.67984e-01, 3.95534e-01, 1.14964e+00]
87500 [5.45953e+00, 4.05483e-01, 1.68158e+00, 9.90657e-01, 7.62531e-01, 3.91344e-01, 1.14936e+00]
88000 [5.39650e+00, 4.01923e-01, 1.66836e+00, 9.82705e-01, 7.56875e-01, 3.87961e-01, 1.14960e+00]
88500 [5.34770e+00, 3.98480e-01, 1.65431e+00, 9.74446e-01, 7.51055e-01, 3.84644e-01, 1.15033e+00]
89000 [5.30419e+00, 3.95158e-01, 1.64038e+00, 9.65994e-01, 7.45180e-01, 3.81313e-01, 1.15145e+00]
89500 [5.31156e+00, 4.00569e-01, 1.64111e+00, 9.83658e-01, 7.43991e-01, 3.91249e-01, 1.15252e+00]
90000 [5.34430e+00, 3.89290e-01, 1.62980e+00, 9.89416e-01, 7.40030e-01, 3.93517e-01, 1.15482e+00]
90500 [5.33736e+00, 3.85490e-01, 1.61712e+00, 9.81683e-01, 7.35455e-01, 3.90535e-01, 1.15767e+00]
91000 [5.31484e+00, 3.82385e-01, 1.60577e+00, 9.74625e-01, 7.30674e-01, 3.87654e-01, 1.16079e+00]
91500 [5.28415e+00, 3.83611e-01, 1.59590e+00, 9.74355e-01, 7.27953e-01, 3.89010e-01, 1.16695e+00]
92000 [5.25508e+00, 3.79103e-01, 1.58626e+00, 9.65254e-01, 7.22876e-01, 3.84876e-01, 1.16839e+00]
92500 [5.22013e+00, 3.76107e-01, 1.57675e+00, 9.58883e-01, 7.17930e-01, 3.81796e-01, 1.17000e+00]
93000 [5.18994e+00, 3.73369e-01, 1.56712e+00, 9.51916e-01, 7.13346e-01, 3.78742e-01, 1.17196e+00]
93500 [5.13868e+00, 3.82102e-01, 1.57241e+00, 9.45359e-01, 7.11589e-01, 3.75533e-01, 1.16261e+00]
94000 [5.16566e+00, 3.71944e-01, 1.56281e+00, 9.47460e-01, 7.09050e-01, 3.75066e-01, 1.17372e+00]
94500 [5.13698e+00, 3.79075e-01, 1.54969e+00, 9.21460e-01, 7.05167e-01, 3.68106e-01, 1.17092e+00]
95000 [5.10041e+00, 3.67808e-01, 1.54430e+00, 9.35678e-01, 7.01860e-01, 3.70937e-01, 1.17459e+00]
95500 [5.08030e+00, 3.64624e-01, 1.53181e+00, 9.29985e-01, 6.97390e-01, 3.68796e-01, 1.17517e+00]
96000 [5.03091e+00, 3.81387e-01, 1.52459e+00, 9.08923e-01, 6.94190e-01, 3.63022e-01, 1.16735e+00]
96500 [5.05464e+00, 3.69502e-01, 1.52910e+00, 9.34929e-01, 6.94033e-01, 3.72160e-01, 1.17160e+00]
97000 [5.04818e+00, 3.67697e-01, 1.51951e+00, 9.30464e-01, 6.91889e-01, 3.70232e-01, 1.17254e+00]
97500 [5.03482e+00, 3.68104e-01, 1.51459e+00, 9.29305e-01, 6.90174e-01, 3.70364e-01, 1.16954e+00]
98000 [5.01552e+00, 3.65249e-01, 1.51255e+00, 9.23087e-01, 6.88381e-01, 3.67686e-01, 1.17011e+00]
98500 [5.00881e+00, 3.68084e-01, 1.50719e+00, 9.24739e-01, 6.87231e-01, 3.69281e-01, 1.16634e+00]
99000 [4.99411e+00, 3.61169e-01, 1.50258e+00, 9.16244e-01, 6.83981e-01, 3.64884e-01, 1.17128e+00]
99500 [4.95645e+00, 3.68391e-01, 1.49398e+00, 8.94578e-01, 6.81506e-01, 3.55905e-01, 1.17421e+00]
100000 [4.97241e+00, 3.60563e-01, 1.49202e+00, 9.13313e-01, 6.79908e-01, 3.63437e-01, 1.17152e+00]
100500 [4.96825e+00, 3.60864e-01, 1.49187e+00, 9.14133e-01, 6.78964e-01, 3.64852e-01, 1.16944e+00]
101000 [4.94285e+00, 3.58236e-01, 1.48835e+00, 9.06985e-01, 6.76714e-01, 3.61732e-01, 1.17117e+00]
101500 [4.93683e+00, 3.57398e-01, 1.48087e+00, 9.07923e-01, 6.74802e-01, 3.61170e-01, 1.17102e+00]
102000 [4.91151e+00, 3.57821e-01, 1.47574e+00, 9.01664e-01, 6.72649e-01, 3.60390e-01, 1.16923e+00]
102500 [4.90792e+00, 3.56121e-01, 1.47034e+00, 8.97979e-01, 6.70646e-01, 3.58655e-01, 1.16888e+00]
103000 [4.90278e+00, 3.60113e-01, 1.47268e+00, 9.04707e-01, 6.71124e-01, 3.61054e-01, 1.16415e+00]
103500 [4.89032e+00, 3.55185e-01, 1.46877e+00, 8.98135e-01, 6.69068e-01, 3.57706e-01, 1.16508e+00]
104000 [4.88727e+00, 3.53472e-01, 1.46383e+00, 8.97524e-01, 6.67185e-01, 3.56358e-01, 1.16433e+00]
104500 [4.86336e+00, 3.52965e-01, 1.46275e+00, 8.88818e-01, 6.65524e-01, 3.54489e-01, 1.16565e+00]
105000 [4.84254e+00, 3.49693e-01, 1.45569e+00, 8.85911e-01, 6.62743e-01, 3.52528e-01, 1.16597e+00]
105500 [4.81369e+00, 3.46638e-01, 1.44713e+00, 8.80969e-01, 6.59281e-01, 3.50492e-01, 1.16894e+00]
106000 [4.78407e+00, 3.44000e-01, 1.43846e+00, 8.76526e-01, 6.55564e-01, 3.48758e-01, 1.17140e+00]
106500 [4.76558e+00, 3.42315e-01, 1.42964e+00, 8.71843e-01, 6.52029e-01, 3.47315e-01, 1.17015e+00]
107000 [4.73250e+00, 3.43952e-01, 1.43125e+00, 8.73259e-01, 6.49542e-01, 3.47465e-01, 1.16276e+00]
107500 [4.81619e+00, 4.35216e-01, 1.53456e+00, 9.33184e-01, 6.56423e-01, 3.90892e-01, 1.16491e+00]
108000 [5.07260e+00, 4.54037e-01, 1.60678e+00, 9.44108e-01, 6.64226e-01, 3.76078e-01, 1.17510e+00]
108500 [5.30905e+00, 4.54813e-01, 1.67131e+00, 9.91512e-01, 6.78381e-01, 4.02675e-01, 1.18626e+00]
109000 [5.51165e+00, 4.77373e-01, 1.71756e+00, 9.98672e-01, 6.95137e-01, 4.00032e-01, 1.19769e+00]
109500 [5.69720e+00, 4.83933e-01, 1.77787e+00, 1.02980e+00, 7.15526e-01, 4.18325e-01, 1.20584e+00]
110000 [5.87308e+00, 5.10073e-01, 1.84963e+00, 1.09777e+00, 7.38498e-01, 4.47706e-01, 1.19469e+00]
110500 [6.14599e+00, 5.17490e-01, 1.90674e+00, 1.21644e+00, 7.64213e-01, 4.98774e-01, 1.18715e+00]
111000 [6.39830e+00, 5.37701e-01, 1.99505e+00, 1.21546e+00, 7.90348e-01, 5.00466e-01, 1.19171e+00]
111500 [6.58096e+00, 5.60908e-01, 2.08376e+00, 1.24659e+00, 8.21741e-01, 5.16996e-01, 1.20098e+00]
112000 [6.81500e+00, 5.76421e-01, 2.15524e+00, 1.28135e+00, 8.52388e-01, 5.29789e-01, 1.21296e+00]
112500 [7.03364e+00, 5.96389e-01, 2.22920e+00, 1.31189e+00, 8.83606e-01, 5.46514e-01, 1.22506e+00]
113000 [7.20104e+00, 6.10717e-01, 2.29356e+00, 1.39389e+00, 9.12889e-01, 5.81366e-01, 1.24697e+00]
113500 [7.34959e+00, 6.54013e-01, 2.34338e+00, 1.32894e+00, 9.32833e-01, 5.55683e-01, 1.25137e+00]
114000 [7.56459e+00, 6.44838e-01, 2.41421e+00, 1.41547e+00, 9.57804e-01, 5.88235e-01, 1.25369e+00]
114500 [7.78842e+00, 6.61542e-01, 2.48138e+00, 1.44297e+00, 9.86608e-01, 6.01947e-01, 1.25813e+00]
115000 [8.00320e+00, 6.81110e-01, 2.55106e+00, 1.47383e+00, 1.01658e+00, 6.14810e-01, 1.26129e+00]
115500 [8.19481e+00, 7.22544e-01, 2.62205e+00, 1.46625e+00, 1.05110e+00, 6.18495e-01, 1.25905e+00]
116000 [8.38488e+00, 7.43252e-01, 2.73486e+00, 1.59419e+00, 1.09254e+00, 6.81474e-01, 1.26189e+00]
116500 [8.65642e+00, 7.61184e-01, 2.81926e+00, 1.67821e+00, 1.13429e+00, 7.15654e-01, 1.26869e+00]
117000 [8.92062e+00, 7.79876e-01, 2.91555e+00, 1.71975e+00, 1.17323e+00, 7.31514e-01, 1.27509e+00]
117500 [9.18219e+00, 7.83044e-01, 3.04364e+00, 1.81584e+00, 1.20792e+00, 7.61201e-01, 1.26826e+00]
118000 [9.42129e+00, 8.23719e-01, 3.13138e+00, 1.83371e+00, 1.24795e+00, 7.93083e-01, 1.29692e+00]
118500 [9.51103e+00, 8.98790e-01, 3.21910e+00, 1.74872e+00, 1.29079e+00, 7.42049e-01, 1.30815e+00]
119000 [9.76566e+00, 8.76634e-01, 3.31818e+00, 1.88440e+00, 1.33152e+00, 8.07523e-01, 1.30989e+00]
119500 [1.00334e+01, 8.92349e-01, 3.40090e+00, 1.94409e+00, 1.36635e+00, 8.28427e-01, 1.31249e+00]
120000 [1.02570e+01, 9.45072e-01, 3.47433e+00, 1.95046e+00, 1.40367e+00, 8.34680e-01, 1.31290e+00]
120500 [1.04823e+01, 8.63364e-01, 3.56839e+00, 2.05186e+00, 1.45209e+00, 8.37081e-01, 1.32035e+00]
121000 [1.05300e+01, 8.30462e-01, 3.47002e+00, 2.01067e+00, 1.48832e+00, 7.95150e-01, 1.33227e+00]
121500 [1.05490e+01, 8.18721e-01, 3.40897e+00, 1.96979e+00, 1.50219e+00, 7.85041e-01, 1.32103e+00]
122000 [1.05493e+01, 8.12746e-01, 3.37756e+00, 1.94864e+00, 1.50475e+00, 7.79512e-01, 1.31071e+00]
122500 [1.05376e+01, 8.09785e-01, 3.36010e+00, 1.93390e+00, 1.50330e+00, 7.74957e-01, 1.30570e+00]
123000 [1.05265e+01, 8.00264e-01, 3.33627e+00, 1.94548e+00, 1.49835e+00, 7.69878e-01, 1.30789e+00]
123500 [1.05010e+01, 7.91497e-01, 3.29925e+00, 1.91998e+00, 1.48636e+00, 7.60194e-01, 1.30677e+00]
124000 [1.04290e+01, 7.91600e-01, 3.27101e+00, 1.87753e+00, 1.47659e+00, 7.52417e-01, 1.33419e+00]
124500 [1.03760e+01, 7.82735e-01, 3.27243e+00, 1.90336e+00, 1.47095e+00, 7.56521e-01, 1.36029e+00]
125000 [1.03559e+01, 7.73274e-01, 3.25331e+00, 1.92365e+00, 1.46346e+00, 7.62118e-01, 1.36759e+00]
125500 [1.03532e+01, 7.65239e-01, 3.22567e+00, 1.91882e+00, 1.45400e+00, 7.61442e-01, 1.37286e+00]
126000 [1.03334e+01, 7.57497e-01, 3.19836e+00, 1.90827e+00, 1.44372e+00, 7.57841e-01, 1.37700e+00]
126500 [1.02979e+01, 7.50622e-01, 3.17238e+00, 1.89482e+00, 1.43316e+00, 7.52842e-01, 1.38118e+00]
127000 [1.02519e+01, 7.43668e-01, 3.14646e+00, 1.88131e+00, 1.42259e+00, 7.47681e-01, 1.38474e+00]
127500 [1.01993e+01, 7.36994e-01, 3.11931e+00, 1.86427e+00, 1.41135e+00, 7.41243e-01, 1.38663e+00]
128000 [1.01430e+01, 7.32188e-01, 3.09587e+00, 1.85035e+00, 1.40093e+00, 7.35447e-01, 1.39106e+00]
128500 [1.00813e+01, 7.25214e-01, 3.07010e+00, 1.83334e+00, 1.38991e+00, 7.29196e-01, 1.39188e+00]
129000 [1.00140e+01, 7.20918e-01, 3.04814e+00, 1.82255e+00, 1.37939e+00, 7.24494e-01, 1.39625e+00]
129500 [9.94621e+00, 7.16675e-01, 3.02661e+00, 1.80640e+00, 1.36912e+00, 7.18224e-01, 1.39895e+00]
130000 [9.87943e+00, 7.09297e-01, 3.00150e+00, 1.79319e+00, 1.35884e+00, 7.13207e-01, 1.39800e+00]
130500 [9.79641e+00, 7.16182e-01, 2.97557e+00, 1.74024e+00, 1.34764e+00, 6.96219e-01, 1.39846e+00]
131000 [9.72732e+00, 7.00213e-01, 2.96004e+00, 1.76883e+00, 1.33864e+00, 7.02658e-01, 1.40075e+00]
131500 [9.66031e+00, 6.94710e-01, 2.93556e+00, 1.75652e+00, 1.32864e+00, 6.98182e-01, 1.39995e+00]
132000 [9.58362e+00, 6.91887e-01, 2.91310e+00, 1.73706e+00, 1.31876e+00, 6.91093e-01, 1.40121e+00]
132500 [9.51323e+00, 6.83585e-01, 2.89066e+00, 1.72828e+00, 1.30889e+00, 6.87435e-01, 1.40022e+00]
133000 [9.43509e+00, 6.81897e-01, 2.87241e+00, 1.71524e+00, 1.29936e+00, 6.82078e-01, 1.40264e+00]
133500 [9.36946e+00, 6.74590e-01, 2.84937e+00, 1.70516e+00, 1.28984e+00, 6.78072e-01, 1.40159e+00]
134000 [9.29680e+00, 6.74519e-01, 2.82900e+00, 1.68797e+00, 1.28034e+00, 6.72186e-01, 1.40199e+00]
134500 [9.23365e+00, 6.65229e-01, 2.80844e+00, 1.68216e+00, 1.27130e+00, 6.68934e-01, 1.40312e+00]
135000 [9.16522e+00, 6.58417e-01, 2.78475e+00, 1.66790e+00, 1.26162e+00, 6.63403e-01, 1.40069e+00]
135500 [9.05219e+00, 6.64070e-01, 2.76684e+00, 1.61650e+00, 1.25137e+00, 6.39689e-01, 1.40587e+00]
136000 [8.94195e+00, 6.57997e-01, 2.74802e+00, 1.60428e+00, 1.24161e+00, 6.33072e-01, 1.41096e+00]
136500 [8.83910e+00, 6.51508e-01, 2.72199e+00, 1.58914e+00, 1.23041e+00, 6.27325e-01, 1.40892e+00]
137000 [8.74046e+00, 6.49467e-01, 2.69669e+00, 1.57584e+00, 1.21948e+00, 6.23589e-01, 1.40750e+00]
137500 [8.65269e+00, 6.39824e-01, 2.67333e+00, 1.56196e+00, 1.20851e+00, 6.16679e-01, 1.40563e+00]
138000 [8.56502e+00, 6.35747e-01, 2.64811e+00, 1.55932e+00, 1.19708e+00, 6.14296e-01, 1.40098e+00]
138500 [8.54365e+00, 6.23427e-01, 2.63091e+00, 1.58050e+00, 1.18991e+00, 6.28106e-01, 1.40731e+00]
139000 [8.51203e+00, 6.19395e-01, 2.61072e+00, 1.56767e+00, 1.18201e+00, 6.23044e-01, 1.41028e+00]
139500 [8.47202e+00, 6.14590e-01, 2.58883e+00, 1.55320e+00, 1.17291e+00, 6.17940e-01, 1.40880e+00]
140000 [8.40644e+00, 6.20122e-01, 2.57017e+00, 1.48228e+00, 1.16422e+00, 5.92871e-01, 1.40877e+00]
140500 [8.35408e+00, 6.08504e-01, 2.55959e+00, 1.53739e+00, 1.15783e+00, 6.11251e-01, 1.40946e+00]
141000 [8.30964e+00, 6.02689e-01, 2.53827e+00, 1.52153e+00, 1.14970e+00, 6.05851e-01, 1.40809e+00]
141500 [8.25180e+00, 6.12343e-01, 2.51350e+00, 1.49463e+00, 1.14061e+00, 5.90757e-01, 1.40792e+00]
142000 [8.18632e+00, 5.94853e-01, 2.50800e+00, 1.51063e+00, 1.13505e+00, 6.01284e-01, 1.40936e+00]
142500 [8.10551e+00, 6.03369e-01, 2.48705e+00, 1.45345e+00, 1.12738e+00, 5.78518e-01, 1.41467e+00]
143000 [8.00524e+00, 5.93243e-01, 2.47408e+00, 1.44696e+00, 1.11844e+00, 5.71516e-01, 1.41275e+00]
143500 [7.91440e+00, 5.87659e-01, 2.45286e+00, 1.43478e+00, 1.10925e+00, 5.66277e-01, 1.41332e+00]
144000 [7.83337e+00, 5.84921e-01, 2.42980e+00, 1.42694e+00, 1.09973e+00, 5.63506e-01, 1.41431e+00]
144500 [7.76290e+00, 5.77060e-01, 2.40903e+00, 1.40926e+00, 1.09001e+00, 5.56170e-01, 1.41479e+00]
145000 [7.69264e+00, 5.71756e-01, 2.38628e+00, 1.39617e+00, 1.08024e+00, 5.51131e-01, 1.41478e+00]
145500 [7.62418e+00, 5.66498e-01, 2.36383e+00, 1.38327e+00, 1.07032e+00, 5.45951e-01, 1.41428e+00]
146000 [7.55595e+00, 5.61156e-01, 2.34165e+00, 1.37027e+00, 1.06034e+00, 5.40975e-01, 1.41364e+00]
146500 [7.48771e+00, 5.56275e-01, 2.32007e+00, 1.35909e+00, 1.05059e+00, 5.36552e-01, 1.41272e+00]
147000 [7.41693e+00, 5.51478e-01, 2.29827e+00, 1.34622e+00, 1.04147e+00, 5.32088e-01, 1.41616e+00]
147500 [7.35365e+00, 5.46232e-01, 2.27839e+00, 1.33378e+00, 1.03231e+00, 5.26760e-01, 1.41623e+00]
148000 [7.28885e+00, 5.41299e-01, 2.25752e+00, 1.32141e+00, 1.02292e+00, 5.22057e-01, 1.41626e+00]
148500 [7.26881e+00, 5.43735e-01, 2.25054e+00, 1.35719e+00, 1.01862e+00, 5.41470e-01, 1.41723e+00]
149000 [7.27325e+00, 5.42422e-01, 2.25421e+00, 1.33363e+00, 1.01494e+00, 5.30565e-01, 1.39290e+00]
149500 [7.26491e+00, 5.33256e-01, 2.24454e+00, 1.34407e+00, 1.01157e+00, 5.34117e-01, 1.38867e+00]
150000 [7.25905e+00, 5.26982e-01, 2.22196e+00, 1.33454e+00, 1.00546e+00, 5.30663e-01, 1.38793e+00]
150500 [7.22976e+00, 5.21403e-01, 2.20206e+00, 1.32526e+00, 9.98643e-01, 5.26859e-01, 1.39021e+00]
151000 [7.15427e+00, 5.46180e-01, 2.18301e+00, 1.27978e+00, 9.93007e-01, 5.13224e-01, 1.38489e+00]
151500 [7.17817e+00, 5.25880e-01, 2.19880e+00, 1.31989e+00, 9.92140e-01, 5.26358e-01, 1.39760e+00]
152000 [7.14707e+00, 5.18159e-01, 2.18334e+00, 1.31033e+00, 9.86904e-01, 5.22353e-01, 1.40618e+00]
152500 [7.10579e+00, 5.13434e-01, 2.16568e+00, 1.30381e+00, 9.80737e-01, 5.18824e-01, 1.40807e+00]
153000 [7.02057e+00, 5.19825e-01, 2.15246e+00, 1.27721e+00, 9.75763e-01, 5.09943e-01, 1.41423e+00]
153500 [6.96950e+00, 5.11110e-01, 2.15160e+00, 1.29368e+00, 9.72120e-01, 5.13942e-01, 1.41832e+00]
154000 [6.88491e+00, 5.15822e-01, 2.13342e+00, 1.24894e+00, 9.65961e-01, 4.94880e-01, 1.42243e+00]
154500 [6.82026e+00, 5.08133e-01, 2.11768e+00, 1.24123e+00, 9.58494e-01, 4.90305e-01, 1.42148e+00]
155000 [6.75544e+00, 5.06840e-01, 2.09753e+00, 1.22245e+00, 9.50615e-01, 4.84177e-01, 1.42104e+00]
155500 [6.74515e+00, 4.99713e-01, 2.09042e+00, 1.25548e+00, 9.44946e-01, 4.98852e-01, 1.41865e+00]
156000 [6.73521e+00, 5.16850e-01, 2.07056e+00, 1.22328e+00, 9.39965e-01, 4.91499e-01, 1.40723e+00]
156500 [6.75920e+00, 4.99923e-01, 2.08235e+00, 1.25414e+00, 9.39275e-01, 4.98189e-01, 1.39719e+00]
157000 [6.75669e+00, 5.04174e-01, 2.08291e+00, 1.25693e+00, 9.39500e-01, 5.01024e-01, 1.39738e+00]
157500 [6.75926e+00, 4.93973e-01, 2.07692e+00, 1.25064e+00, 9.35919e-01, 4.97322e-01, 1.40514e+00]
158000 [6.73149e+00, 4.89030e-01, 2.06183e+00, 1.24263e+00, 9.31628e-01, 4.93422e-01, 1.41034e+00]
158500 [6.68166e+00, 5.15150e-01, 2.06047e+00, 1.21007e+00, 9.31552e-01, 4.87345e-01, 1.40045e+00]
159000 [6.70130e+00, 5.21995e-01, 2.10231e+00, 1.25727e+00, 9.39039e-01, 5.09605e-01, 1.40957e+00]
159500 [6.73415e+00, 5.17422e-01, 2.10174e+00, 1.25818e+00, 9.43255e-01, 5.02674e-01, 1.41301e+00]
160000 [6.73837e+00, 5.11220e-01, 2.09747e+00, 1.25248e+00, 9.44022e-01, 4.99297e-01, 1.41758e+00]
160500 [6.72484e+00, 5.04402e-01, 2.08949e+00, 1.24929e+00, 9.42073e-01, 4.98102e-01, 1.42081e+00]
161000 [6.71416e+00, 4.96952e-01, 2.07596e+00, 1.24714e+00, 9.37495e-01, 4.97416e-01, 1.42247e+00]
161500 [6.69103e+00, 4.91148e-01, 2.06025e+00, 1.23853e+00, 9.31606e-01, 4.93892e-01, 1.42410e+00]
162000 [6.64938e+00, 4.86593e-01, 2.04421e+00, 1.22762e+00, 9.25447e-01, 4.89391e-01, 1.42627e+00]
162500 [6.61896e+00, 4.81582e-01, 2.02873e+00, 1.24337e+00, 9.24224e-01, 4.99796e-01, 1.43015e+00]
163000 [6.63812e+00, 4.80348e-01, 2.01535e+00, 1.21475e+00, 9.18718e-01, 4.83869e-01, 1.44006e+00]
163500 [6.61708e+00, 4.74811e-01, 1.99996e+00, 1.20150e+00, 9.10989e-01, 4.78389e-01, 1.44625e+00]
164000 [6.59416e+00, 4.70374e-01, 1.98128e+00, 1.19128e+00, 9.03209e-01, 4.74482e-01, 1.44875e+00]
164500 [6.55905e+00, 4.66406e-01, 1.96455e+00, 1.18147e+00, 8.95343e-01, 4.70774e-01, 1.45307e+00]
165000 [6.50924e+00, 4.63040e-01, 1.95054e+00, 1.17314e+00, 8.88510e-01, 4.67534e-01, 1.45612e+00]
165500 [6.45046e+00, 4.59597e-01, 1.93692e+00, 1.16565e+00, 8.81640e-01, 4.64296e-01, 1.45694e+00]
166000 [6.38851e+00, 4.56214e-01, 1.92340e+00, 1.15841e+00, 8.75042e-01, 4.61072e-01, 1.45543e+00]
166500 [6.32723e+00, 4.52845e-01, 1.90965e+00, 1.15068e+00, 8.68770e-01, 4.57784e-01, 1.45153e+00]
167000 [6.24729e+00, 4.78368e-01, 1.90633e+00, 1.13093e+00, 8.67268e-01, 4.54066e-01, 1.43175e+00]
167500 [6.26714e+00, 4.67880e-01, 1.92253e+00, 1.15203e+00, 8.69643e-01, 4.59146e-01, 1.42979e+00]
168000 [6.25568e+00, 4.57873e-01, 1.91256e+00, 1.14742e+00, 8.65859e-01, 4.56695e-01, 1.44003e+00]
168500 [6.25202e+00, 4.78578e-01, 1.91611e+00, 1.15505e+00, 8.66442e-01, 4.63987e-01, 1.44599e+00]
169000 [6.27536e+00, 4.60715e-01, 1.92525e+00, 1.15274e+00, 8.67403e-01, 4.59198e-01, 1.45391e+00]
169500 [6.25219e+00, 4.75136e-01, 1.91725e+00, 1.15009e+00, 8.67246e-01, 4.61780e-01, 1.45417e+00]
170000 [6.26147e+00, 4.60550e-01, 1.91453e+00, 1.16299e+00, 8.67695e-01, 4.65607e-01, 1.45056e+00]
170500 [6.23591e+00, 4.53522e-01, 1.90173e+00, 1.15253e+00, 8.63351e-01, 4.59197e-01, 1.45316e+00]
171000 [6.20968e+00, 4.53273e-01, 1.88839e+00, 1.14538e+00, 8.57394e-01, 4.54718e-01, 1.45708e+00]
171500 [6.18119e+00, 4.45917e-01, 1.87494e+00, 1.13455e+00, 8.52268e-01, 4.50940e-01, 1.46521e+00]
172000 [6.15111e+00, 4.44892e-01, 1.86590e+00, 1.12917e+00, 8.47394e-01, 4.48815e-01, 1.47269e+00]
172500 [6.11781e+00, 4.40813e-01, 1.85245e+00, 1.12180e+00, 8.41957e-01, 4.45798e-01, 1.47778e+00]
173000 [6.06585e+00, 4.54256e-01, 1.85125e+00, 1.09524e+00, 8.39698e-01, 4.33413e-01, 1.47204e+00]
173500 [6.01977e+00, 4.44007e-01, 1.84547e+00, 1.08452e+00, 8.34535e-01, 4.27559e-01, 1.47619e+00]
174000 [5.95326e+00, 4.38914e-01, 1.82612e+00, 1.07237e+00, 8.27702e-01, 4.22835e-01, 1.47635e+00]
174500 [5.88763e+00, 4.34279e-01, 1.80686e+00, 1.06108e+00, 8.20544e-01, 4.18614e-01, 1.47777e+00]
175000 [5.82364e+00, 4.30120e-01, 1.78857e+00, 1.05066e+00, 8.12963e-01, 4.14776e-01, 1.47775e+00]
175500 [5.77142e+00, 4.32428e-01, 1.77230e+00, 1.05327e+00, 8.06870e-01, 4.16267e-01, 1.45982e+00]
176000 [5.72755e+00, 4.25128e-01, 1.75922e+00, 1.03688e+00, 8.00342e-01, 4.09903e-01, 1.45545e+00]
176500 [5.63784e+00, 4.21784e-01, 1.73984e+00, 9.73802e-01, 7.94982e-01, 3.85704e-01, 1.46657e+00]
177000 [5.59213e+00, 4.37527e-01, 1.74282e+00, 1.01540e+00, 7.94652e-01, 4.05342e-01, 1.48803e+00]
177500 [5.61576e+00, 4.25421e-01, 1.74763e+00, 1.03686e+00, 7.91260e-01, 4.11119e-01, 1.48485e+00]
178000 [5.59050e+00, 4.22288e-01, 1.73695e+00, 1.01514e+00, 7.86359e-01, 4.04042e-01, 1.48539e+00]
178500 [5.56170e+00, 4.16269e-01, 1.72288e+00, 1.01592e+00, 7.81539e-01, 4.02093e-01, 1.48442e+00]
179000 [5.52026e+00, 4.11959e-01, 1.70934e+00, 1.00602e+00, 7.75360e-01, 3.97630e-01, 1.48449e+00]
179500 [5.46205e+00, 4.13468e-01, 1.69326e+00, 9.67159e-01, 7.70003e-01, 3.83112e-01, 1.48679e+00]
180000 [5.46950e+00, 4.21554e-01, 1.69697e+00, 1.00611e+00, 7.70084e-01, 4.01362e-01, 1.48324e+00]
180500 [5.46444e+00, 4.12514e-01, 1.69137e+00, 1.00616e+00, 7.68126e-01, 3.99315e-01, 1.48685e+00]
181000 [5.43003e+00, 4.06650e-01, 1.67937e+00, 9.94369e-01, 7.62837e-01, 3.93618e-01, 1.48574e+00]
181500 [5.39191e+00, 4.02519e-01, 1.66736e+00, 9.83542e-01, 7.56776e-01, 3.88876e-01, 1.48650e+00]
182000 [5.37809e+00, 4.16358e-01, 1.66902e+00, 9.93477e-01, 7.56698e-01, 3.95791e-01, 1.49327e+00]
182500 [5.38334e+00, 4.05204e-01, 1.65699e+00, 9.92786e-01, 7.54778e-01, 3.93645e-01, 1.49403e+00]
183000 [5.34054e+00, 3.99506e-01, 1.64208e+00, 9.77872e-01, 7.48887e-01, 3.88001e-01, 1.49422e+00]
183500 [5.28637e+00, 3.95151e-01, 1.62995e+00, 9.67019e-01, 7.41773e-01, 3.83464e-01, 1.49520e+00]
184000 [5.23322e+00, 3.91145e-01, 1.61728e+00, 9.57241e-01, 7.34940e-01, 3.79313e-01, 1.49750e+00]
184500 [5.18230e+00, 3.87262e-01, 1.60428e+00, 9.48187e-01, 7.28387e-01, 3.74951e-01, 1.50139e+00]
185000 [5.13104e+00, 3.95645e-01, 1.60096e+00, 9.37176e-01, 7.24515e-01, 3.73683e-01, 1.50878e+00]
185500 [5.14153e+00, 3.90352e-01, 1.59270e+00, 9.49262e-01, 7.23221e-01, 3.76487e-01, 1.50823e+00]
186000 [5.12573e+00, 3.84282e-01, 1.57704e+00, 9.40738e-01, 7.18832e-01, 3.72432e-01, 1.50522e+00]
186500 [5.08453e+00, 3.79205e-01, 1.56342e+00, 9.27696e-01, 7.13054e-01, 3.67135e-01, 1.50337e+00]
187000 [5.03687e+00, 3.80890e-01, 1.55914e+00, 9.16783e-01, 7.07957e-01, 3.62904e-01, 1.50654e+00]
187500 [5.01369e+00, 3.74364e-01, 1.54276e+00, 9.16256e-01, 7.03443e-01, 3.62131e-01, 1.50591e+00]
188000 [4.98123e+00, 3.73860e-01, 1.53642e+00, 9.13513e-01, 6.98774e-01, 3.61112e-01, 1.50482e+00]
188500 [4.95145e+00, 3.70092e-01, 1.52498e+00, 8.98020e-01, 6.93703e-01, 3.55659e-01, 1.50084e+00]
189000 [4.91223e+00, 3.66036e-01, 1.51300e+00, 8.94866e-01, 6.88605e-01, 3.53612e-01, 1.50059e+00]
189500 [4.87360e+00, 3.62853e-01, 1.50255e+00, 8.87322e-01, 6.83356e-01, 3.50443e-01, 1.49808e+00]
190000 [4.83473e+00, 3.59968e-01, 1.49184e+00, 8.80056e-01, 6.78013e-01, 3.47646e-01, 1.49685e+00]
190500 [4.79631e+00, 3.56994e-01, 1.48011e+00, 8.72860e-01, 6.72882e-01, 3.44790e-01, 1.49722e+00]
191000 [4.76167e+00, 3.56929e-01, 1.47127e+00, 8.68734e-01, 6.68304e-01, 3.43653e-01, 1.49905e+00]
191500 [4.72809e+00, 3.52429e-01, 1.45665e+00, 8.60632e-01, 6.63910e-01, 3.40405e-01, 1.50281e+00]
192000 [4.69018e+00, 3.49369e-01, 1.44599e+00, 8.53919e-01, 6.58920e-01, 3.37492e-01, 1.50664e+00]
192500 [4.65161e+00, 3.46420e-01, 1.43498e+00, 8.47066e-01, 6.53599e-01, 3.34592e-01, 1.51174e+00]
193000 [4.61484e+00, 3.43792e-01, 1.42395e+00, 8.40843e-01, 6.48368e-01, 3.32060e-01, 1.51612e+00]
193500 [4.57894e+00, 3.41072e-01, 1.41286e+00, 8.34196e-01, 6.43133e-01, 3.29426e-01, 1.51793e+00]
194000 [4.54318e+00, 3.38407e-01, 1.40181e+00, 8.27671e-01, 6.38345e-01, 3.26843e-01, 1.51873e+00]
194500 [4.50687e+00, 3.35723e-01, 1.39060e+00, 8.21053e-01, 6.33270e-01, 3.24242e-01, 1.51902e+00]
195000 [4.47115e+00, 3.33086e-01, 1.37968e+00, 8.14862e-01, 6.28323e-01, 3.21725e-01, 1.51909e+00]
195500 [4.43618e+00, 3.30601e-01, 1.36903e+00, 8.08684e-01, 6.23548e-01, 3.19340e-01, 1.51864e+00]
196000 [4.40217e+00, 3.28134e-01, 1.35863e+00, 8.02562e-01, 6.18853e-01, 3.16958e-01, 1.51796e+00]
196500 [4.36825e+00, 3.25655e-01, 1.34822e+00, 7.96806e-01, 6.14146e-01, 3.14541e-01, 1.51633e+00]
197000 [4.33586e+00, 3.34197e-01, 1.34742e+00, 7.80629e-01, 6.10739e-01, 3.11945e-01, 1.50706e+00]
197500 [4.37302e+00, 3.33634e-01, 1.35557e+00, 8.07850e-01, 6.11952e-01, 3.20984e-01, 1.49650e+00]
198000 [4.35871e+00, 3.26260e-01, 1.34151e+00, 7.95900e-01, 6.10308e-01, 3.15874e-01, 1.49817e+00]
198500 [4.32247e+00, 3.22390e-01, 1.32745e+00, 7.87439e-01, 6.06255e-01, 3.12098e-01, 1.49597e+00]
199000 [4.33288e+00, 3.21520e-01, 1.32697e+00, 8.05759e-01, 6.03856e-01, 3.20184e-01, 1.49576e+00]
199500 [4.31377e+00, 3.28030e-01, 1.33103e+00, 7.95795e-01, 6.06868e-01, 3.16349e-01, 1.54824e+00]
200000 [4.31130e+00, 3.21959e-01, 1.32399e+00, 7.87996e-01, 6.03706e-01, 3.11833e-01, 1.55120e+00]
