0 [2.52000e+00, 2.16000e-01, 7.74000e-01, 4.87000e-01, 3.62000e-01, 1.90000e-01, 5.70000e-01]
500 [2.54945e+00, 2.06075e-01, 7.73625e-01, 4.80769e-01, 3.56055e-01, 1.89453e-01, 5.75693e-01]
1000 [2.37514e+00, 1.73074e-01, 7.30593e-01, 4.25591e-01, 3.48020e-01, 1.67995e-01, 5.79624e-01]
1500 [2.29034e+00, 1.65417e-01, 6.91736e-01, 4.20537e-01, 3.36776e-01, 1.65893e-01, 5.70885e-01]
2000 [2.26718e+00, 1.63598e-01, 6.73686e-01, 4.16547e-01, 3.27736e-01, 1.64943e-01, 5.65431e-01]
2500 [2.25445e+00, 1.62556e-01, 6.66650e-01, 4.14531e-01, 3.20911e-01, 1.64362e-01, 5.60164e-01]
3000 [2.23098e+00, 1.66207e-01, 6.68385e-01, 4.05475e-01, 3.17226e-01, 1.60180e-01, 5.61451e-01]
3500 [2.22215e+00, 1.65776e-01, 6.71520e-01, 4.05414e-01, 3.14245e-01, 1.60046e-01, 5.56654e-01]
4000 [2.22385e+00, 1.65921e-01, 6.71953e-01, 4.05614e-01, 3.12174e-01, 1.60147e-01, 5.52558e-01]
4500 [2.22013e+00, 1.65579e-01, 6.72009e-01, 4.05097e-01, 3.10542e-01, 1.59929e-01, 5.48336e-01]
5000 [2.21939e+00, 1.67834e-01, 6.73390e-01, 4.07889e-01, 3.09973e-01, 1.61396e-01, 5.41818e-01]
5500 [2.21715e+00, 1.65443e-01, 6.72040e-01, 4.04810e-01, 3.08744e-01, 1.59965e-01, 5.41191e-01]
6000 [2.21833e+00, 1.65425e-01, 6.71297e-01, 4.04700e-01, 3.08050e-01, 1.59829e-01, 5.37118e-01]
6500 [2.21636e+00, 1.64568e-01, 6.72211e-01, 4.13418e-01, 3.08733e-01, 1.62880e-01, 5.32278e-01]
7000 [2.23651e+00, 1.62115e-01, 6.68019e-01, 4.14631e-01, 3.07955e-01, 1.63915e-01, 5.39042e-01]
7500 [2.22456e+00, 1.65996e-01, 6.72510e-01, 4.05919e-01, 3.08718e-01, 1.60253e-01, 5.49269e-01]
8000 [2.23897e+00, 1.66523e-01, 6.78796e-01, 4.10357e-01, 3.10014e-01, 1.61900e-01, 5.53748e-01]
8500 [2.24053e+00, 1.65063e-01, 6.76801e-01, 4.10141e-01, 3.09729e-01, 1.61710e-01, 5.54095e-01]
9000 [2.24413e+00, 1.62727e-01, 6.68209e-01, 4.10343e-01, 3.08507e-01, 1.62083e-01, 5.54438e-01]
9500 [2.25034e+00, 1.62219e-01, 6.64009e-01, 4.11131e-01, 3.07285e-01, 1.62901e-01, 5.55697e-01]
10000 [2.25239e+00, 1.62045e-01, 6.62126e-01, 4.11313e-01, 3.06138e-01, 1.62968e-01, 5.58880e-01]
10500 [2.24268e+00, 1.61292e-01, 6.59730e-01, 4.10491e-01, 3.05106e-01, 1.62817e-01, 5.58187e-01]
11000 [2.24022e+00, 1.61193e-01, 6.58896e-01, 4.10505e-01, 3.04240e-01, 1.62911e-01, 5.57296e-01]
11500 [2.23685e+00, 1.64600e-01, 6.59199e-01, 3.93940e-01, 3.03804e-01, 1.58734e-01, 5.54266e-01]
12000 [2.25543e+00, 1.61905e-01, 6.61788e-01, 4.11514e-01, 3.03740e-01, 1.63196e-01, 5.58653e-01]
12500 [2.24560e+00, 1.65786e-01, 6.66957e-01, 4.14061e-01, 3.04243e-01, 1.64010e-01, 5.66364e-01]
13000 [2.24497e+00, 1.61474e-01, 6.62394e-01, 4.10878e-01, 3.03632e-01, 1.63179e-01, 5.66721e-01]
13500 [2.25121e+00, 1.64587e-01, 6.65880e-01, 4.17367e-01, 3.04226e-01, 1.65262e-01, 5.72231e-01]
14000 [2.24825e+00, 1.61224e-01, 6.61015e-01, 4.10885e-01, 3.03692e-01, 1.63154e-01, 5.73052e-01]
14500 [2.24124e+00, 1.65759e-01, 6.64485e-01, 4.09300e-01, 3.04129e-01, 1.61738e-01, 5.78827e-01]
15000 [2.22787e+00, 1.64962e-01, 6.66681e-01, 4.03686e-01, 3.04513e-01, 1.59600e-01, 5.80075e-01]
15500 [2.21292e+00, 1.64858e-01, 6.69071e-01, 4.03926e-01, 3.04529e-01, 1.59511e-01, 5.78925e-01]
16000 [2.23695e+00, 1.68116e-01, 6.79587e-01, 4.12914e-01, 3.06989e-01, 1.63582e-01, 5.89493e-01]
16500 [2.25583e+00, 1.63000e-01, 6.71388e-01, 4.12497e-01, 3.05985e-01, 1.63560e-01, 5.89231e-01]
17000 [2.25071e+00, 1.61978e-01, 6.63282e-01, 4.11018e-01, 3.05101e-01, 1.63368e-01, 5.86865e-01]
17500 [2.24555e+00, 1.61618e-01, 6.59926e-01, 4.10759e-01, 3.04242e-01, 1.63438e-01, 5.84297e-01]
18000 [2.24213e+00, 1.61538e-01, 6.59111e-01, 4.10518e-01, 3.03900e-01, 1.63318e-01, 5.84047e-01]
18500 [2.24344e+00, 1.62071e-01, 6.59542e-01, 4.12159e-01, 3.03537e-01, 1.63711e-01, 5.85645e-01]
19000 [2.23805e+00, 1.61228e-01, 6.58649e-01, 4.10589e-01, 3.03090e-01, 1.63122e-01, 5.85003e-01]
19500 [2.24260e+00, 1.61428e-01, 6.59422e-01, 4.10785e-01, 3.02857e-01, 1.63232e-01, 5.87688e-01]
20000 [2.23809e+00, 1.61109e-01, 6.58762e-01, 4.10647e-01, 3.02509e-01, 1.63084e-01, 5.87109e-01]
20500 [2.23570e+00, 1.61056e-01, 6.58984e-01, 4.10770e-01, 3.02411e-01, 1.63118e-01, 5.86908e-01]
21000 [2.22355e+00, 1.66910e-01, 6.61168e-01, 4.08132e-01, 3.02942e-01, 1.61041e-01, 5.89674e-01]
21500 [2.23537e+00, 1.62121e-01, 6.67395e-01, 4.11615e-01, 3.04265e-01, 1.63913e-01, 5.89253e-01]
22000 [2.23693e+00, 1.61348e-01, 6.61347e-01, 4.11373e-01, 3.03913e-01, 1.63236e-01, 5.87605e-01]
22500 [2.23863e+00, 1.61223e-01, 6.60051e-01, 4.11058e-01, 3.03659e-01, 1.63243e-01, 5.87443e-01]
23000 [2.23686e+00, 1.61972e-01, 6.61851e-01, 4.11936e-01, 3.03503e-01, 1.63849e-01, 5.90902e-01]
23500 [2.23713e+00, 1.61139e-01, 6.59858e-01, 4.11212e-01, 3.03290e-01, 1.63167e-01, 5.87488e-01]
24000 [2.23195e+00, 1.65114e-01, 6.66545e-01, 4.08794e-01, 3.04008e-01, 1.61668e-01, 5.91110e-01]
24500 [2.24877e+00, 1.62053e-01, 6.66371e-01, 4.11988e-01, 3.04040e-01, 1.63377e-01, 5.99836e-01]
25000 [2.24744e+00, 1.61801e-01, 6.62903e-01, 4.11456e-01, 3.03860e-01, 1.63390e-01, 6.00276e-01]
25500 [2.22598e+00, 1.75951e-01, 6.62849e-01, 3.91585e-01, 3.07703e-01, 1.54535e-01, 6.22598e-01]
26000 [2.32919e+00, 1.83809e-01, 6.78114e-01, 4.36986e-01, 3.09790e-01, 1.73372e-01, 6.25063e-01]
26500 [2.28243e+00, 1.98815e-01, 6.98543e-01, 4.09754e-01, 3.10601e-01, 1.66933e-01, 6.39185e-01]
27000 [2.23539e+00, 2.07566e-01, 7.34401e-01, 4.20454e-01, 3.13911e-01, 1.71182e-01, 6.36190e-01]
27500 [2.30570e+00, 1.82695e-01, 7.48953e-01, 4.53001e-01, 3.16905e-01, 1.75148e-01, 6.35030e-01]
28000 [2.27580e+00, 1.66751e-01, 7.04146e-01, 4.20819e-01, 3.13692e-01, 1.65707e-01, 6.24064e-01]
28500 [2.24274e+00, 1.63968e-01, 6.78097e-01, 4.16167e-01, 3.11452e-01, 1.64046e-01, 6.14681e-01]
29000 [2.23303e+00, 1.64185e-01, 6.68407e-01, 4.07446e-01, 3.09724e-01, 1.60659e-01, 6.09735e-01]
29500 [2.23398e+00, 1.62509e-01, 6.64929e-01, 4.13527e-01, 3.08445e-01, 1.63447e-01, 6.04412e-01]
30000 [2.23803e+00, 1.62135e-01, 6.62585e-01, 4.12925e-01, 3.07220e-01, 1.63353e-01, 6.01905e-01]
30500 [2.23901e+00, 1.61898e-01, 6.61866e-01, 4.12258e-01, 3.06282e-01, 1.63265e-01, 6.00665e-01]
31000 [2.23638e+00, 1.62868e-01, 6.63980e-01, 4.12739e-01, 3.06304e-01, 1.63357e-01, 6.05098e-01]
31500 [2.22838e+00, 1.61739e-01, 6.61096e-01, 4.11461e-01, 3.05484e-01, 1.63589e-01, 6.09719e-01]
32000 [2.27348e+00, 1.96631e-01, 6.78078e-01, 4.39294e-01, 3.07886e-01, 1.76735e-01, 6.07720e-01]
32500 [2.37267e+00, 1.95527e-01, 7.06179e-01, 4.17243e-01, 3.07916e-01, 1.66563e-01, 6.36203e-01]
33000 [2.45679e+00, 1.90351e-01, 7.09945e-01, 4.52457e-01, 3.06089e-01, 1.78395e-01, 6.39306e-01]
33500 [2.40833e+00, 1.97298e-01, 7.17024e-01, 4.11151e-01, 3.07673e-01, 1.59278e-01, 6.41568e-01]
34000 [2.46792e+00, 1.90663e-01, 7.12246e-01, 4.52041e-01, 3.05885e-01, 1.78662e-01, 6.44901e-01]
34500 [2.46462e+00, 1.90552e-01, 7.12080e-01, 4.56441e-01, 3.06469e-01, 1.80626e-01, 6.51790e-01]
35000 [2.48883e+00, 1.77021e-01, 7.15815e-01, 4.48148e-01, 3.07902e-01, 1.76255e-01, 6.59899e-01]
35500 [2.23648e+00, 1.96431e-01, 7.14774e-01, 4.19169e-01, 3.09485e-01, 1.69414e-01, 6.73757e-01]
36000 [2.24853e+00, 2.01718e-01, 7.31380e-01, 4.29983e-01, 3.11152e-01, 1.73451e-01, 6.73970e-01]
36500 [2.35890e+00, 1.90539e-01, 7.42972e-01, 4.46825e-01, 3.13514e-01, 1.86546e-01, 6.56595e-01]
37000 [2.36694e+00, 1.98729e-01, 7.38487e-01, 4.48976e-01, 3.09563e-01, 1.79206e-01, 6.64080e-01]
37500 [2.36868e+00, 1.94838e-01, 7.22679e-01, 4.52905e-01, 3.08384e-01, 1.77452e-01, 6.52750e-01]
38000 [2.32784e+00, 1.92610e-01, 7.24046e-01, 4.55147e-01, 3.09305e-01, 1.85041e-01, 6.30491e-01]
38500 [2.38172e+00, 1.88353e-01, 7.09621e-01, 4.74451e-01, 3.05957e-01, 1.89177e-01, 6.30966e-01]
39000 [2.36902e+00, 1.86498e-01, 7.02749e-01, 4.70206e-01, 3.05672e-01, 1.86735e-01, 6.23243e-01]
39500 [2.38567e+00, 1.68525e-01, 6.98257e-01, 4.36465e-01, 3.03952e-01, 1.71263e-01, 6.14155e-01]
40000 [2.32182e+00, 1.84532e-01, 7.00015e-01, 4.66250e-01, 3.02586e-01, 1.83919e-01, 6.05592e-01]
40500 [2.32376e+00, 1.91272e-01, 6.92389e-01, 4.13678e-01, 3.01179e-01, 1.71465e-01, 6.15325e-01]
41000 [2.40359e+00, 1.81355e-01, 6.85671e-01, 4.66706e-01, 2.98265e-01, 1.84284e-01, 6.04576e-01]
41500 [2.42699e+00, 1.83837e-01, 6.91628e-01, 4.68401e-01, 2.98829e-01, 1.84838e-01, 6.07280e-01]
42000 [2.43015e+00, 1.83479e-01, 6.92246e-01, 4.67933e-01, 2.99200e-01, 1.84522e-01, 6.03884e-01]
42500 [2.39903e+00, 1.87679e-01, 7.02900e-01, 4.67456e-01, 2.99936e-01, 1.85277e-01, 5.94453e-01]
43000 [2.44433e+00, 1.89149e-01, 7.01146e-01, 4.61377e-01, 3.00176e-01, 1.83177e-01, 5.96758e-01]
43500 [2.49089e+00, 1.81315e-01, 6.90117e-01, 4.76415e-01, 2.98033e-01, 1.87574e-01, 5.95590e-01]
44000 [2.45080e+00, 1.87385e-01, 6.90199e-01, 4.38408e-01, 2.99536e-01, 1.77273e-01, 5.93847e-01]
44500 [2.45947e+00, 1.83243e-01, 6.84172e-01, 4.48177e-01, 2.97757e-01, 1.82314e-01, 5.96868e-01]
45000 [2.47115e+00, 1.81471e-01, 6.78024e-01, 4.71361e-01, 2.96080e-01, 1.87136e-01, 5.90694e-01]
45500 [2.46452e+00, 1.87388e-01, 6.91413e-01, 4.76819e-01, 2.97118e-01, 1.89525e-01, 5.83697e-01]
46000 [2.52628e+00, 1.85175e-01, 6.89535e-01, 4.83631e-01, 2.97251e-01, 1.92619e-01, 5.92122e-01]
46500 [2.49624e+00, 1.89217e-01, 6.92449e-01, 4.72204e-01, 2.97610e-01, 1.89271e-01, 5.93661e-01]
47000 [2.53161e+00, 1.84537e-01, 6.88613e-01, 4.82374e-01, 2.96896e-01, 1.94220e-01, 5.96749e-01]
47500 [2.53854e+00, 1.87602e-01, 6.81454e-01, 4.54551e-01, 2.95537e-01, 1.76917e-01, 5.98234e-01]
48000 [2.50238e+00, 1.89199e-01, 7.03055e-01, 4.70318e-01, 2.99123e-01, 1.88527e-01, 6.06119e-01]
48500 [2.57683e+00, 1.78456e-01, 6.83358e-01, 4.76052e-01, 2.96313e-01, 1.90659e-01, 6.14436e-01]
49000 [2.41139e+00, 1.79200e-01, 6.81059e-01, 4.18505e-01, 2.99166e-01, 1.71754e-01, 6.29953e-01]
49500 [2.34722e+00, 1.90892e-01, 7.04703e-01, 4.32109e-01, 3.00126e-01, 1.71191e-01, 5.88376e-01]
50000 [2.44852e+00, 1.88562e-01, 6.96424e-01, 4.24395e-01, 2.98450e-01, 1.65854e-01, 5.99403e-01]
50500 [2.57690e+00, 1.86086e-01, 6.99836e-01, 4.71832e-01, 2.98973e-01, 1.84391e-01, 6.09149e-01]
51000 [2.63650e+00, 1.85853e-01, 6.94748e-01, 4.70726e-01, 2.98797e-01, 1.85554e-01, 6.18432e-01]
51500 [2.64091e+00, 1.86036e-01, 6.94028e-01, 4.67296e-01, 2.98762e-01, 1.85261e-01, 6.24080e-01]
52000 [2.63561e+00, 1.85447e-01, 6.92804e-01, 4.60304e-01, 2.98523e-01, 1.83120e-01, 6.27783e-01]
52500 [2.45434e+00, 1.89595e-01, 6.98972e-01, 4.27506e-01, 3.00721e-01, 1.68166e-01, 6.55186e-01]
53000 [2.42328e+00, 1.90866e-01, 7.11852e-01, 4.72213e-01, 3.01506e-01, 1.86228e-01, 6.47462e-01]
53500 [2.49997e+00, 1.85344e-01, 7.03852e-01, 4.85328e-01, 3.00590e-01, 1.89365e-01, 6.41180e-01]
54000 [2.54375e+00, 1.77852e-01, 6.84382e-01, 4.82756e-01, 2.97442e-01, 1.87709e-01, 6.35232e-01]
54500 [2.43179e+00, 1.83579e-01, 6.93329e-01, 4.79058e-01, 2.97828e-01, 1.87522e-01, 6.31586e-01]
55000 [2.46586e+00, 1.79510e-01, 6.81913e-01, 4.80085e-01, 2.95834e-01, 1.88083e-01, 6.25159e-01]
55500 [2.44651e+00, 1.86344e-01, 6.88788e-01, 4.79936e-01, 2.97395e-01, 1.90462e-01, 6.39087e-01]
56000 [2.49448e+00, 1.81113e-01, 6.86119e-01, 4.75653e-01, 2.95472e-01, 1.88631e-01, 6.35712e-01]
56500 [2.50391e+00, 1.79246e-01, 6.77854e-01, 4.71394e-01, 2.93864e-01, 1.87394e-01, 6.32842e-01]
57000 [2.51532e+00, 1.80564e-01, 6.73509e-01, 4.62525e-01, 2.92732e-01, 1.84270e-01, 6.31487e-01]
57500 [2.55026e+00, 1.82690e-01, 6.84413e-01, 4.73316e-01, 2.93032e-01, 1.88458e-01, 6.37845e-01]
58000 [2.58681e+00, 1.80305e-01, 6.80091e-01, 4.82026e-01, 2.93065e-01, 1.93064e-01, 6.45059e-01]
58500 [2.41163e+00, 1.99893e-01, 7.15545e-01, 4.65951e-01, 2.97352e-01, 1.89742e-01, 6.30429e-01]
59000 [2.39399e+00, 1.95020e-01, 7.21209e-01, 4.72910e-01, 2.99968e-01, 1.91485e-01, 6.29919e-01]
59500 [2.45523e+00, 1.95930e-01, 7.25182e-01, 4.74802e-01, 3.02402e-01, 1.91148e-01, 6.30724e-01]
60000 [2.51785e+00, 1.95603e-01, 7.28100e-01, 4.77200e-01, 3.04530e-01, 1.92246e-01, 6.30435e-01]
60500 [2.44292e+00, 2.05529e-01, 7.50916e-01, 4.50241e-01, 3.10956e-01, 1.82703e-01, 6.47629e-01]
61000 [2.52294e+00, 1.96793e-01, 7.41217e-01, 4.81265e-01, 3.10288e-01, 1.93287e-01, 6.33577e-01]
61500 [2.55419e+00, 1.88599e-01, 7.17455e-01, 4.81650e-01, 3.07139e-01, 1.92156e-01, 6.32269e-01]
62000 [2.52663e+00, 1.91859e-01, 7.04972e-01, 4.52549e-01, 3.05681e-01, 1.81257e-01, 6.37904e-01]
62500 [2.58311e+00, 1.83430e-01, 6.94675e-01, 4.81487e-01, 3.02599e-01, 1.91973e-01, 6.34395e-01]
63000 [2.59583e+00, 1.80468e-01, 6.84067e-01, 4.82809e-01, 2.99469e-01, 1.92980e-01, 6.28383e-01]
63500 [2.59116e+00, 1.80206e-01, 6.84857e-01, 4.82872e-01, 2.98408e-01, 1.93994e-01, 6.28844e-01]
64000 [2.59198e+00, 1.78230e-01, 6.76851e-01, 4.81184e-01, 2.95781e-01, 1.92551e-01, 6.22525e-01]
64500 [2.53966e+00, 1.91598e-01, 6.94987e-01, 4.71234e-01, 2.98619e-01, 1.91144e-01, 6.19710e-01]
65000 [2.64174e+00, 1.82083e-01, 6.88821e-01, 4.79413e-01, 2.96840e-01, 1.91356e-01, 6.26149e-01]
65500 [2.67192e+00, 1.78331e-01, 6.75553e-01, 4.87526e-01, 2.95028e-01, 1.95744e-01, 6.25056e-01]
66000 [2.62857e+00, 1.85050e-01, 6.85198e-01, 4.93487e-01, 2.95417e-01, 1.99139e-01, 6.33932e-01]
66500 [2.71618e+00, 1.76454e-01, 6.72643e-01, 4.98671e-01, 2.92850e-01, 2.00910e-01, 6.26435e-01]
67000 [2.57626e+00, 2.04183e-01, 6.95990e-01, 4.78211e-01, 2.97793e-01, 2.01007e-01, 6.18178e-01]
67500 [2.65918e+00, 1.85035e-01, 7.03300e-01, 4.86916e-01, 2.96052e-01, 1.97611e-01, 6.01312e-01]
68000 [2.66742e+00, 1.77644e-01, 6.82415e-01, 4.63855e-01, 2.93122e-01, 1.84332e-01, 5.97806e-01]
68500 [2.66247e+00, 1.69492e-01, 6.55232e-01, 4.65594e-01, 2.88422e-01, 1.85327e-01, 5.95538e-01]
69000 [2.41748e+00, 1.64696e-01, 6.61315e-01, 4.14757e-01, 2.93914e-01, 1.63915e-01, 6.21958e-01]
69500 [2.29764e+00, 1.62119e-01, 6.61364e-01, 4.12793e-01, 2.94746e-01, 1.63033e-01, 6.12317e-01]
70000 [2.25284e+00, 1.61325e-01, 6.59226e-01, 4.11716e-01, 2.95429e-01, 1.62811e-01, 6.06276e-01]
70500 [2.24501e+00, 1.61047e-01, 6.58713e-01, 4.10982e-01, 2.96575e-01, 1.62781e-01, 6.06906e-01]
71000 [2.24256e+00, 1.61665e-01, 6.59899e-01, 4.12021e-01, 2.97780e-01, 1.63420e-01, 6.08950e-01]
71500 [2.23767e+00, 1.60900e-01, 6.58272e-01, 4.10516e-01, 2.98451e-01, 1.62879e-01, 6.08619e-01]
72000 [2.23770e+00, 1.65634e-01, 6.64336e-01, 4.12895e-01, 3.00188e-01, 1.63483e-01, 6.07867e-01]
72500 [2.23569e+00, 1.60868e-01, 6.59398e-01, 4.10612e-01, 3.00449e-01, 1.62872e-01, 6.11510e-01]
73000 [2.23853e+00, 1.67862e-01, 6.66852e-01, 4.12375e-01, 3.01943e-01, 1.63879e-01, 6.12656e-01]
73500 [2.24441e+00, 1.61638e-01, 6.67882e-01, 4.12067e-01, 3.03029e-01, 1.63235e-01, 6.03654e-01]
74000 [2.23730e+00, 1.61270e-01, 6.61224e-01, 4.10968e-01, 3.02926e-01, 1.63052e-01, 6.06207e-01]
74500 [2.21825e+00, 1.64757e-01, 6.62946e-01, 4.02940e-01, 3.02963e-01, 1.59224e-01, 6.11128e-01]
75000 [2.21305e+00, 1.64843e-01, 6.67783e-01, 4.03412e-01, 3.03309e-01, 1.59364e-01, 6.13566e-01]
75500 [2.21363e+00, 1.64889e-01, 6.69889e-01, 4.03872e-01, 3.03775e-01, 1.59516e-01, 6.15373e-01]
76000 [2.21372e+00, 1.65026e-01, 6.70864e-01, 4.03927e-01, 3.04167e-01, 1.59486e-01, 6.16066e-01]
76500 [2.21842e+00, 1.65212e-01, 6.72323e-01, 4.04335e-01, 3.04532e-01, 1.59598e-01, 6.15413e-01]
77000 [2.21405e+00, 1.66913e-01, 6.72065e-01, 4.08030e-01, 3.04931e-01, 1.59186e-01, 6.13708e-01]
77500 [2.21456e+00, 1.65100e-01, 6.71797e-01, 4.04205e-01, 3.05016e-01, 1.59539e-01, 6.13526e-01]
78000 [2.33081e+00, 1.91887e-01, 6.93090e-01, 4.39850e-01, 3.04814e-01, 1.74428e-01, 5.99882e-01]
78500 [2.39215e+00, 1.93237e-01, 7.07418e-01, 4.29108e-01, 3.05729e-01, 1.71625e-01, 6.08394e-01]
79000 [2.42450e+00, 1.91296e-01, 7.06614e-01, 4.39822e-01, 3.05453e-01, 1.74577e-01, 6.06002e-01]
79500 [2.44865e+00, 1.91893e-01, 7.10259e-01, 4.44665e-01, 3.05117e-01, 1.76752e-01, 6.04358e-01]
80000 [2.46636e+00, 1.91240e-01, 7.11849e-01, 4.49118e-01, 3.04402e-01, 1.78691e-01, 6.09534e-01]
80500 [2.47022e+00, 1.89963e-01, 7.08978e-01, 4.49356e-01, 3.03325e-01, 1.78941e-01, 6.14148e-01]
81000 [2.34103e+00, 1.99319e-01, 7.21775e-01, 4.34327e-01, 3.09959e-01, 1.73301e-01, 6.01794e-01]
81500 [2.48343e+00, 1.94162e-01, 7.20167e-01, 4.60474e-01, 3.09454e-01, 1.83380e-01, 6.09706e-01]
82000 [2.55804e+00, 1.89040e-01, 7.10957e-01, 4.70188e-01, 3.07133e-01, 1.87665e-01, 6.19202e-01]
82500 [2.57626e+00, 1.84092e-01, 6.93839e-01, 4.70158e-01, 3.04098e-01, 1.86088e-01, 6.18219e-01]
83000 [2.58931e+00, 1.80893e-01, 6.87682e-01, 4.69056e-01, 3.03302e-01, 1.84144e-01, 6.17012e-01]
83500 [2.36717e+00, 1.64578e-01, 6.82054e-01, 4.19947e-01, 3.03495e-01, 1.66188e-01, 6.10583e-01]
84000 [2.27892e+00, 1.62230e-01, 6.67890e-01, 4.14255e-01, 3.02876e-01, 1.63942e-01, 6.07285e-01]
84500 [2.26488e+00, 1.61697e-01, 6.62169e-01, 4.12655e-01, 3.02931e-01, 1.63334e-01, 6.07803e-01]
85000 [2.25673e+00, 1.61242e-01, 6.59718e-01, 4.11292e-01, 3.02635e-01, 1.62976e-01, 6.08599e-01]
85500 [2.24806e+00, 1.61058e-01, 6.58831e-01, 4.10795e-01, 3.02608e-01, 1.62975e-01, 6.10264e-01]
86000 [2.22137e+00, 1.66210e-01, 6.62568e-01, 4.09040e-01, 3.04534e-01, 1.62381e-01, 6.18785e-01]
86500 [2.24350e+00, 1.62355e-01, 6.62136e-01, 4.11323e-01, 3.04281e-01, 1.62876e-01, 6.27108e-01]
87000 [2.24196e+00, 1.62135e-01, 6.61240e-01, 4.11641e-01, 3.04099e-01, 1.63174e-01, 6.29555e-01]
87500 [2.24240e+00, 1.61823e-01, 6.60553e-01, 4.11483e-01, 3.03456e-01, 1.63028e-01, 6.32718e-01]
88000 [2.24490e+00, 1.61881e-01, 6.60982e-01, 4.11847e-01, 3.03233e-01, 1.63230e-01, 6.38024e-01]
88500 [2.24250e+00, 1.61473e-01, 6.59855e-01, 4.11305e-01, 3.02694e-01, 1.63132e-01, 6.40621e-01]
89000 [2.25896e+00, 1.67705e-01, 6.89336e-01, 4.12961e-01, 3.15519e-01, 1.63048e-01, 6.26431e-01]
89500 [2.25347e+00, 1.65132e-01, 6.85420e-01, 4.14280e-01, 3.13578e-01, 1.63571e-01, 6.33223e-01]
90000 [2.25699e+00, 1.67667e-01, 6.83004e-01, 4.11893e-01, 3.14152e-01, 1.63239e-01, 6.29927e-01]
90500 [2.25130e+00, 1.65875e-01, 6.79950e-01, 4.14012e-01, 3.12624e-01, 1.63658e-01, 6.26496e-01]
91000 [2.25164e+00, 1.63273e-01, 6.72645e-01, 4.13383e-01, 3.10863e-01, 1.63690e-01, 6.32598e-01]
91500 [2.24786e+00, 1.62831e-01, 6.66797e-01, 4.12584e-01, 3.09010e-01, 1.63481e-01, 6.38410e-01]
92000 [2.24586e+00, 1.62321e-01, 6.63206e-01, 4.11743e-01, 3.07505e-01, 1.63229e-01, 6.45340e-01]
92500 [2.24678e+00, 1.61979e-01, 6.61296e-01, 4.11469e-01, 3.06467e-01, 1.63092e-01, 6.51881e-01]
93000 [2.24650e+00, 1.61870e-01, 6.60454e-01, 4.11185e-01, 3.05614e-01, 1.63134e-01, 6.58560e-01]
93500 [2.24009e+00, 1.61558e-01, 6.60210e-01, 4.11381e-01, 3.04757e-01, 1.63273e-01, 6.66884e-01]
94000 [2.23693e+00, 1.61402e-01, 6.59991e-01, 4.11399e-01, 3.03986e-01, 1.63340e-01, 6.77285e-01]
94500 [2.23626e+00, 1.61308e-01, 6.59731e-01, 4.11112e-01, 3.03440e-01, 1.63208e-01, 6.85269e-01]
95000 [2.22972e+00, 1.65577e-01, 6.63966e-01, 4.08633e-01, 3.03651e-01, 1.61917e-01, 6.90729e-01]
95500 [2.25432e+00, 1.62601e-01, 6.67477e-01, 4.13865e-01, 3.03950e-01, 1.63625e-01, 6.96854e-01]
96000 [2.25441e+00, 1.61652e-01, 6.62376e-01, 4.12046e-01, 3.03587e-01, 1.63436e-01, 7.04101e-01]
96500 [2.24578e+00, 1.61260e-01, 6.60121e-01, 4.11260e-01, 3.03085e-01, 1.63307e-01, 7.11735e-01]
97000 [2.22972e+00, 1.65409e-01, 6.63240e-01, 4.08056e-01, 3.03111e-01, 1.61585e-01, 7.21299e-01]
97500 [2.25014e+00, 1.62126e-01, 6.63507e-01, 4.12257e-01, 3.03108e-01, 1.63440e-01, 7.24956e-01]
98000 [2.24805e+00, 1.61749e-01, 6.61887e-01, 4.11595e-01, 3.02715e-01, 1.63342e-01, 7.26504e-01]
98500 [2.24449e+00, 1.61499e-01, 6.60809e-01, 4.11280e-01, 3.02566e-01, 1.63260e-01, 7.27874e-01]
99000 [2.24170e+00, 1.61342e-01, 6.60252e-01, 4.11091e-01, 3.02347e-01, 1.63230e-01, 7.29583e-01]
99500 [2.22506e+00, 1.62366e-01, 6.66500e-01, 4.12086e-01, 3.03223e-01, 1.63945e-01, 7.34275e-01]
100000 [2.23367e+00, 1.61366e-01, 6.61471e-01, 4.11362e-01, 3.02806e-01, 1.63456e-01, 7.35192e-01]
100500 [2.23411e+00, 1.61142e-01, 6.59866e-01, 4.10977e-01, 3.02384e-01, 1.63281e-01, 7.35521e-01]
101000 [2.23401e+00, 1.61063e-01, 6.59364e-01, 4.10614e-01, 3.02139e-01, 1.63101e-01, 7.37212e-01]
101500 [2.23320e+00, 1.61245e-01, 6.60081e-01, 4.10840e-01, 3.02104e-01, 1.63114e-01, 7.39302e-01]
102000 [2.23498e+00, 1.61160e-01, 6.59372e-01, 4.10706e-01, 3.02047e-01, 1.63202e-01, 7.41353e-01]
102500 [2.23336e+00, 1.62498e-01, 6.63033e-01, 4.11610e-01, 3.02369e-01, 1.63503e-01, 7.44396e-01]
103000 [2.23628e+00, 1.61645e-01, 6.61963e-01, 4.11891e-01, 3.02308e-01, 1.63592e-01, 7.43158e-01]
103500 [2.22401e+00, 1.67481e-01, 6.62415e-01, 4.07450e-01, 3.03786e-01, 1.61989e-01, 7.60619e-01]
104000 [2.23256e+00, 1.66270e-01, 6.72718e-01, 4.09565e-01, 3.04779e-01, 1.62219e-01, 7.60595e-01]
104500 [2.23683e+00, 1.66225e-01, 6.74523e-01, 4.09204e-01, 3.05441e-01, 1.61930e-01, 7.60131e-01]
105000 [2.23909e+00, 1.66249e-01, 6.75504e-01, 4.09183e-01, 3.06013e-01, 1.61837e-01, 7.59660e-01]
105500 [2.23964e+00, 1.66257e-01, 6.76225e-01, 4.09276e-01, 3.06460e-01, 1.61829e-01, 7.59638e-01]
106000 [2.23840e+00, 1.66345e-01, 6.77469e-01, 4.10711e-01, 3.08412e-01, 1.62422e-01, 7.63051e-01]
106500 [2.23948e+00, 1.66297e-01, 6.76725e-01, 4.10509e-01, 3.08037e-01, 1.62379e-01, 7.64503e-01]
107000 [2.24104e+00, 1.66275e-01, 6.76966e-01, 4.10442e-01, 3.07932e-01, 1.62342e-01, 7.64767e-01]
107500 [2.24191e+00, 1.66265e-01, 6.77405e-01, 4.10400e-01, 3.08162e-01, 1.62315e-01, 7.64235e-01]
108000 [2.26152e+00, 1.63525e-01, 6.72761e-01, 4.15731e-01, 3.07719e-01, 1.64966e-01, 7.57218e-01]
108500 [2.25897e+00, 1.61993e-01, 6.69641e-01, 4.13887e-01, 3.07181e-01, 1.63497e-01, 7.54830e-01]
109000 [2.24736e+00, 1.68222e-01, 6.65122e-01, 4.07773e-01, 3.06108e-01, 1.61727e-01, 7.52702e-01]
109500 [2.25413e+00, 1.61883e-01, 6.66503e-01, 4.13161e-01, 3.06067e-01, 1.63751e-01, 7.54239e-01]
110000 [2.23915e+00, 1.65511e-01, 6.63394e-01, 4.09399e-01, 3.05378e-01, 1.62088e-01, 7.56431e-01]
110500 [2.24728e+00, 1.61350e-01, 6.62401e-01, 4.11838e-01, 3.04686e-01, 1.63350e-01, 7.55814e-01]
111000 [2.23258e+00, 1.66741e-01, 6.62766e-01, 4.05050e-01, 3.05163e-01, 1.61130e-01, 7.61841e-01]
111500 [2.23746e+00, 1.65743e-01, 6.70794e-01, 4.09245e-01, 3.05463e-01, 1.62194e-01, 7.58289e-01]
112000 [2.23910e+00, 1.65803e-01, 6.73840e-01, 4.09646e-01, 3.05949e-01, 1.62249e-01, 7.54339e-01]
112500 [2.23794e+00, 1.65825e-01, 6.75015e-01, 4.09961e-01, 3.06362e-01, 1.62270e-01, 7.52050e-01]
113000 [2.24127e+00, 1.63449e-01, 6.75120e-01, 4.14247e-01, 3.06706e-01, 1.64181e-01, 7.50959e-01]
113500 [2.22717e+00, 1.76226e-01, 6.81115e-01, 4.13941e-01, 3.07621e-01, 1.64729e-01, 7.62416e-01]
114000 [2.17236e+00, 1.71394e-01, 6.79444e-01, 3.97972e-01, 3.08304e-01, 1.57234e-01, 7.60551e-01]
114500 [2.15977e+00, 1.71080e-01, 6.77451e-01, 3.97561e-01, 3.08512e-01, 1.57004e-01, 7.58662e-01]
115000 [2.15905e+00, 1.70961e-01, 6.76238e-01, 3.97323e-01, 3.08714e-01, 1.56909e-01, 7.57443e-01]
115500 [2.15958e+00, 1.70937e-01, 6.75875e-01, 3.97229e-01, 3.08839e-01, 1.56893e-01, 7.56455e-01]
116000 [2.15993e+00, 1.70954e-01, 6.75956e-01, 3.97240e-01, 3.08932e-01, 1.56912e-01, 7.55605e-01]
116500 [2.22400e+00, 1.70103e-01, 6.82291e-01, 4.10584e-01, 3.12865e-01, 1.62410e-01, 7.21302e-01]
117000 [2.23721e+00, 1.67632e-01, 6.82458e-01, 4.09665e-01, 3.12469e-01, 1.62092e-01, 7.24363e-01]
117500 [2.23490e+00, 1.89731e-01, 6.80970e-01, 4.12119e-01, 3.16850e-01, 1.56061e-01, 7.55630e-01]
118000 [2.28252e+00, 2.00508e-01, 6.99913e-01, 4.28270e-01, 3.15494e-01, 1.72231e-01, 7.43443e-01]
118500 [2.27416e+00, 2.04507e-01, 7.17596e-01, 4.13473e-01, 3.14746e-01, 1.66811e-01, 7.27533e-01]
119000 [2.26744e+00, 2.06501e-01, 7.34204e-01, 4.17440e-01, 3.15093e-01, 1.68505e-01, 7.23667e-01]
119500 [2.25214e+00, 2.11596e-01, 7.49370e-01, 4.11531e-01, 3.18036e-01, 1.67052e-01, 7.30987e-01]
120000 [2.23397e+00, 2.12592e-01, 7.60928e-01, 4.11646e-01, 3.18643e-01, 1.67206e-01, 7.24174e-01]
120500 [2.28070e+00, 1.97887e-01, 7.58610e-01, 4.12917e-01, 3.20010e-01, 1.64074e-01, 7.46591e-01]
121000 [2.24241e+00, 2.01521e-01, 7.53786e-01, 4.26679e-01, 3.17605e-01, 1.70648e-01, 7.30385e-01]
121500 [2.30935e+00, 1.71232e-01, 7.21310e-01, 4.23465e-01, 3.16904e-01, 1.67193e-01, 7.14689e-01]
122000 [2.28864e+00, 1.67870e-01, 6.91541e-01, 4.18047e-01, 3.15462e-01, 1.65318e-01, 7.09883e-01]
122500 [2.27134e+00, 1.66046e-01, 6.78227e-01, 4.15698e-01, 3.13989e-01, 1.64507e-01, 7.06654e-01]
123000 [2.25953e+00, 1.65282e-01, 6.72237e-01, 4.14123e-01, 3.12458e-01, 1.63896e-01, 7.02478e-01]
123500 [2.25060e+00, 1.64162e-01, 6.69355e-01, 4.12628e-01, 3.10549e-01, 1.62803e-01, 7.03312e-01]
124000 [2.25407e+00, 1.64079e-01, 6.66734e-01, 4.13546e-01, 3.09226e-01, 1.63459e-01, 7.01590e-01]
124500 [2.25267e+00, 1.63576e-01, 6.65004e-01, 4.13005e-01, 3.07870e-01, 1.63310e-01, 7.01069e-01]
125000 [2.24971e+00, 1.63309e-01, 6.63705e-01, 4.12838e-01, 3.07150e-01, 1.63369e-01, 7.01016e-01]
125500 [2.24786e+00, 1.63021e-01, 6.62898e-01, 4.12208e-01, 3.06402e-01, 1.63200e-01, 7.01104e-01]
126000 [2.24461e+00, 1.62847e-01, 6.62320e-01, 4.11721e-01, 3.05821e-01, 1.63113e-01, 7.00597e-01]
126500 [2.24236e+00, 1.62772e-01, 6.61869e-01, 4.11552e-01, 3.05345e-01, 1.63075e-01, 6.98388e-01]
127000 [2.24104e+00, 1.62778e-01, 6.61650e-01, 4.11422e-01, 3.04893e-01, 1.62923e-01, 6.95168e-01]
127500 [2.23921e+00, 1.63426e-01, 6.62249e-01, 4.11419e-01, 3.04598e-01, 1.63416e-01, 6.90773e-01]
128000 [2.22624e+00, 1.67925e-01, 6.76258e-01, 4.08240e-01, 3.09333e-01, 1.61437e-01, 7.12004e-01]
128500 [2.22021e+00, 1.65832e-01, 6.73537e-01, 4.05602e-01, 3.08730e-01, 1.60228e-01, 7.09563e-01]
129000 [2.21754e+00, 1.65412e-01, 6.70720e-01, 4.04902e-01, 3.08044e-01, 1.59959e-01, 7.09971e-01]
129500 [2.21705e+00, 1.65285e-01, 6.69457e-01, 4.04581e-01, 3.07511e-01, 1.59847e-01, 7.10656e-01]
130000 [2.21707e+00, 1.65394e-01, 6.69405e-01, 4.04525e-01, 3.07201e-01, 1.59899e-01, 7.11623e-01]
130500 [2.21683e+00, 1.65233e-01, 6.69270e-01, 4.04568e-01, 3.06920e-01, 1.59779e-01, 7.13026e-01]
131000 [2.21720e+00, 1.65229e-01, 6.69551e-01, 4.04493e-01, 3.06623e-01, 1.59731e-01, 7.15138e-01]
131500 [2.21671e+00, 1.65166e-01, 6.69496e-01, 4.04498e-01, 3.06386e-01, 1.59685e-01, 7.17334e-01]
132000 [2.21748e+00, 1.65244e-01, 6.70417e-01, 4.04372e-01, 3.06303e-01, 1.59748e-01, 7.22326e-01]
132500 [2.21454e+00, 1.65163e-01, 6.69633e-01, 4.04420e-01, 3.06199e-01, 1.59764e-01, 7.26406e-01]
133000 [2.21438e+00, 1.65109e-01, 6.69606e-01, 4.04371e-01, 3.05984e-01, 1.59664e-01, 7.30201e-01]
133500 [2.21448e+00, 1.65095e-01, 6.69855e-01, 4.04365e-01, 3.05807e-01, 1.59626e-01, 7.35307e-01]
134000 [2.21476e+00, 1.65098e-01, 6.70220e-01, 4.04405e-01, 3.05689e-01, 1.59620e-01, 7.41819e-01]
134500 [2.21500e+00, 1.65101e-01, 6.70663e-01, 4.04273e-01, 3.05684e-01, 1.59612e-01, 7.49622e-01]
135000 [2.21505e+00, 1.65121e-01, 6.71043e-01, 4.04284e-01, 3.05732e-01, 1.59629e-01, 7.58012e-01]
135500 [2.21491e+00, 1.65133e-01, 6.71323e-01, 4.04280e-01, 3.05747e-01, 1.59639e-01, 7.66642e-01]
136000 [2.21523e+00, 1.65236e-01, 6.71614e-01, 4.03751e-01, 3.05779e-01, 1.59754e-01, 7.73127e-01]
136500 [2.29796e+00, 1.89427e-01, 6.91960e-01, 4.24780e-01, 3.04138e-01, 1.67562e-01, 7.83682e-01]
137000 [2.30212e+00, 1.94895e-01, 7.03881e-01, 4.22552e-01, 3.04709e-01, 1.69072e-01, 7.77274e-01]
137500 [2.34598e+00, 1.92192e-01, 7.12766e-01, 4.32742e-01, 3.05358e-01, 1.70944e-01, 7.79220e-01]
138000 [2.36556e+00, 2.00749e-01, 7.17676e-01, 4.29476e-01, 3.08259e-01, 1.70402e-01, 7.94948e-01]
138500 [2.32843e+00, 1.98655e-01, 7.25493e-01, 4.45815e-01, 3.09224e-01, 1.81221e-01, 7.80403e-01]
139000 [2.40707e+00, 1.99924e-01, 7.31097e-01, 4.30752e-01, 3.09103e-01, 1.73433e-01, 7.78004e-01]
139500 [2.41938e+00, 1.98623e-01, 7.29593e-01, 4.24590e-01, 3.08805e-01, 1.70990e-01, 7.67738e-01]
140000 [2.42463e+00, 1.97617e-01, 7.25748e-01, 4.22108e-01, 3.08239e-01, 1.69928e-01, 7.63454e-01]
140500 [2.44091e+00, 1.97265e-01, 7.28743e-01, 4.21678e-01, 3.09646e-01, 1.68603e-01, 7.60729e-01]
141000 [2.44324e+00, 1.95442e-01, 7.23104e-01, 4.35594e-01, 3.08331e-01, 1.76418e-01, 7.55910e-01]
141500 [2.45018e+00, 1.95947e-01, 7.19937e-01, 4.20199e-01, 3.07812e-01, 1.68063e-01, 7.59581e-01]
142000 [2.45121e+00, 1.98644e-01, 7.27889e-01, 4.24262e-01, 3.08841e-01, 1.69949e-01, 7.61249e-01]
142500 [2.46611e+00, 1.93201e-01, 7.17004e-01, 4.28948e-01, 3.08563e-01, 1.70851e-01, 7.76354e-01]
143000 [2.47809e+00, 1.94315e-01, 7.14243e-01, 4.22280e-01, 3.06867e-01, 1.68736e-01, 7.68434e-01]
143500 [2.45535e+00, 1.72979e-01, 7.14804e-01, 4.39710e-01, 3.08125e-01, 1.74763e-01, 7.74259e-01]
144000 [2.32484e+00, 1.65286e-01, 6.90125e-01, 4.19958e-01, 3.07709e-01, 1.66047e-01, 7.70522e-01]
144500 [2.28054e+00, 1.62975e-01, 6.72684e-01, 4.15338e-01, 3.06893e-01, 1.64165e-01, 7.69627e-01]
145000 [2.27812e+00, 1.97454e-01, 6.87591e-01, 4.36726e-01, 3.11058e-01, 1.74952e-01, 7.81871e-01]
145500 [2.29374e+00, 2.01088e-01, 7.06311e-01, 4.29342e-01, 3.09214e-01, 1.72550e-01, 7.67331e-01]
146000 [2.30942e+00, 2.02037e-01, 7.23423e-01, 4.32629e-01, 3.10141e-01, 1.73847e-01, 7.64499e-01]
146500 [2.33811e+00, 1.99944e-01, 7.31511e-01, 4.40576e-01, 3.10347e-01, 1.77598e-01, 7.63312e-01]
147000 [2.36784e+00, 1.91810e-01, 7.20491e-01, 4.39076e-01, 3.08570e-01, 1.75423e-01, 7.71597e-01]
147500 [2.39073e+00, 1.85935e-01, 7.02165e-01, 4.38408e-01, 3.05038e-01, 1.75027e-01, 7.69436e-01]
148000 [2.30651e+00, 1.70445e-01, 6.97165e-01, 4.17826e-01, 3.06616e-01, 1.65439e-01, 7.27153e-01]
148500 [2.27902e+00, 1.69480e-01, 6.88842e-01, 4.18896e-01, 3.07753e-01, 1.66142e-01, 7.22850e-01]
149000 [2.27908e+00, 1.69428e-01, 6.86783e-01, 4.19349e-01, 3.08896e-01, 1.66330e-01, 7.14350e-01]
149500 [2.27346e+00, 1.67843e-01, 6.82284e-01, 4.19251e-01, 3.09345e-01, 1.65948e-01, 7.17499e-01]
150000 [2.25962e+00, 1.65424e-01, 6.75125e-01, 4.17554e-01, 3.09122e-01, 1.65310e-01, 7.24364e-01]
150500 [2.25394e+00, 1.63654e-01, 6.68334e-01, 4.15109e-01, 3.08282e-01, 1.64510e-01, 7.24741e-01]
151000 [2.25068e+00, 1.62914e-01, 6.64268e-01, 4.13921e-01, 3.07420e-01, 1.64097e-01, 7.25241e-01]
151500 [2.24822e+00, 1.62570e-01, 6.62236e-01, 4.13247e-01, 3.06556e-01, 1.63932e-01, 7.27121e-01]
152000 [2.24640e+00, 1.62383e-01, 6.61138e-01, 4.12767e-01, 3.05782e-01, 1.63813e-01, 7.29816e-01]
152500 [2.24515e+00, 1.62275e-01, 6.60550e-01, 4.12395e-01, 3.05186e-01, 1.63771e-01, 7.31506e-01]
153000 [2.24310e+00, 1.62224e-01, 6.60629e-01, 4.12430e-01, 3.04675e-01, 1.63630e-01, 7.36023e-01]
153500 [2.24397e+00, 1.61942e-01, 6.59960e-01, 4.12021e-01, 3.04073e-01, 1.63593e-01, 7.38518e-01]
154000 [2.24285e+00, 1.62824e-01, 6.63366e-01, 4.12902e-01, 3.03962e-01, 1.63407e-01, 7.41053e-01]
154500 [2.24118e+00, 1.62328e-01, 6.62471e-01, 4.12561e-01, 3.03895e-01, 1.63390e-01, 7.37837e-01]
155000 [2.24107e+00, 1.61926e-01, 6.60924e-01, 4.11922e-01, 3.03637e-01, 1.63282e-01, 7.35356e-01]
155500 [2.24101e+00, 1.61756e-01, 6.59999e-01, 4.11657e-01, 3.03454e-01, 1.63284e-01, 7.36480e-01]
156000 [2.23943e+00, 1.61639e-01, 6.59406e-01, 4.11511e-01, 3.03447e-01, 1.63311e-01, 7.38601e-01]
156500 [2.23012e+00, 1.66281e-01, 6.69557e-01, 4.05158e-01, 3.05770e-01, 1.60371e-01, 7.25873e-01]
157000 [2.21903e+00, 1.65882e-01, 6.70453e-01, 4.04466e-01, 3.05261e-01, 1.60059e-01, 7.24387e-01]
157500 [2.21575e+00, 1.65770e-01, 6.70508e-01, 4.04839e-01, 3.05176e-01, 1.60041e-01, 7.25183e-01]
158000 [2.21958e+00, 1.65919e-01, 6.71766e-01, 4.05144e-01, 3.06237e-01, 1.59962e-01, 7.26916e-01]
158500 [2.21900e+00, 1.65767e-01, 6.71050e-01, 4.04882e-01, 3.05879e-01, 1.59887e-01, 7.28221e-01]
159000 [2.21889e+00, 1.65640e-01, 6.70762e-01, 4.04960e-01, 3.05816e-01, 1.59845e-01, 7.28358e-01]
159500 [2.21912e+00, 1.65705e-01, 6.70908e-01, 4.04934e-01, 3.05888e-01, 1.59945e-01, 7.27625e-01]
160000 [2.22232e+00, 1.66215e-01, 6.71380e-01, 4.07178e-01, 3.05896e-01, 1.60998e-01, 7.25043e-01]
160500 [2.25462e+00, 1.64777e-01, 6.70718e-01, 4.11389e-01, 3.06022e-01, 1.63054e-01, 7.31494e-01]
161000 [2.23597e+00, 1.66638e-01, 6.73071e-01, 4.07126e-01, 3.07463e-01, 1.61008e-01, 7.46010e-01]
161500 [2.21791e+00, 1.65718e-01, 6.71220e-01, 4.05213e-01, 3.07355e-01, 1.60294e-01, 7.45886e-01]
162000 [2.21371e+00, 1.65513e-01, 6.70435e-01, 4.04810e-01, 3.07218e-01, 1.60111e-01, 7.44772e-01]
162500 [2.21198e+00, 1.65370e-01, 6.70113e-01, 4.04717e-01, 3.06892e-01, 1.60046e-01, 7.42465e-01]
163000 [2.21085e+00, 1.65248e-01, 6.70236e-01, 4.04585e-01, 3.06638e-01, 1.59938e-01, 7.39161e-01]
163500 [2.25191e+00, 1.63687e-01, 6.69252e-01, 4.13234e-01, 3.06465e-01, 1.63881e-01, 7.33654e-01]
164000 [2.26023e+00, 1.62504e-01, 6.63621e-01, 4.12495e-01, 3.05808e-01, 1.63649e-01, 7.40875e-01]
164500 [2.25262e+00, 1.62219e-01, 6.61193e-01, 4.12178e-01, 3.05322e-01, 1.63683e-01, 7.44832e-01]
165000 [2.25606e+00, 1.63929e-01, 6.63446e-01, 4.16212e-01, 3.05490e-01, 1.65411e-01, 7.48453e-01]
165500 [2.24398e+00, 1.62369e-01, 6.62042e-01, 4.12621e-01, 3.04808e-01, 1.64029e-01, 7.48472e-01]
166000 [2.24052e+00, 1.62021e-01, 6.60631e-01, 4.12028e-01, 3.04441e-01, 1.63691e-01, 7.47250e-01]
166500 [2.24188e+00, 1.61949e-01, 6.60461e-01, 4.11474e-01, 3.04049e-01, 1.63611e-01, 7.45700e-01]
167000 [2.24406e+00, 1.62674e-01, 6.60506e-01, 4.13462e-01, 3.03883e-01, 1.64247e-01, 7.46745e-01]
167500 [2.24317e+00, 1.61833e-01, 6.59715e-01, 4.11584e-01, 3.03538e-01, 1.63609e-01, 7.45039e-01]
168000 [2.24449e+00, 1.62614e-01, 6.61022e-01, 4.12973e-01, 3.03828e-01, 1.63913e-01, 7.47592e-01]
168500 [2.23391e+00, 1.64835e-01, 6.61096e-01, 4.03038e-01, 3.03878e-01, 1.59688e-01, 7.47344e-01]
169000 [2.25294e+00, 1.63523e-01, 6.64569e-01, 4.12288e-01, 3.04548e-01, 1.64307e-01, 7.38066e-01]
169500 [2.25258e+00, 1.62955e-01, 6.63495e-01, 4.13588e-01, 3.04698e-01, 1.64195e-01, 7.37790e-01]
170000 [2.25220e+00, 1.65264e-01, 6.64454e-01, 4.11345e-01, 3.04960e-01, 1.63091e-01, 7.33499e-01]
170500 [2.24339e+00, 1.66734e-01, 6.68030e-01, 4.12663e-01, 3.06041e-01, 1.63134e-01, 7.28908e-01]
171000 [2.24970e+00, 1.61639e-01, 6.62825e-01, 4.11628e-01, 3.05139e-01, 1.63430e-01, 7.30392e-01]
171500 [2.24037e+00, 1.64834e-01, 6.68939e-01, 3.92408e-01, 3.06180e-01, 1.58869e-01, 7.37778e-01]
172000 [2.22307e+00, 1.65565e-01, 6.71688e-01, 4.05235e-01, 3.06811e-01, 1.60203e-01, 7.34390e-01]
172500 [2.21697e+00, 1.65352e-01, 6.70614e-01, 4.04905e-01, 3.06568e-01, 1.60039e-01, 7.31968e-01]
173000 [2.21666e+00, 1.65263e-01, 6.70430e-01, 4.04689e-01, 3.06262e-01, 1.59892e-01, 7.31506e-01]
173500 [2.21646e+00, 1.65294e-01, 6.70640e-01, 4.04497e-01, 3.06346e-01, 1.59818e-01, 7.30906e-01]
174000 [2.21718e+00, 1.65201e-01, 6.70785e-01, 4.04452e-01, 3.06115e-01, 1.59784e-01, 7.31175e-01]
174500 [2.21687e+00, 1.65146e-01, 6.70839e-01, 4.04384e-01, 3.05897e-01, 1.59749e-01, 7.31101e-01]
175000 [2.21663e+00, 1.65089e-01, 6.70966e-01, 4.04324e-01, 3.05822e-01, 1.59725e-01, 7.31194e-01]
175500 [2.24475e+00, 1.69082e-01, 6.73430e-01, 4.09606e-01, 3.06693e-01, 1.61939e-01, 7.26907e-01]
176000 [2.24409e+00, 1.68956e-01, 6.78713e-01, 4.07450e-01, 3.07618e-01, 1.60814e-01, 7.23926e-01]
176500 [2.23092e+00, 1.65641e-01, 6.77047e-01, 4.05173e-01, 3.07770e-01, 1.59997e-01, 7.28518e-01]
177000 [2.21841e+00, 1.65214e-01, 6.72537e-01, 4.04381e-01, 3.07229e-01, 1.59711e-01, 7.29853e-01]
177500 [2.21561e+00, 1.65107e-01, 6.70950e-01, 4.04148e-01, 3.06818e-01, 1.59629e-01, 7.31161e-01]
178000 [2.21261e+00, 1.68411e-01, 6.70933e-01, 4.03539e-01, 3.06613e-01, 1.58541e-01, 7.31835e-01]
178500 [2.20817e+00, 1.66775e-01, 6.74484e-01, 4.06168e-01, 3.07348e-01, 1.60927e-01, 7.21492e-01]
179000 [2.19865e+00, 1.65544e-01, 6.72508e-01, 4.05171e-01, 3.07396e-01, 1.60222e-01, 7.09744e-01]
179500 [2.17893e+00, 1.71386e-01, 6.78174e-01, 3.97642e-01, 3.08032e-01, 1.57135e-01, 7.07022e-01]
180000 [2.16179e+00, 1.70998e-01, 6.76869e-01, 3.97300e-01, 3.08062e-01, 1.56870e-01, 7.05791e-01]
180500 [2.15996e+00, 1.71033e-01, 6.76665e-01, 3.97365e-01, 3.08740e-01, 1.56985e-01, 7.05358e-01]
181000 [2.15976e+00, 1.71020e-01, 6.76532e-01, 3.97361e-01, 3.08974e-01, 1.56992e-01, 7.05113e-01]
181500 [2.21293e+00, 1.96911e-01, 7.03515e-01, 4.16407e-01, 3.09476e-01, 1.67275e-01, 7.03925e-01]
182000 [2.23348e+00, 2.03484e-01, 7.26269e-01, 4.18542e-01, 3.11466e-01, 1.68509e-01, 7.27096e-01]
182500 [2.20260e+00, 2.06691e-01, 7.43118e-01, 4.14441e-01, 3.12337e-01, 1.67295e-01, 7.20080e-01]
183000 [2.22740e+00, 2.07098e-01, 7.51464e-01, 4.16217e-01, 3.14881e-01, 1.68171e-01, 7.21548e-01]
183500 [2.21747e+00, 2.06727e-01, 7.54956e-01, 4.21338e-01, 3.15636e-01, 1.69869e-01, 7.10671e-01]
184000 [2.19857e+00, 2.08842e-01, 7.56294e-01, 4.09240e-01, 3.16992e-01, 1.66067e-01, 7.05556e-01]
184500 [2.20476e+00, 2.07009e-01, 7.54456e-01, 4.09549e-01, 3.17999e-01, 1.65694e-01, 7.10407e-01]
185000 [2.19170e+00, 2.07396e-01, 7.55027e-01, 4.12476e-01, 3.18345e-01, 1.67155e-01, 7.08521e-01]
185500 [2.29759e+00, 2.04922e-01, 7.54864e-01, 4.35452e-01, 3.17582e-01, 1.73462e-01, 7.27947e-01]
186000 [2.33829e+00, 1.96213e-01, 7.34234e-01, 4.33168e-01, 3.13846e-01, 1.71511e-01, 7.24550e-01]
186500 [2.29923e+00, 1.92793e-01, 7.18199e-01, 4.27461e-01, 3.10799e-01, 1.67953e-01, 7.16703e-01]
187000 [2.28425e+00, 1.90271e-01, 7.08696e-01, 4.32869e-01, 3.07822e-01, 1.69622e-01, 7.08839e-01]
187500 [2.30240e+00, 1.91498e-01, 7.06312e-01, 4.30160e-01, 3.06318e-01, 1.69297e-01, 7.03136e-01]
188000 [2.40797e+00, 1.91175e-01, 7.13699e-01, 4.47310e-01, 3.07956e-01, 1.76473e-01, 7.09377e-01]
188500 [2.42878e+00, 1.85553e-01, 7.01137e-01, 4.33364e-01, 3.05177e-01, 1.70910e-01, 7.25641e-01]
189000 [2.43602e+00, 1.81944e-01, 6.86190e-01, 4.25807e-01, 3.01780e-01, 1.67968e-01, 7.25800e-01]
189500 [2.42324e+00, 1.81088e-01, 6.76749e-01, 4.19788e-01, 2.98632e-01, 1.66136e-01, 7.20293e-01]
190000 [2.36385e+00, 1.75526e-01, 6.80775e-01, 4.13109e-01, 2.99493e-01, 1.65652e-01, 7.21079e-01]
190500 [2.28438e+00, 1.68965e-01, 6.83537e-01, 4.12497e-01, 3.00606e-01, 1.63019e-01, 6.93174e-01]
191000 [2.25568e+00, 1.65433e-01, 6.75898e-01, 4.12979e-01, 3.01129e-01, 1.63117e-01, 6.96471e-01]
191500 [2.23770e+00, 1.67095e-01, 6.71033e-01, 4.01198e-01, 3.02067e-01, 1.60236e-01, 6.99554e-01]
192000 [2.24362e+00, 1.63667e-01, 6.68329e-01, 4.15597e-01, 3.02638e-01, 1.64325e-01, 7.01701e-01]
192500 [2.32084e+00, 1.97240e-01, 7.06334e-01, 4.37867e-01, 3.03780e-01, 1.74801e-01, 7.27523e-01]
193000 [2.40263e+00, 1.88778e-01, 7.09019e-01, 4.49951e-01, 3.01652e-01, 1.78237e-01, 7.44175e-01]
193500 [2.39786e+00, 1.78872e-01, 6.92121e-01, 4.49115e-01, 2.99103e-01, 1.76188e-01, 7.42916e-01]
194000 [2.22807e+00, 1.67985e-01, 6.85176e-01, 4.11770e-01, 2.99556e-01, 1.62267e-01, 7.01736e-01]
194500 [2.21624e+00, 1.66595e-01, 6.77435e-01, 4.08196e-01, 3.00347e-01, 1.61017e-01, 6.87604e-01]
195000 [2.21711e+00, 1.65905e-01, 6.73838e-01, 4.06255e-01, 3.01107e-01, 1.60327e-01, 6.84227e-01]
195500 [2.21573e+00, 1.65511e-01, 6.71986e-01, 4.05246e-01, 3.01857e-01, 1.59954e-01, 6.83588e-01]
196000 [2.21471e+00, 1.65309e-01, 6.70973e-01, 4.04690e-01, 3.02428e-01, 1.59788e-01, 6.84453e-01]
196500 [2.20844e+00, 1.65408e-01, 6.71261e-01, 4.04721e-01, 3.03208e-01, 1.59709e-01, 6.83394e-01]
197000 [2.21335e+00, 1.65396e-01, 6.70198e-01, 4.04839e-01, 3.03861e-01, 1.59947e-01, 6.85142e-01]
197500 [2.21423e+00, 1.65161e-01, 6.70148e-01, 4.04586e-01, 3.04131e-01, 1.59719e-01, 6.89276e-01]
198000 [2.21480e+00, 1.65132e-01, 6.70353e-01, 4.04398e-01, 3.04325e-01, 1.59677e-01, 6.93973e-01]
198500 [2.21453e+00, 1.65026e-01, 6.70447e-01, 4.04313e-01, 3.04352e-01, 1.59571e-01, 6.99553e-01]
199000 [2.21439e+00, 1.65118e-01, 6.70780e-01, 4.04293e-01, 3.04649e-01, 1.59656e-01, 7.06068e-01]
199500 [2.21419e+00, 1.65067e-01, 6.70910e-01, 4.04375e-01, 3.04735e-01, 1.59601e-01, 7.12919e-01]
200000 [2.21378e+00, 1.65123e-01, 6.71150e-01, 4.04430e-01, 3.04956e-01, 1.59643e-01, 7.19662e-01]
200500 [2.21395e+00, 1.65067e-01, 6.71198e-01, 4.04272e-01, 3.04918e-01, 1.59573e-01, 7.26460e-01]
201000 [2.21404e+00, 1.65095e-01, 6.71422e-01, 4.04246e-01, 3.05106e-01, 1.59617e-01, 7.33215e-01]
201500 [2.21385e+00, 1.65085e-01, 6.71548e-01, 4.04363e-01, 3.05113e-01, 1.59604e-01, 7.38840e-01]
202000 [2.21413e+00, 1.65172e-01, 6.71378e-01, 4.04530e-01, 3.05116e-01, 1.59662e-01, 7.35014e-01]
202500 [2.21464e+00, 1.65150e-01, 6.71236e-01, 4.04355e-01, 3.05290e-01, 1.59616e-01, 7.38789e-01]
203000 [2.21454e+00, 1.65114e-01, 6.71475e-01, 4.04221e-01, 3.05235e-01, 1.59586e-01, 7.42650e-01]
203500 [2.21950e+00, 1.65526e-01, 6.72927e-01, 4.05820e-01, 3.05188e-01, 1.60247e-01, 7.30073e-01]
204000 [2.22181e+00, 1.65583e-01, 6.73330e-01, 4.05382e-01, 3.05899e-01, 1.59930e-01, 7.30004e-01]
204500 [2.21707e+00, 1.65106e-01, 6.71229e-01, 4.04215e-01, 3.05749e-01, 1.59552e-01, 7.32417e-01]
205000 [2.21708e+00, 1.65336e-01, 6.71212e-01, 4.05213e-01, 3.05738e-01, 1.60021e-01, 7.33535e-01]
205500 [2.22890e+00, 1.68630e-01, 6.77421e-01, 4.10577e-01, 3.09569e-01, 1.62317e-01, 7.41602e-01]
206000 [2.22990e+00, 1.65741e-01, 6.75146e-01, 4.05361e-01, 3.08829e-01, 1.60008e-01, 7.41049e-01]
206500 [2.22067e+00, 1.65422e-01, 6.73061e-01, 4.04934e-01, 3.08118e-01, 1.59833e-01, 7.40437e-01]
207000 [2.21676e+00, 1.65234e-01, 6.71756e-01, 4.04536e-01, 3.07255e-01, 1.59677e-01, 7.40630e-01]
207500 [2.21559e+00, 1.65151e-01, 6.71192e-01, 4.04315e-01, 3.06576e-01, 1.59620e-01, 7.40856e-01]
208000 [2.21557e+00, 1.65111e-01, 6.71168e-01, 4.04339e-01, 3.06345e-01, 1.59642e-01, 7.40826e-01]
208500 [2.21544e+00, 1.65148e-01, 6.71245e-01, 4.04219e-01, 3.06134e-01, 1.59581e-01, 7.40557e-01]
209000 [2.21523e+00, 1.65128e-01, 6.71329e-01, 4.04165e-01, 3.05925e-01, 1.59570e-01, 7.40139e-01]
209500 [2.21266e+00, 1.67274e-01, 6.74454e-01, 4.08131e-01, 3.05637e-01, 1.61357e-01, 7.33404e-01]
210000 [2.22338e+00, 1.65348e-01, 6.72441e-01, 4.04576e-01, 3.05391e-01, 1.59721e-01, 7.46092e-01]
210500 [2.21641e+00, 1.65178e-01, 6.71746e-01, 4.04295e-01, 3.05542e-01, 1.59658e-01, 7.44302e-01]
211000 [2.21470e+00, 1.65134e-01, 6.71653e-01, 4.04281e-01, 3.05619e-01, 1.59591e-01, 7.42904e-01]
211500 [2.21447e+00, 1.65227e-01, 6.71788e-01, 4.04329e-01, 3.05656e-01, 1.59645e-01, 7.42066e-01]
212000 [2.21467e+00, 1.65147e-01, 6.71994e-01, 4.04238e-01, 3.05755e-01, 1.59626e-01, 7.41025e-01]
212500 [2.21452e+00, 1.65139e-01, 6.71721e-01, 4.04336e-01, 3.05525e-01, 1.59569e-01, 7.37234e-01]
213000 [2.21314e+00, 1.65076e-01, 6.71417e-01, 4.04238e-01, 3.05417e-01, 1.59532e-01, 7.36466e-01]
213500 [2.21322e+00, 1.65077e-01, 6.71454e-01, 4.04316e-01, 3.05380e-01, 1.59510e-01, 7.35675e-01]
214000 [2.21620e+00, 1.65181e-01, 6.71530e-01, 4.04361e-01, 3.05539e-01, 1.59666e-01, 7.37185e-01]
214500 [2.21473e+00, 1.65179e-01, 6.71429e-01, 4.04434e-01, 3.05479e-01, 1.59651e-01, 7.37646e-01]
215000 [2.21019e+00, 1.66637e-01, 6.73535e-01, 4.04436e-01, 3.05734e-01, 1.60025e-01, 7.33670e-01]
215500 [2.22709e+00, 1.65786e-01, 6.75515e-01, 4.08232e-01, 3.06584e-01, 1.61273e-01, 7.23305e-01]
216000 [2.21845e+00, 1.65809e-01, 6.74605e-01, 4.07140e-01, 3.08705e-01, 1.59922e-01, 7.13496e-01]
216500 [2.21453e+00, 1.65391e-01, 6.70603e-01, 4.05341e-01, 3.07822e-01, 1.59776e-01, 7.13922e-01]
217000 [2.21419e+00, 1.65289e-01, 6.70024e-01, 4.04925e-01, 3.06973e-01, 1.59768e-01, 7.15973e-01]
217500 [2.21444e+00, 1.65239e-01, 6.70478e-01, 4.04616e-01, 3.06522e-01, 1.59715e-01, 7.19725e-01]
218000 [2.22690e+00, 1.68290e-01, 6.77853e-01, 4.12927e-01, 3.07599e-01, 1.63600e-01, 7.19593e-01]
218500 [2.24617e+00, 1.66929e-01, 6.77822e-01, 4.14972e-01, 3.08245e-01, 1.64810e-01, 7.26923e-01]
219000 [2.25449e+00, 1.66358e-01, 6.75806e-01, 4.15494e-01, 3.08536e-01, 1.64855e-01, 7.26134e-01]
219500 [2.26392e+00, 1.67442e-01, 6.76956e-01, 4.18435e-01, 3.09220e-01, 1.65415e-01, 7.17851e-01]
220000 [2.27275e+00, 1.66566e-01, 6.76176e-01, 4.17744e-01, 3.09212e-01, 1.65161e-01, 7.18448e-01]
220500 [2.26589e+00, 1.65679e-01, 6.73777e-01, 4.16799e-01, 3.09073e-01, 1.65074e-01, 7.23817e-01]
221000 [2.24548e+00, 1.69279e-01, 6.80657e-01, 4.15107e-01, 3.10148e-01, 1.64991e-01, 7.32864e-01]
221500 [2.18584e+00, 1.71567e-01, 6.81087e-01, 3.98343e-01, 3.12117e-01, 1.57402e-01, 7.43204e-01]
222000 [2.16385e+00, 1.71227e-01, 6.78684e-01, 3.97874e-01, 3.11734e-01, 1.57153e-01, 7.41721e-01]
222500 [2.16189e+00, 1.71126e-01, 6.77454e-01, 3.97625e-01, 3.11305e-01, 1.57067e-01, 7.41378e-01]
223000 [2.16167e+00, 1.71138e-01, 6.77036e-01, 3.97651e-01, 3.11085e-01, 1.57076e-01, 7.40926e-01]
223500 [2.21119e+00, 1.69666e-01, 6.80913e-01, 4.07193e-01, 3.11236e-01, 1.60706e-01, 7.16349e-01]
224000 [2.24308e+00, 1.71436e-01, 6.86695e-01, 4.11486e-01, 3.12045e-01, 1.62606e-01, 7.03358e-01]
224500 [2.25914e+00, 1.72002e-01, 6.90280e-01, 4.12799e-01, 3.12857e-01, 1.63056e-01, 6.95053e-01]
225000 [2.25905e+00, 1.84069e-01, 7.03616e-01, 4.15070e-01, 3.18113e-01, 1.64757e-01, 7.41506e-01]
225500 [2.31411e+00, 1.93305e-01, 7.06748e-01, 4.42188e-01, 3.18538e-01, 1.77084e-01, 7.64916e-01]
226000 [2.39362e+00, 1.96497e-01, 7.15563e-01, 4.44517e-01, 3.18074e-01, 1.76229e-01, 7.73565e-01]
226500 [2.45125e+00, 1.94087e-01, 7.17628e-01, 4.60573e-01, 3.15838e-01, 1.84072e-01, 7.67178e-01]
227000 [2.49324e+00, 1.93273e-01, 7.16614e-01, 4.60693e-01, 3.13894e-01, 1.84018e-01, 7.69132e-01]
227500 [2.49504e+00, 1.91295e-01, 7.13432e-01, 4.53611e-01, 3.11656e-01, 1.80907e-01, 7.70528e-01]
228000 [2.46643e+00, 1.89079e-01, 7.06664e-01, 4.40531e-01, 3.08977e-01, 1.75193e-01, 7.70596e-01]
228500 [2.41295e+00, 1.87940e-01, 6.97748e-01, 4.23603e-01, 3.05929e-01, 1.68064e-01, 7.66755e-01]
229000 [2.39491e+00, 1.88729e-01, 7.11999e-01, 4.31577e-01, 3.11634e-01, 1.75716e-01, 7.76489e-01]
229500 [2.46395e+00, 1.89457e-01, 7.05511e-01, 4.61914e-01, 3.09216e-01, 1.83346e-01, 7.77885e-01]
230000 [2.50180e+00, 1.85216e-01, 7.00752e-01, 4.63864e-01, 3.06621e-01, 1.82744e-01, 7.83408e-01]
230500 [2.47623e+00, 1.96968e-01, 6.95367e-01, 4.27904e-01, 2.91901e-01, 1.72127e-01, 7.73498e-01]
231000 [2.42161e+00, 1.94627e-01, 7.06868e-01, 4.25967e-01, 2.95282e-01, 1.69825e-01, 7.79392e-01]
231500 [2.38193e+00, 1.93655e-01, 7.08270e-01, 4.28935e-01, 2.98110e-01, 1.70749e-01, 7.73670e-01]
232000 [2.35469e+00, 2.00100e-01, 7.15404e-01, 4.35079e-01, 3.03669e-01, 1.74707e-01, 7.62672e-01]
232500 [2.35592e+00, 2.00137e-01, 7.25586e-01, 4.29477e-01, 3.06578e-01, 1.71742e-01, 7.56715e-01]
233000 [2.35300e+00, 1.96087e-01, 7.24251e-01, 4.27578e-01, 3.07195e-01, 1.70212e-01, 7.45264e-01]
233500 [2.38450e+00, 1.99357e-01, 7.32435e-01, 4.44867e-01, 3.15534e-01, 1.76512e-01, 7.55259e-01]
234000 [2.44749e+00, 1.97347e-01, 7.32101e-01, 4.50254e-01, 3.13315e-01, 1.78352e-01, 7.62623e-01]
234500 [2.47124e+00, 1.95631e-01, 7.26624e-01, 4.57714e-01, 3.12279e-01, 1.82273e-01, 7.53255e-01]
235000 [2.47917e+00, 1.95082e-01, 7.24393e-01, 4.67380e-01, 3.11495e-01, 1.86156e-01, 7.48588e-01]
235500 [2.49099e+00, 1.92670e-01, 7.18530e-01, 4.69027e-01, 3.09845e-01, 1.86422e-01, 7.40494e-01]
236000 [2.49933e+00, 1.90228e-01, 7.10549e-01, 4.68390e-01, 3.07967e-01, 1.85762e-01, 7.26601e-01]
236500 [2.48975e+00, 1.81317e-01, 7.06596e-01, 4.47794e-01, 3.10448e-01, 1.76085e-01, 7.09913e-01]
237000 [2.30803e+00, 1.69499e-01, 6.94830e-01, 4.18129e-01, 3.09330e-01, 1.65585e-01, 6.94242e-01]
237500 [2.26889e+00, 1.68130e-01, 6.83656e-01, 4.16535e-01, 3.09866e-01, 1.65079e-01, 6.80340e-01]
238000 [2.26526e+00, 1.67342e-01, 6.77957e-01, 4.16956e-01, 3.10612e-01, 1.65373e-01, 6.74299e-01]
238500 [2.26149e+00, 1.66262e-01, 6.73933e-01, 4.15930e-01, 3.10672e-01, 1.64874e-01, 6.70839e-01]
239000 [2.26090e+00, 1.65797e-01, 6.71618e-01, 4.15496e-01, 3.10611e-01, 1.64683e-01, 6.69104e-01]
239500 [2.26067e+00, 1.65525e-01, 6.70339e-01, 4.15171e-01, 3.10392e-01, 1.64554e-01, 6.68946e-01]
240000 [2.25984e+00, 1.65348e-01, 6.69631e-01, 4.15063e-01, 3.10227e-01, 1.64526e-01, 6.69898e-01]
240500 [2.25823e+00, 1.69583e-01, 6.78806e-01, 4.14086e-01, 3.13796e-01, 1.64146e-01, 6.74536e-01]
241000 [2.26400e+00, 1.67288e-01, 6.78796e-01, 4.16754e-01, 3.12435e-01, 1.65605e-01, 6.71472e-01]
241500 [2.25360e+00, 1.66068e-01, 6.74053e-01, 4.16147e-01, 3.11729e-01, 1.65367e-01, 6.72718e-01]
242000 [2.25366e+00, 1.64954e-01, 6.70645e-01, 4.16151e-01, 3.10885e-01, 1.65269e-01, 6.67936e-01]
242500 [2.25758e+00, 1.66095e-01, 6.78597e-01, 4.15207e-01, 3.12716e-01, 1.63889e-01, 6.82853e-01]
243000 [2.25633e+00, 1.65273e-01, 6.74363e-01, 4.16415e-01, 3.12129e-01, 1.64436e-01, 6.87977e-01]
243500 [2.24737e+00, 1.64706e-01, 6.70656e-01, 4.15641e-01, 3.11360e-01, 1.64413e-01, 6.92143e-01]
244000 [2.24279e+00, 1.64254e-01, 6.68299e-01, 4.14703e-01, 3.10544e-01, 1.63991e-01, 6.94954e-01]
244500 [2.23923e+00, 1.63785e-01, 6.66405e-01, 4.14172e-01, 3.09979e-01, 1.63921e-01, 6.97742e-01]
245000 [2.23665e+00, 1.63350e-01, 6.64699e-01, 4.14130e-01, 3.09357e-01, 1.63947e-01, 7.00713e-01]
245500 [2.23561e+00, 1.62904e-01, 6.63187e-01, 4.14200e-01, 3.08684e-01, 1.63884e-01, 7.03030e-01]
246000 [2.20875e+00, 1.59898e-01, 6.47385e-01, 3.83387e-01, 3.41198e-01, 1.53272e-01, 7.30720e-01]
246500 [2.22759e+00, 1.68863e-01, 6.60879e-01, 4.11641e-01, 3.40384e-01, 1.63500e-01, 7.21506e-01]
247000 [2.27417e+00, 1.64694e-01, 6.66862e-01, 4.17736e-01, 3.38694e-01, 1.65924e-01, 7.32680e-01]
247500 [2.23184e+00, 1.66506e-01, 6.70579e-01, 4.06554e-01, 3.37003e-01, 1.60681e-01, 7.30529e-01]
248000 [2.22882e+00, 1.66536e-01, 6.72814e-01, 4.06880e-01, 3.34747e-01, 1.60746e-01, 7.31449e-01]
248500 [2.22855e+00, 1.66495e-01, 6.73649e-01, 4.06835e-01, 3.32120e-01, 1.60724e-01, 7.32716e-01]
249000 [2.22875e+00, 1.66668e-01, 6.73992e-01, 4.07833e-01, 3.29659e-01, 1.61233e-01, 7.33407e-01]
249500 [2.22280e+00, 1.66076e-01, 6.73016e-01, 4.06531e-01, 3.26222e-01, 1.60668e-01, 7.34208e-01]
250000 [2.22014e+00, 1.65953e-01, 6.72863e-01, 4.06060e-01, 3.22780e-01, 1.60435e-01, 7.35045e-01]
250500 [2.21932e+00, 1.65623e-01, 6.72121e-01, 4.05630e-01, 3.19627e-01, 1.60212e-01, 7.38788e-01]
251000 [2.21885e+00, 1.65474e-01, 6.72037e-01, 4.05332e-01, 3.16698e-01, 1.60046e-01, 7.42793e-01]
251500 [2.21823e+00, 1.65387e-01, 6.72107e-01, 4.05120e-01, 3.14169e-01, 1.59939e-01, 7.47297e-01]
252000 [2.21763e+00, 1.65322e-01, 6.72223e-01, 4.04931e-01, 3.12113e-01, 1.59855e-01, 7.52640e-01]
252500 [2.21710e+00, 1.65269e-01, 6.72298e-01, 4.04839e-01, 3.10506e-01, 1.59787e-01, 7.58930e-01]
253000 [2.22510e+00, 1.66505e-01, 6.74603e-01, 4.07290e-01, 3.09846e-01, 1.60476e-01, 7.65074e-01]
253500 [2.21837e+00, 1.65261e-01, 6.72092e-01, 4.04710e-01, 3.08433e-01, 1.59752e-01, 7.66902e-01]
254000 [2.21602e+00, 1.65170e-01, 6.71713e-01, 4.04512e-01, 3.07664e-01, 1.59679e-01, 7.69678e-01]
254500 [2.21533e+00, 1.65133e-01, 6.71752e-01, 4.04451e-01, 3.07065e-01, 1.59642e-01, 7.73542e-01]
255000 [2.21498e+00, 1.65124e-01, 6.71783e-01, 4.04407e-01, 3.06665e-01, 1.59635e-01, 7.78960e-01]
255500 [2.21498e+00, 1.65111e-01, 6.71830e-01, 4.04316e-01, 3.06267e-01, 1.59614e-01, 7.85403e-01]
256000 [2.21492e+00, 1.65139e-01, 6.71892e-01, 4.04327e-01, 3.05930e-01, 1.59632e-01, 7.91826e-01]
256500 [2.23492e+00, 1.66504e-01, 6.76011e-01, 4.07658e-01, 3.07338e-01, 1.60458e-01, 8.00181e-01]
257000 [2.22724e+00, 1.65347e-01, 6.72345e-01, 4.04605e-01, 3.06492e-01, 1.59703e-01, 8.05084e-01]
257500 [2.24582e+00, 1.63305e-01, 6.71537e-01, 4.15332e-01, 3.06672e-01, 1.64020e-01, 8.04803e-01]
258000 [2.24147e+00, 1.63412e-01, 6.65145e-01, 4.11988e-01, 3.05844e-01, 1.62573e-01, 8.04398e-01]
258500 [2.23794e+00, 1.61559e-01, 6.62188e-01, 4.12176e-01, 3.04734e-01, 1.63375e-01, 8.07102e-01]
259000 [2.25943e+00, 1.61777e-01, 6.65116e-01, 4.13324e-01, 3.04247e-01, 1.62774e-01, 8.16645e-01]
259500 [2.23780e+00, 1.65380e-01, 6.66882e-01, 4.04425e-01, 3.03416e-01, 1.59791e-01, 8.16334e-01]
260000 [2.20926e+00, 1.65590e-01, 6.71264e-01, 3.87836e-01, 3.04673e-01, 1.54959e-01, 8.24485e-01]
260500 [2.22891e+00, 1.66306e-01, 6.74836e-01, 4.08976e-01, 3.05352e-01, 1.61971e-01, 8.18625e-01]
261000 [2.23566e+00, 1.64967e-01, 6.75603e-01, 4.10012e-01, 3.05320e-01, 1.62105e-01, 8.21121e-01]
261500 [2.22939e+00, 1.66058e-01, 6.76479e-01, 4.06532e-01, 3.06143e-01, 1.60476e-01, 8.09533e-01]
262000 [2.21759e+00, 1.65468e-01, 6.72886e-01, 4.04982e-01, 3.05983e-01, 1.59893e-01, 8.11180e-01]
262500 [2.21479e+00, 1.65297e-01, 6.71390e-01, 4.04640e-01, 3.06092e-01, 1.59749e-01, 8.13380e-01]
263000 [2.21458e+00, 1.65278e-01, 6.70976e-01, 4.04433e-01, 3.05947e-01, 1.59767e-01, 8.14816e-01]
263500 [2.21483e+00, 1.65182e-01, 6.71030e-01, 4.04403e-01, 3.05895e-01, 1.59673e-01, 8.15975e-01]
264000 [2.21465e+00, 1.65156e-01, 6.71243e-01, 4.04302e-01, 3.05816e-01, 1.59647e-01, 8.17672e-01]
264500 [2.21247e+00, 1.65094e-01, 6.71436e-01, 4.04297e-01, 3.05555e-01, 1.59605e-01, 8.16195e-01]
265000 [2.21388e+00, 1.65024e-01, 6.71155e-01, 4.04206e-01, 3.05414e-01, 1.59516e-01, 8.19039e-01]
265500 [2.21443e+00, 1.65095e-01, 6.71379e-01, 4.04286e-01, 3.05527e-01, 1.59583e-01, 8.21542e-01]
266000 [2.22065e+00, 1.66107e-01, 6.73008e-01, 4.06337e-01, 3.05595e-01, 1.60648e-01, 8.23034e-01]
266500 [2.21502e+00, 1.65140e-01, 6.71511e-01, 4.04259e-01, 3.05507e-01, 1.59616e-01, 8.26233e-01]
267000 [2.21379e+00, 1.67221e-01, 6.71341e-01, 3.97933e-01, 3.05642e-01, 1.58181e-01, 8.27230e-01]
267500 [2.21761e+00, 1.65430e-01, 6.73097e-01, 4.04768e-01, 3.07015e-01, 1.59941e-01, 8.27168e-01]
268000 [2.21447e+00, 1.65339e-01, 6.71680e-01, 4.04154e-01, 3.06175e-01, 1.59446e-01, 8.27171e-01]
268500 [2.21460e+00, 1.65233e-01, 6.70906e-01, 4.04249e-01, 3.05774e-01, 1.59715e-01, 8.28983e-01]
269000 [2.21111e+00, 1.69907e-01, 6.72134e-01, 4.08173e-01, 3.05768e-01, 1.59006e-01, 8.27866e-01]
269500 [2.21977e+00, 1.65154e-01, 6.71061e-01, 4.04621e-01, 3.05775e-01, 1.59533e-01, 8.30900e-01]
270000 [2.24608e+00, 1.65767e-01, 6.77543e-01, 4.09868e-01, 3.06345e-01, 1.62656e-01, 8.08467e-01]
270500 [2.23890e+00, 1.66204e-01, 6.74253e-01, 4.04909e-01, 3.07592e-01, 1.60430e-01, 8.18043e-01]
271000 [2.23320e+00, 1.65786e-01, 6.70709e-01, 4.04476e-01, 3.07946e-01, 1.60236e-01, 8.16972e-01]
271500 [2.22905e+00, 1.65528e-01, 6.69696e-01, 4.04179e-01, 3.07605e-01, 1.60022e-01, 8.18512e-01]
272000 [2.22938e+00, 1.66439e-01, 6.73775e-01, 4.06245e-01, 3.08203e-01, 1.60650e-01, 8.16845e-01]
272500 [2.22802e+00, 1.65376e-01, 6.70690e-01, 4.04626e-01, 3.07877e-01, 1.59806e-01, 8.15128e-01]
273000 [2.22433e+00, 1.65392e-01, 6.71567e-01, 4.04514e-01, 3.07249e-01, 1.59791e-01, 8.20789e-01]
273500 [2.22297e+00, 1.65269e-01, 6.70823e-01, 4.04494e-01, 3.06855e-01, 1.59728e-01, 8.21645e-01]
274000 [2.22279e+00, 1.65195e-01, 6.70636e-01, 4.04268e-01, 3.06372e-01, 1.59618e-01, 8.24342e-01]
274500 [2.22250e+00, 1.65208e-01, 6.70930e-01, 4.04057e-01, 3.06160e-01, 1.59625e-01, 8.30066e-01]
275000 [2.22178e+00, 1.65055e-01, 6.71019e-01, 4.03988e-01, 3.05772e-01, 1.59459e-01, 8.37296e-01]
275500 [2.22133e+00, 1.65170e-01, 6.71401e-01, 4.04104e-01, 3.05894e-01, 1.59587e-01, 8.45493e-01]
276000 [2.21078e+00, 1.66136e-01, 6.75487e-01, 4.03034e-01, 3.07657e-01, 1.58512e-01, 8.68242e-01]
276500 [2.22941e+00, 1.65589e-01, 6.72690e-01, 4.04956e-01, 3.07466e-01, 1.59976e-01, 8.64977e-01]
277000 [2.22749e+00, 1.65337e-01, 6.71549e-01, 4.04370e-01, 3.07007e-01, 1.59790e-01, 8.64385e-01]
277500 [2.22600e+00, 1.65414e-01, 6.71728e-01, 4.04540e-01, 3.06738e-01, 1.59794e-01, 8.62480e-01]
278000 [2.22155e+00, 1.66914e-01, 6.71261e-01, 3.89740e-01, 3.06693e-01, 1.57149e-01, 8.64161e-01]
278500 [2.22860e+00, 1.66402e-01, 6.73905e-01, 4.06982e-01, 3.05081e-01, 1.60634e-01, 8.50565e-01]
279000 [2.22258e+00, 1.65511e-01, 6.72242e-01, 4.05398e-01, 3.05088e-01, 1.60009e-01, 8.45637e-01]
279500 [2.21996e+00, 1.67343e-01, 6.77426e-01, 4.01539e-01, 3.05886e-01, 1.60224e-01, 8.37655e-01]
280000 [2.24337e+00, 1.61950e-01, 6.68719e-01, 4.12100e-01, 3.05466e-01, 1.63351e-01, 8.53216e-01]
280500 [2.24169e+00, 1.61238e-01, 6.62825e-01, 4.11010e-01, 3.04729e-01, 1.63173e-01, 8.55471e-01]
281000 [2.22992e+00, 1.65321e-01, 6.69170e-01, 4.03923e-01, 3.04136e-01, 1.59704e-01, 8.54797e-01]
281500 [2.21666e+00, 1.65210e-01, 6.69845e-01, 4.03910e-01, 3.04800e-01, 1.59606e-01, 8.56393e-01]
282000 [2.21577e+00, 1.65188e-01, 6.70132e-01, 4.04009e-01, 3.05003e-01, 1.59635e-01, 8.59070e-01]
282500 [2.21579e+00, 1.65080e-01, 6.70312e-01, 4.03873e-01, 3.05060e-01, 1.59546e-01, 8.63069e-01]
283000 [2.21603e+00, 1.65022e-01, 6.70650e-01, 4.02995e-01, 3.05313e-01, 1.59384e-01, 8.68023e-01]
283500 [2.21550e+00, 1.65069e-01, 6.70742e-01, 4.03982e-01, 3.05223e-01, 1.59565e-01, 8.72598e-01]
284000 [2.21560e+00, 1.65074e-01, 6.71077e-01, 4.03929e-01, 3.05547e-01, 1.59591e-01, 8.78857e-01]
284500 [2.21554e+00, 1.65422e-01, 6.71241e-01, 4.06869e-01, 3.05569e-01, 1.59657e-01, 8.85263e-01]
285000 [2.21547e+00, 1.65101e-01, 6.71377e-01, 4.04084e-01, 3.05567e-01, 1.59591e-01, 8.91151e-01]
285500 [2.21530e+00, 1.65117e-01, 6.71537e-01, 4.04492e-01, 3.05654e-01, 1.59693e-01, 8.97060e-01]
286000 [2.21506e+00, 1.65108e-01, 6.71528e-01, 4.04185e-01, 3.05744e-01, 1.59971e-01, 9.02039e-01]
286500 [2.21448e+00, 1.65108e-01, 6.71596e-01, 4.04134e-01, 3.05630e-01, 1.59587e-01, 9.05809e-01]
287000 [2.21440e+00, 1.65074e-01, 6.71551e-01, 4.04128e-01, 3.05590e-01, 1.59567e-01, 9.11242e-01]
287500 [2.21494e+00, 1.65091e-01, 6.71717e-01, 4.04158e-01, 3.05675e-01, 1.59579e-01, 9.16953e-01]
288000 [2.23362e+00, 1.66086e-01, 6.75400e-01, 4.05712e-01, 3.05189e-01, 1.60188e-01, 9.19689e-01]
288500 [2.21857e+00, 1.65303e-01, 6.72852e-01, 4.04596e-01, 3.04986e-01, 1.59693e-01, 9.16619e-01]
289000 [2.21551e+00, 1.65121e-01, 6.71564e-01, 4.04291e-01, 3.04958e-01, 1.59603e-01, 9.15036e-01]
289500 [2.21467e+00, 1.65120e-01, 6.71327e-01, 4.04274e-01, 3.05003e-01, 1.59611e-01, 9.14150e-01]
290000 [2.21387e+00, 1.65544e-01, 6.71978e-01, 4.05207e-01, 3.04902e-01, 1.60209e-01, 9.10258e-01]
290500 [2.20405e+00, 1.68725e-01, 6.71994e-01, 4.01581e-01, 3.05862e-01, 1.58935e-01, 9.00117e-01]
291000 [2.23055e+00, 1.65251e-01, 6.75837e-01, 4.19722e-01, 3.08421e-01, 1.68462e-01, 8.85622e-01]
291500 [2.22033e+00, 1.62512e-01, 6.68054e-01, 4.14109e-01, 3.07487e-01, 1.65332e-01, 8.81925e-01]
292000 [2.21598e+00, 1.68109e-01, 6.69049e-01, 4.13765e-01, 3.07070e-01, 1.65048e-01, 8.72118e-01]
292500 [2.20475e+00, 1.66713e-01, 6.72166e-01, 4.07645e-01, 3.06883e-01, 1.61756e-01, 8.78017e-01]
293000 [2.20483e+00, 1.65251e-01, 6.71915e-01, 4.03538e-01, 3.06785e-01, 1.59881e-01, 8.70556e-01]
293500 [2.20058e+00, 1.65316e-01, 6.74432e-01, 4.00232e-01, 3.06613e-01, 1.58850e-01, 8.77832e-01]
294000 [2.22107e+00, 1.65449e-01, 6.77167e-01, 4.07191e-01, 3.06613e-01, 1.61638e-01, 8.82488e-01]
294500 [2.28286e+00, 1.73128e-01, 6.87956e-01, 4.38778e-01, 3.10476e-01, 1.71406e-01, 9.08622e-01]
295000 [2.27337e+00, 1.63765e-01, 6.75543e-01, 4.15621e-01, 3.07786e-01, 1.64420e-01, 8.98004e-01]
295500 [2.25678e+00, 1.62827e-01, 6.68426e-01, 4.14017e-01, 3.06610e-01, 1.64027e-01, 8.93812e-01]
296000 [2.25199e+00, 1.62444e-01, 6.65056e-01, 4.13330e-01, 3.05622e-01, 1.63870e-01, 8.92192e-01]
296500 [2.25833e+00, 1.62329e-01, 6.65065e-01, 4.13271e-01, 3.05068e-01, 1.64235e-01, 8.91246e-01]
297000 [2.25156e+00, 1.61491e-01, 6.63226e-01, 4.11255e-01, 3.04443e-01, 1.63300e-01, 8.86976e-01]
297500 [2.24648e+00, 1.62187e-01, 6.62384e-01, 4.12336e-01, 3.05001e-01, 1.63395e-01, 8.83580e-01]
298000 [2.23806e+00, 1.61507e-01, 6.60687e-01, 4.11812e-01, 3.04327e-01, 1.63212e-01, 8.79739e-01]
298500 [2.23699e+00, 1.61331e-01, 6.60045e-01, 4.11497e-01, 3.03911e-01, 1.63183e-01, 8.76904e-01]
299000 [2.23643e+00, 1.61196e-01, 6.59603e-01, 4.11414e-01, 3.03522e-01, 1.63157e-01, 8.74825e-01]
299500 [2.23596e+00, 1.61227e-01, 6.59416e-01, 4.10892e-01, 3.03319e-01, 1.63069e-01, 8.73563e-01]
300000 [2.23603e+00, 1.61265e-01, 6.59319e-01, 4.10954e-01, 3.03102e-01, 1.63060e-01, 8.72989e-01]
300500 [2.21396e+00, 1.65230e-01, 6.63760e-01, 4.03236e-01, 3.04030e-01, 1.59276e-01, 8.76702e-01]
301000 [2.20732e+00, 1.65178e-01, 6.68267e-01, 4.03570e-01, 3.03989e-01, 1.59303e-01, 8.77486e-01]
301500 [2.24099e+00, 1.61484e-01, 6.63354e-01, 4.11916e-01, 3.03866e-01, 1.63091e-01, 8.81448e-01]
302000 [2.24496e+00, 1.61447e-01, 6.60814e-01, 4.11744e-01, 3.03909e-01, 1.63135e-01, 8.80063e-01]
302500 [2.24426e+00, 1.61169e-01, 6.59188e-01, 4.10965e-01, 3.03460e-01, 1.63013e-01, 8.80563e-01]
303000 [2.24230e+00, 1.61086e-01, 6.58660e-01, 4.10902e-01, 3.03244e-01, 1.63060e-01, 8.82222e-01]
303500 [2.21375e+00, 1.64915e-01, 6.65477e-01, 4.03645e-01, 3.03955e-01, 1.59340e-01, 8.78023e-01]
304000 [2.23494e+00, 1.62862e-01, 6.67497e-01, 4.11126e-01, 3.04380e-01, 1.62597e-01, 8.81464e-01]
304500 [2.23817e+00, 1.61635e-01, 6.63064e-01, 4.12163e-01, 3.04186e-01, 1.63354e-01, 8.90958e-01]
305000 [2.23486e+00, 1.61271e-01, 6.59843e-01, 4.11623e-01, 3.03640e-01, 1.63347e-01, 8.94295e-01]
305500 [2.23709e+00, 1.61246e-01, 6.59452e-01, 4.11287e-01, 3.03444e-01, 1.63198e-01, 8.98052e-01]
306000 [2.23633e+00, 1.62222e-01, 6.59879e-01, 4.12585e-01, 3.03284e-01, 1.64682e-01, 9.06612e-01]
306500 [2.23041e+00, 1.67383e-01, 6.63049e-01, 4.06289e-01, 3.03571e-01, 1.63297e-01, 9.09442e-01]
307000 [2.25407e+00, 1.67776e-01, 6.73732e-01, 4.14380e-01, 3.05708e-01, 1.64175e-01, 9.02724e-01]
307500 [2.25452e+00, 1.63477e-01, 6.72957e-01, 4.15094e-01, 3.06371e-01, 1.64647e-01, 9.03140e-01]
308000 [2.24110e+00, 1.61609e-01, 6.64255e-01, 4.12253e-01, 3.05657e-01, 1.63628e-01, 9.06324e-01]
308500 [2.21913e+00, 1.65022e-01, 6.65656e-01, 4.03473e-01, 3.05345e-01, 1.59403e-01, 9.09228e-01]
309000 [2.21614e+00, 1.64999e-01, 6.68979e-01, 4.03861e-01, 3.05483e-01, 1.59468e-01, 9.13142e-01]
309500 [2.21631e+00, 1.65060e-01, 6.70405e-01, 4.04087e-01, 3.05411e-01, 1.59514e-01, 9.17568e-01]
310000 [2.21768e+00, 1.65114e-01, 6.71447e-01, 4.04174e-01, 3.05551e-01, 1.59567e-01, 9.21390e-01]
310500 [2.21323e+00, 1.65417e-01, 6.72694e-01, 4.05356e-01, 3.05884e-01, 1.60093e-01, 8.96534e-01]
311000 [2.21190e+00, 1.65158e-01, 6.71634e-01, 4.02926e-01, 3.05895e-01, 1.59588e-01, 8.96323e-01]
311500 [2.22162e+00, 1.66374e-01, 6.74444e-01, 4.06691e-01, 3.05958e-01, 1.60657e-01, 8.99809e-01]
312000 [2.21445e+00, 1.65281e-01, 6.71523e-01, 4.04564e-01, 3.05872e-01, 1.59874e-01, 8.97009e-01]
312500 [2.21392e+00, 1.65204e-01, 6.71336e-01, 4.04467e-01, 3.05793e-01, 1.59818e-01, 9.00697e-01]
313000 [2.21290e+00, 1.65222e-01, 6.71475e-01, 4.04671e-01, 3.05952e-01, 1.59909e-01, 9.03915e-01]
313500 [2.21161e+00, 1.65255e-01, 6.71083e-01, 4.04406e-01, 3.05965e-01, 1.59684e-01, 9.02830e-01]
314000 [2.21288e+00, 1.65158e-01, 6.71122e-01, 4.04290e-01, 3.05892e-01, 1.59623e-01, 9.08204e-01]
314500 [2.21318e+00, 1.65156e-01, 6.71413e-01, 4.04625e-01, 3.05837e-01, 1.59619e-01, 9.16494e-01]
315000 [2.21349e+00, 1.65185e-01, 6.71717e-01, 4.04500e-01, 3.05886e-01, 1.59678e-01, 9.25293e-01]
315500 [2.21388e+00, 1.65189e-01, 6.72095e-01, 4.04253e-01, 3.05896e-01, 1.59522e-01, 9.32806e-01]
316000 [2.21432e+00, 1.65130e-01, 6.71954e-01, 4.04593e-01, 3.05932e-01, 1.59640e-01, 9.40541e-01]
316500 [2.21779e+00, 1.67479e-01, 6.75271e-01, 4.14099e-01, 3.06263e-01, 1.63594e-01, 9.33013e-01]
317000 [2.25597e+00, 1.62061e-01, 6.66991e-01, 4.12937e-01, 3.06233e-01, 1.64107e-01, 9.39828e-01]
317500 [2.23507e+00, 1.67152e-01, 6.68994e-01, 4.08470e-01, 3.06413e-01, 1.61435e-01, 9.37154e-01]
318000 [2.24362e+00, 1.62234e-01, 6.67503e-01, 4.13262e-01, 3.05940e-01, 1.64381e-01, 9.42818e-01]
318500 [2.23541e+00, 1.61257e-01, 6.62723e-01, 4.10967e-01, 3.05115e-01, 1.63546e-01, 9.41122e-01]
319000 [2.21483e+00, 1.64184e-01, 6.64099e-01, 4.01766e-01, 3.05341e-01, 1.60258e-01, 9.30965e-01]
319500 [2.21350e+00, 1.65193e-01, 6.67741e-01, 4.04560e-01, 3.05425e-01, 1.59940e-01, 9.21549e-01]
320000 [2.21523e+00, 1.65222e-01, 6.69539e-01, 4.04262e-01, 3.05467e-01, 1.59818e-01, 9.26973e-01]
320500 [2.21209e+00, 1.65173e-01, 6.70808e-01, 4.04069e-01, 3.05380e-01, 1.59872e-01, 9.26071e-01]
321000 [2.21153e+00, 1.65046e-01, 6.70721e-01, 4.03976e-01, 3.05440e-01, 1.59706e-01, 9.30162e-01]
321500 [2.21331e+00, 1.65064e-01, 6.70941e-01, 4.04028e-01, 3.05644e-01, 1.59675e-01, 9.36349e-01]
322000 [2.21489e+00, 1.65085e-01, 6.71198e-01, 4.04123e-01, 3.05751e-01, 1.59638e-01, 9.43580e-01]
322500 [2.21531e+00, 1.65102e-01, 6.71386e-01, 4.04170e-01, 3.05776e-01, 1.59663e-01, 9.49511e-01]
323000 [2.21567e+00, 1.65099e-01, 6.71516e-01, 4.04602e-01, 3.05845e-01, 1.59717e-01, 9.55462e-01]
323500 [2.21542e+00, 1.65060e-01, 6.71541e-01, 4.03838e-01, 3.05806e-01, 1.59555e-01, 9.60911e-01]
324000 [2.21522e+00, 1.65059e-01, 6.71782e-01, 4.05075e-01, 3.05967e-01, 1.59598e-01, 9.65614e-01]
324500 [2.21504e+00, 1.65214e-01, 6.71835e-01, 4.04654e-01, 3.06076e-01, 1.59638e-01, 9.71505e-01]
325000 [2.21469e+00, 1.65169e-01, 6.71790e-01, 4.04547e-01, 3.05938e-01, 1.59543e-01, 9.76403e-01]
325500 [2.21470e+00, 1.65146e-01, 6.71882e-01, 4.04003e-01, 3.05989e-01, 1.59664e-01, 9.82578e-01]
326000 [2.21466e+00, 1.65128e-01, 6.71946e-01, 4.04266e-01, 3.05926e-01, 1.59624e-01, 9.88813e-01]
326500 [2.21465e+00, 1.65117e-01, 6.71968e-01, 4.04322e-01, 3.05989e-01, 1.59595e-01, 9.95290e-01]
327000 [2.21484e+00, 1.64961e-01, 6.71842e-01, 4.04128e-01, 3.05730e-01, 1.59429e-01, 1.00020e+00]
327500 [2.21448e+00, 1.65133e-01, 6.72060e-01, 4.04274e-01, 3.05968e-01, 1.59603e-01, 1.00698e+00]
328000 [2.21458e+00, 1.65115e-01, 6.72178e-01, 4.04706e-01, 3.05978e-01, 1.59597e-01, 1.01365e+00]
328500 [2.21432e+00, 1.64977e-01, 6.71991e-01, 4.04270e-01, 3.05656e-01, 1.59446e-01, 1.01886e+00]
329000 [2.21483e+00, 1.65099e-01, 6.72211e-01, 4.04256e-01, 3.05891e-01, 1.59570e-01, 1.02465e+00]
329500 [2.21484e+00, 1.65161e-01, 6.72195e-01, 4.04833e-01, 3.05953e-01, 1.59653e-01, 1.02613e+00]
330000 [2.21395e+00, 1.65102e-01, 6.72124e-01, 4.04308e-01, 3.05905e-01, 1.59621e-01, 1.03184e+00]
330500 [2.21448e+00, 1.65135e-01, 6.72084e-01, 4.04682e-01, 3.05799e-01, 1.59682e-01, 1.04359e+00]
331000 [2.21452e+00, 1.65088e-01, 6.72243e-01, 4.04165e-01, 3.05875e-01, 1.59595e-01, 1.05231e+00]
331500 [2.21452e+00, 1.65110e-01, 6.72229e-01, 4.04721e-01, 3.05785e-01, 1.59580e-01, 1.06233e+00]
332000 [2.21457e+00, 1.65136e-01, 6.72241e-01, 4.04469e-01, 3.05765e-01, 1.59640e-01, 1.06984e+00]
332500 [2.21472e+00, 1.65343e-01, 6.72253e-01, 4.03491e-01, 3.05630e-01, 1.60342e-01, 1.07871e+00]
333000 [2.21418e+00, 1.65085e-01, 6.72006e-01, 4.04263e-01, 3.05617e-01, 1.59524e-01, 1.07824e+00]
333500 [2.21475e+00, 1.65062e-01, 6.72064e-01, 4.04186e-01, 3.05606e-01, 1.59538e-01, 1.08651e+00]
334000 [2.21478e+00, 1.65060e-01, 6.72149e-01, 4.04180e-01, 3.05710e-01, 1.59541e-01, 1.09468e+00]
334500 [2.21466e+00, 1.64977e-01, 6.71969e-01, 4.04103e-01, 3.05494e-01, 1.59441e-01, 1.10325e+00]
335000 [2.21477e+00, 1.65063e-01, 6.72092e-01, 4.04237e-01, 3.05611e-01, 1.59589e-01, 1.11195e+00]
335500 [2.21570e+00, 1.65092e-01, 6.71871e-01, 4.04210e-01, 3.05669e-01, 1.59567e-01, 1.14600e+00]
336000 [2.21441e+00, 1.65097e-01, 6.72042e-01, 4.04298e-01, 3.05860e-01, 1.59607e-01, 1.14221e+00]
336500 [2.21475e+00, 1.65053e-01, 6.72063e-01, 4.04148e-01, 3.05698e-01, 1.59534e-01, 1.14881e+00]
337000 [2.21372e+00, 1.65199e-01, 6.72357e-01, 4.04430e-01, 3.05973e-01, 1.59675e-01, 1.18330e+00]
337500 [2.21573e+00, 1.65128e-01, 6.71962e-01, 4.04214e-01, 3.05737e-01, 1.59616e-01, 1.22272e+00]
338000 [2.21511e+00, 1.65080e-01, 6.71873e-01, 4.04245e-01, 3.05694e-01, 1.59580e-01, 1.26288e+00]
338500 [2.21468e+00, 1.65077e-01, 6.72018e-01, 4.04236e-01, 3.05761e-01, 1.59580e-01, 1.29444e+00]
339000 [2.21406e+00, 1.65045e-01, 6.72019e-01, 4.04441e-01, 3.05662e-01, 1.59539e-01, 1.31756e+00]
339500 [2.21407e+00, 1.65111e-01, 6.72145e-01, 4.04246e-01, 3.05770e-01, 1.59632e-01, 1.33250e+00]
340000 [2.21424e+00, 1.65062e-01, 6.72130e-01, 4.04244e-01, 3.05715e-01, 1.59572e-01, 1.34284e+00]
340500 [2.21446e+00, 1.65119e-01, 6.72113e-01, 4.04191e-01, 3.05564e-01, 1.59595e-01, 1.35997e+00]
341000 [2.21416e+00, 1.65107e-01, 6.72176e-01, 4.03933e-01, 3.05670e-01, 1.59639e-01, 1.37887e+00]
341500 [2.21453e+00, 1.65088e-01, 6.72066e-01, 4.04324e-01, 3.05505e-01, 1.59594e-01, 1.38378e+00]
342000 [2.21491e+00, 1.65065e-01, 6.72066e-01, 4.04041e-01, 3.05390e-01, 1.59571e-01, 1.38537e+00]
342500 [2.21492e+00, 1.65049e-01, 6.72057e-01, 4.04249e-01, 3.05332e-01, 1.59542e-01, 1.38932e+00]
343000 [2.21471e+00, 1.65084e-01, 6.72119e-01, 4.04088e-01, 3.05344e-01, 1.59561e-01, 1.40355e+00]
343500 [2.21460e+00, 1.65082e-01, 6.71997e-01, 4.04211e-01, 3.05354e-01, 1.59567e-01, 1.42133e+00]
344000 [2.21553e+00, 1.65077e-01, 6.71865e-01, 4.04449e-01, 3.05242e-01, 1.59642e-01, 1.46408e+00]
344500 [2.23871e+00, 1.70809e-01, 6.81436e-01, 4.06885e-01, 3.08614e-01, 1.60581e-01, 1.42164e+00]
345000 [2.23731e+00, 1.68582e-01, 6.84885e-01, 4.13356e-01, 3.09009e-01, 1.62362e-01, 1.44655e+00]
345500 [2.22667e+00, 1.65641e-01, 6.77201e-01, 4.05510e-01, 3.07758e-01, 1.60050e-01, 1.45626e+00]
346000 [2.21800e+00, 1.65248e-01, 6.73327e-01, 4.04765e-01, 3.07307e-01, 1.59788e-01, 1.46351e+00]
346500 [2.21601e+00, 1.65226e-01, 6.72072e-01, 4.04600e-01, 3.07129e-01, 1.59772e-01, 1.47230e+00]
347000 [2.21548e+00, 1.65092e-01, 6.71714e-01, 4.04228e-01, 3.06873e-01, 1.59608e-01, 1.48191e+00]
347500 [2.21536e+00, 1.65076e-01, 6.71729e-01, 4.04265e-01, 3.06752e-01, 1.59647e-01, 1.49144e+00]
348000 [2.21539e+00, 1.65082e-01, 6.71810e-01, 4.04150e-01, 3.06671e-01, 1.59631e-01, 1.49911e+00]
348500 [2.21509e+00, 1.65132e-01, 6.71825e-01, 4.04333e-01, 3.06620e-01, 1.59662e-01, 1.50392e+00]
349000 [2.21323e+00, 1.65283e-01, 6.71658e-01, 4.04431e-01, 3.06664e-01, 1.59563e-01, 1.50126e+00]
349500 [2.21576e+00, 1.65110e-01, 6.71724e-01, 4.04287e-01, 3.06520e-01, 1.59604e-01, 1.49371e+00]
350000 [2.20960e+00, 1.65221e-01, 6.72807e-01, 4.04528e-01, 3.06865e-01, 1.60232e-01, 1.51622e+00]
350500 [2.21748e+00, 1.65235e-01, 6.71476e-01, 4.04546e-01, 3.06554e-01, 1.59746e-01, 1.49707e+00]
351000 [2.21674e+00, 1.65190e-01, 6.71890e-01, 4.04485e-01, 3.06551e-01, 1.59708e-01, 1.49055e+00]
351500 [2.21591e+00, 1.65153e-01, 6.72053e-01, 4.04374e-01, 3.06380e-01, 1.59664e-01, 1.49020e+00]
352000 [2.21575e+00, 1.65299e-01, 6.72297e-01, 4.04703e-01, 3.06504e-01, 1.59838e-01, 1.49122e+00]
352500 [2.21570e+00, 1.65237e-01, 6.72352e-01, 4.04578e-01, 3.06426e-01, 1.59757e-01, 1.49224e+00]
353000 [2.21592e+00, 1.65185e-01, 6.72450e-01, 4.04452e-01, 3.06452e-01, 1.59713e-01, 1.49334e+00]
353500 [2.21549e+00, 1.65166e-01, 6.72111e-01, 4.04502e-01, 3.06390e-01, 1.59725e-01, 1.49924e+00]
354000 [2.21682e+00, 1.65303e-01, 6.72739e-01, 4.05359e-01, 3.06589e-01, 1.59916e-01, 1.55144e+00]
354500 [2.21683e+00, 1.65152e-01, 6.71983e-01, 4.04709e-01, 3.06504e-01, 1.59644e-01, 1.57021e+00]
355000 [2.21608e+00, 1.65042e-01, 6.71795e-01, 4.04328e-01, 3.06371e-01, 1.59496e-01, 1.58040e+00]
355500 [2.21581e+00, 1.65120e-01, 6.71804e-01, 4.04190e-01, 3.06285e-01, 1.59595e-01, 1.58762e+00]
356000 [2.21565e+00, 1.65020e-01, 6.71754e-01, 4.04195e-01, 3.06138e-01, 1.59495e-01, 1.59245e+00]
356500 [2.21539e+00, 1.65046e-01, 6.71787e-01, 4.04090e-01, 3.06086e-01, 1.59501e-01, 1.59548e+00]
357000 [2.21519e+00, 1.65042e-01, 6.71910e-01, 4.04207e-01, 3.06175e-01, 1.59520e-01, 1.59826e+00]
357500 [2.21490e+00, 1.65058e-01, 6.71864e-01, 4.04227e-01, 3.06012e-01, 1.59552e-01, 1.59761e+00]
358000 [2.21465e+00, 1.65126e-01, 6.71945e-01, 4.04187e-01, 3.06046e-01, 1.59625e-01, 1.59641e+00]
358500 [2.21445e+00, 1.65073e-01, 6.72079e-01, 4.04263e-01, 3.06226e-01, 1.59567e-01, 1.59495e+00]
359000 [2.21434e+00, 1.65086e-01, 6.72065e-01, 4.04215e-01, 3.06139e-01, 1.59589e-01, 1.59176e+00]
359500 [2.21419e+00, 1.65088e-01, 6.72090e-01, 4.04223e-01, 3.06075e-01, 1.59589e-01, 1.58815e+00]
360000 [2.21419e+00, 1.65098e-01, 6.72216e-01, 4.04230e-01, 3.06208e-01, 1.59594e-01, 1.58501e+00]
360500 [2.21425e+00, 1.65084e-01, 6.72225e-01, 4.04398e-01, 3.06144e-01, 1.59645e-01, 1.58160e+00]
361000 [2.21428e+00, 1.65089e-01, 6.72218e-01, 4.04239e-01, 3.06075e-01, 1.59576e-01, 1.57777e+00]
361500 [2.21433e+00, 1.65106e-01, 6.72338e-01, 4.04267e-01, 3.06224e-01, 1.59592e-01, 1.57301e+00]
362000 [2.21439e+00, 1.65082e-01, 6.72291e-01, 4.04288e-01, 3.06108e-01, 1.59692e-01, 1.56567e+00]
362500 [2.21507e+00, 1.65072e-01, 6.72290e-01, 4.04127e-01, 3.06066e-01, 1.59506e-01, 1.55968e+00]
363000 [2.21469e+00, 1.65104e-01, 6.72223e-01, 4.04233e-01, 3.06016e-01, 1.59584e-01, 1.54879e+00]
363500 [2.21413e+00, 1.65316e-01, 6.72539e-01, 4.04305e-01, 3.06027e-01, 1.59741e-01, 1.55495e+00]
364000 [2.21281e+00, 1.65101e-01, 6.72291e-01, 4.04203e-01, 3.06005e-01, 1.59624e-01, 1.55567e+00]
364500 [2.21356e+00, 1.65120e-01, 6.72291e-01, 4.04192e-01, 3.06093e-01, 1.59559e-01, 1.55150e+00]
365000 [2.21673e+00, 1.65141e-01, 6.72386e-01, 4.04417e-01, 3.06098e-01, 1.59559e-01, 1.57708e+00]
365500 [2.21558e+00, 1.65569e-01, 6.72285e-01, 4.03228e-01, 3.06011e-01, 1.59488e-01, 1.57815e+00]
366000 [2.21789e+00, 1.65710e-01, 6.73080e-01, 4.05589e-01, 3.06667e-01, 1.60229e-01, 1.57493e+00]
366500 [2.21870e+00, 1.65473e-01, 6.71538e-01, 4.05132e-01, 3.06537e-01, 1.60022e-01, 1.57444e+00]
367000 [2.21772e+00, 1.65318e-01, 6.71520e-01, 4.04743e-01, 3.06216e-01, 1.59811e-01, 1.57285e+00]
367500 [2.21562e+00, 1.65191e-01, 6.71606e-01, 4.04416e-01, 3.06107e-01, 1.59656e-01, 1.57036e+00]
368000 [2.21458e+00, 1.65218e-01, 6.71721e-01, 4.04287e-01, 3.06112e-01, 1.59694e-01, 1.56810e+00]
368500 [2.21400e+00, 1.65124e-01, 6.71825e-01, 4.04297e-01, 3.06147e-01, 1.59620e-01, 1.56647e+00]
369000 [2.21357e+00, 1.65128e-01, 6.71925e-01, 4.04336e-01, 3.06166e-01, 1.59627e-01, 1.56733e+00]
369500 [2.21335e+00, 1.65126e-01, 6.71953e-01, 4.03951e-01, 3.06108e-01, 1.59633e-01, 1.57170e+00]
370000 [2.21356e+00, 1.65126e-01, 6.72064e-01, 4.04293e-01, 3.06109e-01, 1.59647e-01, 1.57476e+00]
370500 [2.21337e+00, 1.65152e-01, 6.71970e-01, 4.04012e-01, 3.05951e-01, 1.59643e-01, 1.58104e+00]
371000 [2.21563e+00, 1.62261e-01, 6.70596e-01, 4.11371e-01, 3.06514e-01, 1.62532e-01, 1.59712e+00]
371500 [2.21744e+00, 1.65072e-01, 6.69342e-01, 4.04130e-01, 3.06038e-01, 1.59616e-01, 1.58685e+00]
372000 [2.21392e+00, 1.65143e-01, 6.70763e-01, 4.04392e-01, 3.06142e-01, 1.59672e-01, 1.58882e+00]
372500 [2.21346e+00, 1.65084e-01, 6.71473e-01, 4.04244e-01, 3.05965e-01, 1.59608e-01, 1.59350e+00]
373000 [2.21372e+00, 1.65095e-01, 6.71780e-01, 4.04472e-01, 3.05885e-01, 1.59611e-01, 1.59985e+00]
373500 [2.21373e+00, 1.65073e-01, 6.71956e-01, 4.04259e-01, 3.05840e-01, 1.59592e-01, 1.60563e+00]
374000 [2.21387e+00, 1.65128e-01, 6.72113e-01, 4.04323e-01, 3.05912e-01, 1.59649e-01, 1.61071e+00]
374500 [2.21415e+00, 1.65131e-01, 6.72179e-01, 4.04351e-01, 3.05899e-01, 1.59641e-01, 1.61537e+00]
375000 [2.21446e+00, 1.65124e-01, 6.72206e-01, 4.04161e-01, 3.05925e-01, 1.59600e-01, 1.62028e+00]
375500 [2.21393e+00, 1.65138e-01, 6.71998e-01, 4.04119e-01, 3.05749e-01, 1.59544e-01, 1.61615e+00]
376000 [2.21407e+00, 1.65047e-01, 6.72277e-01, 4.03624e-01, 3.05683e-01, 1.59373e-01, 1.62463e+00]
376500 [2.21432e+00, 1.65131e-01, 6.71991e-01, 4.04216e-01, 3.05593e-01, 1.59573e-01, 1.62224e+00]
377000 [2.21412e+00, 1.65107e-01, 6.72114e-01, 4.04211e-01, 3.05684e-01, 1.59574e-01, 1.62352e+00]
377500 [2.21434e+00, 1.65087e-01, 6.72292e-01, 4.04222e-01, 3.05795e-01, 1.59584e-01, 1.62426e+00]
378000 [2.21435e+00, 1.65075e-01, 6.72113e-01, 4.04228e-01, 3.05614e-01, 1.59581e-01, 1.62700e+00]
378500 [2.21445e+00, 1.65052e-01, 6.72014e-01, 4.04167e-01, 3.05634e-01, 1.59679e-01, 1.62565e+00]
379000 [2.21717e+00, 1.65154e-01, 6.72027e-01, 4.04364e-01, 3.05587e-01, 1.59644e-01, 1.62758e+00]
379500 [2.21511e+00, 1.65198e-01, 6.72114e-01, 4.04023e-01, 3.05620e-01, 1.59680e-01, 1.61679e+00]
380000 [2.21487e+00, 1.65061e-01, 6.71980e-01, 4.04212e-01, 3.05530e-01, 1.59558e-01, 1.61209e+00]
380500 [2.21513e+00, 1.65068e-01, 6.72018e-01, 4.04223e-01, 3.05712e-01, 1.59589e-01, 1.61432e+00]
381000 [2.21486e+00, 1.65050e-01, 6.71905e-01, 4.04182e-01, 3.05548e-01, 1.59558e-01, 1.61061e+00]
381500 [2.21509e+00, 1.65063e-01, 6.72044e-01, 4.04106e-01, 3.05724e-01, 1.59583e-01, 1.60782e+00]
382000 [2.21532e+00, 1.65170e-01, 6.71982e-01, 4.04251e-01, 3.05663e-01, 1.59489e-01, 1.60220e+00]
382500 [2.21654e+00, 1.66299e-01, 6.72905e-01, 4.05941e-01, 3.06682e-01, 1.59955e-01, 1.59791e+00]
383000 [2.21699e+00, 1.65105e-01, 6.72094e-01, 4.04085e-01, 3.05955e-01, 1.59585e-01, 1.60960e+00]
383500 [2.21509e+00, 1.65075e-01, 6.71944e-01, 4.04095e-01, 3.05670e-01, 1.59534e-01, 1.61110e+00]
384000 [2.21559e+00, 1.65090e-01, 6.72097e-01, 4.04134e-01, 3.05862e-01, 1.59553e-01, 1.60892e+00]
384500 [2.21572e+00, 1.65055e-01, 6.72005e-01, 4.04171e-01, 3.05681e-01, 1.59528e-01, 1.60799e+00]
385000 [2.21574e+00, 1.65057e-01, 6.72004e-01, 4.04134e-01, 3.05663e-01, 1.59539e-01, 1.60726e+00]
385500 [2.21567e+00, 1.65060e-01, 6.72062e-01, 4.04127e-01, 3.05759e-01, 1.59545e-01, 1.60584e+00]
386000 [2.21549e+00, 1.65062e-01, 6.71959e-01, 4.04250e-01, 3.05551e-01, 1.59538e-01, 1.60387e+00]
386500 [2.21546e+00, 1.65052e-01, 6.71978e-01, 4.04469e-01, 3.05610e-01, 1.59579e-01, 1.60098e+00]
387000 [2.21558e+00, 1.65056e-01, 6.72014e-01, 4.04251e-01, 3.05631e-01, 1.59560e-01, 1.59821e+00]
387500 [2.21555e+00, 1.65049e-01, 6.71952e-01, 4.04229e-01, 3.05500e-01, 1.59572e-01, 1.59608e+00]
388000 [2.21551e+00, 1.65050e-01, 6.71966e-01, 4.04243e-01, 3.05417e-01, 1.59558e-01, 1.59484e+00]
388500 [2.21547e+00, 1.65042e-01, 6.71919e-01, 4.04202e-01, 3.05454e-01, 1.59526e-01, 1.59029e+00]
389000 [2.21544e+00, 1.65055e-01, 6.71971e-01, 4.03873e-01, 3.05408e-01, 1.59539e-01, 1.59858e+00]
389500 [2.21449e+00, 1.65113e-01, 6.70856e-01, 4.04483e-01, 3.05402e-01, 1.59656e-01, 1.60631e+00]
390000 [2.21336e+00, 1.65026e-01, 6.71014e-01, 4.03703e-01, 3.05377e-01, 1.59349e-01, 1.60785e+00]
390500 [2.21427e+00, 1.65070e-01, 6.71275e-01, 4.04327e-01, 3.05289e-01, 1.59556e-01, 1.61475e+00]
391000 [2.21446e+00, 1.65122e-01, 6.71762e-01, 4.04305e-01, 3.05431e-01, 1.59609e-01, 1.61214e+00]
391500 [2.21439e+00, 1.65105e-01, 6.71867e-01, 4.04278e-01, 3.05242e-01, 1.59589e-01, 1.61160e+00]
392000 [2.21351e+00, 1.65933e-01, 6.72182e-01, 4.05157e-01, 3.05609e-01, 1.59717e-01, 1.61027e+00]
392500 [2.22975e+00, 1.65432e-01, 6.74321e-01, 4.11921e-01, 3.06194e-01, 1.62974e-01, 1.59934e+00]
393000 [2.24166e+00, 1.62763e-01, 6.70508e-01, 4.17500e-01, 3.05892e-01, 1.66167e-01, 1.60275e+00]
393500 [2.21575e+00, 1.65095e-01, 6.70635e-01, 4.03995e-01, 3.05696e-01, 1.59558e-01, 1.60974e+00]
394000 [2.21353e+00, 1.65148e-01, 6.71540e-01, 4.04349e-01, 3.05794e-01, 1.59642e-01, 1.60912e+00]
394500 [2.21399e+00, 1.65072e-01, 6.71710e-01, 4.04188e-01, 3.05503e-01, 1.59548e-01, 1.61687e+00]
395000 [2.21464e+00, 1.65083e-01, 6.71898e-01, 4.04128e-01, 3.05529e-01, 1.59527e-01, 1.62522e+00]
395500 [2.21473e+00, 1.65100e-01, 6.71943e-01, 4.04165e-01, 3.05463e-01, 1.59566e-01, 1.63627e+00]
396000 [2.21450e+00, 1.65112e-01, 6.71894e-01, 4.04359e-01, 3.05388e-01, 1.59566e-01, 1.64323e+00]
396500 [2.21456e+00, 1.65095e-01, 6.71951e-01, 4.04149e-01, 3.05384e-01, 1.59546e-01, 1.65243e+00]
397000 [2.21446e+00, 1.65097e-01, 6.71967e-01, 4.04088e-01, 3.05429e-01, 1.59548e-01, 1.66054e+00]
397500 [2.22674e+00, 1.97456e-01, 6.90160e-01, 4.54805e-01, 3.07559e-01, 1.81576e-01, 1.67035e+00]
398000 [2.35490e+00, 1.92703e-01, 7.08734e-01, 4.43277e-01, 3.06974e-01, 1.77370e-01, 1.64585e+00]
398500 [2.39459e+00, 1.91981e-01, 7.11820e-01, 4.48643e-01, 3.08705e-01, 1.78476e-01, 1.64585e+00]
399000 [2.41797e+00, 1.90114e-01, 7.07924e-01, 4.51096e-01, 3.07561e-01, 1.78708e-01, 1.64744e+00]
399500 [2.43665e+00, 1.88575e-01, 7.03574e-01, 4.49098e-01, 3.05691e-01, 1.78044e-01, 1.64164e+00]
400000 [2.44221e+00, 1.87302e-01, 6.99177e-01, 4.46390e-01, 3.03690e-01, 1.77091e-01, 1.63383e+00]
