0 [2.52000e+00, 2.16000e-01, 7.74000e-01, 4.87000e-01, 3.62000e-01, 1.90000e-01, 5.70000e-01]
500 [2.48842e+00, 2.17966e-01, 7.75774e-01, 4.68362e-01, 3.62668e-01, 1.87089e-01, 5.67504e-01]
1000 [2.45536e+00, 2.20116e-01, 7.77108e-01, 4.73232e-01, 3.62726e-01, 1.88449e-01, 5.66252e-01]
1500 [2.44226e+00, 2.21472e-01, 7.78689e-01, 4.82734e-01, 3.63001e-01, 1.90392e-01, 5.65841e-01]
2000 [2.47110e+00, 2.22518e-01, 7.83920e-01, 5.04172e-01, 3.64779e-01, 1.96302e-01, 5.69324e-01]
2500 [2.49315e+00, 2.18877e-01, 7.83915e-01, 4.89029e-01, 3.64399e-01, 1.92756e-01, 5.69397e-01]
3000 [2.49551e+00, 2.17411e-01, 7.84135e-01, 4.86961e-01, 3.64132e-01, 1.91725e-01, 5.68192e-01]
3500 [2.50014e+00, 2.16987e-01, 7.84696e-01, 4.88153e-01, 3.64064e-01, 1.92214e-01, 5.66783e-01]
4000 [2.51401e+00, 2.17321e-01, 7.85484e-01, 4.91183e-01, 3.64309e-01, 1.93127e-01, 5.65546e-01]
4500 [2.54095e+00, 2.17179e-01, 7.86261e-01, 4.96716e-01, 3.64406e-01, 1.94142e-01, 5.64076e-01]
5000 [2.57168e+00, 2.17148e-01, 7.87096e-01, 5.01348e-01, 3.64451e-01, 1.94979e-01, 5.61379e-01]
5500 [2.57576e+00, 2.18333e-01, 7.88918e-01, 4.87280e-01, 3.64960e-01, 1.93138e-01, 5.56206e-01]
6000 [2.51417e+00, 2.21978e-01, 7.91024e-01, 4.76528e-01, 3.65577e-01, 1.90342e-01, 5.56938e-01]
6500 [2.48885e+00, 2.23331e-01, 7.93023e-01, 4.80295e-01, 3.65876e-01, 1.91623e-01, 5.57838e-01]
7000 [2.48249e+00, 2.24368e-01, 7.94985e-01, 4.83898e-01, 3.66088e-01, 1.93030e-01, 5.58127e-01]
7500 [2.48570e+00, 2.25655e-01, 7.97096e-01, 4.88412e-01, 3.66365e-01, 1.94443e-01, 5.58991e-01]
8000 [2.49406e+00, 2.27013e-01, 7.99416e-01, 4.91025e-01, 3.66803e-01, 1.95972e-01, 5.60229e-01]
8500 [2.50431e+00, 2.29003e-01, 8.02042e-01, 4.85799e-01, 3.67150e-01, 1.95432e-01, 5.62086e-01]
9000 [2.50998e+00, 2.30505e-01, 8.05000e-01, 4.92286e-01, 3.67741e-01, 1.97424e-01, 5.64227e-01]
9500 [2.52905e+00, 2.31575e-01, 8.08044e-01, 5.00580e-01, 3.68121e-01, 1.99606e-01, 5.65639e-01]
10000 [2.55452e+00, 2.31393e-01, 8.11763e-01, 5.09513e-01, 3.69304e-01, 2.01624e-01, 5.69110e-01]
10500 [2.56459e+00, 2.32417e-01, 8.13911e-01, 5.01352e-01, 3.69566e-01, 2.01263e-01, 5.71871e-01]
11000 [2.56621e+00, 2.30736e-01, 8.16357e-01, 5.02563e-01, 3.69702e-01, 1.99929e-01, 5.71731e-01]
11500 [2.55558e+00, 2.31562e-01, 8.18885e-01, 5.00955e-01, 3.70314e-01, 1.99933e-01, 5.73063e-01]
12000 [2.55244e+00, 2.31666e-01, 8.22489e-01, 5.08625e-01, 3.71526e-01, 1.97999e-01, 5.75214e-01]
12500 [2.52795e+00, 2.32991e-01, 8.24832e-01, 4.88884e-01, 3.71720e-01, 1.95633e-01, 5.74470e-01]
13000 [2.50987e+00, 2.33285e-01, 8.26627e-01, 4.92429e-01, 3.71713e-01, 1.96044e-01, 5.73371e-01]
13500 [2.49929e+00, 2.34311e-01, 8.28555e-01, 4.90164e-01, 3.72087e-01, 1.96450e-01, 5.73081e-01]
14000 [2.49628e+00, 2.34745e-01, 8.30472e-01, 4.90743e-01, 3.72383e-01, 1.96733e-01, 5.72289e-01]
14500 [2.49904e+00, 2.34616e-01, 8.32361e-01, 4.97078e-01, 3.72805e-01, 1.97951e-01, 5.72064e-01]
15000 [2.49993e+00, 2.35765e-01, 8.34422e-01, 4.93339e-01, 3.73333e-01, 1.98112e-01, 5.72408e-01]
15500 [2.50682e+00, 2.37095e-01, 8.36551e-01, 4.94253e-01, 3.73758e-01, 1.98758e-01, 5.73197e-01]
16000 [2.52171e+00, 2.37574e-01, 8.38758e-01, 5.01924e-01, 3.74257e-01, 2.00425e-01, 5.74950e-01]
16500 [2.53899e+00, 2.38913e-01, 8.41084e-01, 5.06021e-01, 3.74827e-01, 2.01808e-01, 5.76420e-01]
17000 [2.56350e+00, 2.39548e-01, 8.43501e-01, 5.14390e-01, 3.75258e-01, 2.04000e-01, 5.77705e-01]
17500 [2.58049e+00, 2.41695e-01, 8.46181e-01, 5.13260e-01, 3.75761e-01, 2.04544e-01, 5.78687e-01]
18000 [2.60852e+00, 2.43530e-01, 8.49687e-01, 5.30729e-01, 3.78326e-01, 2.06602e-01, 5.83855e-01]
18500 [2.64890e+00, 2.38571e-01, 8.49869e-01, 5.31363e-01, 3.78082e-01, 2.10558e-01, 5.85679e-01]
19000 [2.68121e+00, 2.39375e-01, 8.51336e-01, 5.24214e-01, 3.77701e-01, 2.03272e-01, 5.89783e-01]
19500 [2.73150e+00, 2.25959e-01, 8.54458e-01, 5.49738e-01, 3.79894e-01, 2.14621e-01, 5.87205e-01]
20000 [2.77781e+00, 2.14872e-01, 8.54462e-01, 5.29322e-01, 3.79665e-01, 2.08511e-01, 5.87472e-01]
20500 [2.81384e+00, 2.24505e-01, 8.51354e-01, 5.43629e-01, 3.78213e-01, 2.17693e-01, 5.92823e-01]
21000 [2.84588e+00, 2.14240e-01, 8.51835e-01, 5.34093e-01, 3.78473e-01, 2.10528e-01, 5.93381e-01]
21500 [2.83504e+00, 2.07946e-01, 8.51675e-01, 5.19155e-01, 3.79176e-01, 2.02963e-01, 5.93499e-01]
22000 [2.81354e+00, 2.06256e-01, 8.50668e-01, 5.12049e-01, 3.79346e-01, 2.00790e-01, 5.93871e-01]
22500 [2.78942e+00, 2.03069e-01, 8.49469e-01, 5.07003e-01, 3.79587e-01, 1.98761e-01, 5.92089e-01]
23000 [2.70760e+00, 2.18729e-01, 8.49966e-01, 4.89241e-01, 3.80858e-01, 1.94429e-01, 5.95757e-01]
23500 [2.62261e+00, 2.21841e-01, 8.49109e-01, 4.93689e-01, 3.80735e-01, 1.94981e-01, 5.92711e-01]
24000 [2.58214e+00, 2.22104e-01, 8.48035e-01, 4.93241e-01, 3.80703e-01, 1.94955e-01, 5.92241e-01]
24500 [2.55525e+00, 2.22649e-01, 8.46922e-01, 4.93111e-01, 3.80844e-01, 1.95340e-01, 5.89784e-01]
25000 [2.53446e+00, 2.23891e-01, 8.45972e-01, 4.93387e-01, 3.80834e-01, 1.95315e-01, 5.85784e-01]
25500 [2.53531e+00, 2.22737e-01, 8.45077e-01, 4.94394e-01, 3.80998e-01, 1.95392e-01, 5.85253e-01]
26000 [2.52559e+00, 2.23672e-01, 8.44416e-01, 4.92133e-01, 3.81029e-01, 1.94456e-01, 5.84643e-01]
26500 [2.51994e+00, 2.24679e-01, 8.43965e-01, 4.93064e-01, 3.81210e-01, 1.95388e-01, 5.84867e-01]
27000 [2.54780e+00, 2.22106e-01, 8.45067e-01, 5.07546e-01, 3.83812e-01, 1.99015e-01, 5.92573e-01]
27500 [2.54226e+00, 2.24244e-01, 8.44928e-01, 4.92342e-01, 3.83607e-01, 1.95630e-01, 5.95376e-01]
28000 [2.53250e+00, 2.25620e-01, 8.44681e-01, 4.92744e-01, 3.83481e-01, 1.96026e-01, 5.92886e-01]
28500 [2.52874e+00, 2.26840e-01, 8.44411e-01, 4.93923e-01, 3.83315e-01, 1.96366e-01, 5.91107e-01]
29000 [2.52567e+00, 2.28095e-01, 8.44478e-01, 4.96102e-01, 3.83475e-01, 1.97750e-01, 5.91361e-01]
29500 [2.54145e+00, 2.25136e-01, 8.44571e-01, 4.97171e-01, 3.84011e-01, 1.97176e-01, 5.93000e-01]
30000 [2.52981e+00, 2.26262e-01, 8.44190e-01, 4.92367e-01, 3.83804e-01, 1.95727e-01, 5.92637e-01]
30500 [2.52382e+00, 2.27868e-01, 8.44206e-01, 4.95132e-01, 3.84118e-01, 1.96973e-01, 5.91575e-01]
31000 [2.53408e+00, 2.27003e-01, 8.44325e-01, 4.93286e-01, 3.84147e-01, 1.96082e-01, 5.91418e-01]
31500 [2.53567e+00, 2.28278e-01, 8.44434e-01, 4.96585e-01, 3.84461e-01, 1.97634e-01, 5.92136e-01]
32000 [2.54769e+00, 2.28775e-01, 8.44885e-01, 4.95750e-01, 3.85132e-01, 1.97324e-01, 5.94724e-01]
32500 [2.56401e+00, 2.30297e-01, 8.44901e-01, 5.20814e-01, 3.85306e-01, 2.03813e-01, 5.94663e-01]
33000 [2.61321e+00, 2.27326e-01, 8.44084e-01, 5.22482e-01, 3.84752e-01, 2.04317e-01, 5.96087e-01]
33500 [2.59002e+00, 2.28643e-01, 8.45242e-01, 5.04219e-01, 3.85751e-01, 1.99904e-01, 5.90925e-01]
34000 [2.57627e+00, 2.27961e-01, 8.45027e-01, 5.04668e-01, 3.85480e-01, 1.99975e-01, 5.89084e-01]
34500 [2.56252e+00, 2.28360e-01, 8.45178e-01, 5.10857e-01, 3.85593e-01, 2.01685e-01, 5.86671e-01]
35000 [2.56508e+00, 2.23162e-01, 8.47064e-01, 5.34280e-01, 3.87546e-01, 2.03519e-01, 5.90836e-01]
35500 [2.56124e+00, 2.31496e-01, 8.47564e-01, 5.02344e-01, 3.87583e-01, 2.01118e-01, 5.96756e-01]
36000 [2.59977e+00, 2.29410e-01, 8.47957e-01, 5.16362e-01, 3.87038e-01, 2.01792e-01, 5.95796e-01]
36500 [2.62113e+00, 2.27799e-01, 8.47630e-01, 5.12877e-01, 3.86954e-01, 2.00937e-01, 5.97322e-01]
37000 [2.62652e+00, 2.26953e-01, 8.47138e-01, 5.10790e-01, 3.86779e-01, 1.99814e-01, 5.96415e-01]
37500 [2.63867e+00, 2.23450e-01, 8.49004e-01, 5.32065e-01, 3.89482e-01, 2.03879e-01, 5.98812e-01]
38000 [2.67771e+00, 2.16235e-01, 8.48564e-01, 5.17306e-01, 3.89044e-01, 2.03902e-01, 6.00330e-01]
38500 [2.70635e+00, 2.09473e-01, 8.47951e-01, 5.11105e-01, 3.88633e-01, 2.01950e-01, 6.01080e-01]
39000 [2.72762e+00, 2.04105e-01, 8.47006e-01, 5.08377e-01, 3.88508e-01, 2.00848e-01, 5.99525e-01]
39500 [2.72702e+00, 2.02123e-01, 8.45948e-01, 5.03169e-01, 3.88815e-01, 1.99145e-01, 5.95888e-01]
40000 [2.72201e+00, 2.00698e-01, 8.44534e-01, 5.00864e-01, 3.88831e-01, 1.97824e-01, 5.92011e-01]
40500 [2.71207e+00, 1.99556e-01, 8.42941e-01, 4.97926e-01, 3.88955e-01, 1.96609e-01, 5.87526e-01]
41000 [2.70154e+00, 1.98589e-01, 8.41178e-01, 4.95222e-01, 3.89009e-01, 1.95486e-01, 5.83069e-01]
41500 [2.65984e+00, 2.11289e-01, 8.38885e-01, 4.84495e-01, 3.88799e-01, 1.90533e-01, 5.78364e-01]
42000 [2.61119e+00, 2.14738e-01, 8.37212e-01, 4.91301e-01, 3.88932e-01, 1.92449e-01, 5.76884e-01]
42500 [2.60356e+00, 2.16320e-01, 8.35706e-01, 5.01036e-01, 3.88890e-01, 1.94826e-01, 5.76783e-01]
43000 [2.61214e+00, 2.16926e-01, 8.34364e-01, 5.12672e-01, 3.88809e-01, 1.97251e-01, 5.76967e-01]
43500 [2.63329e+00, 2.17149e-01, 8.32909e-01, 5.19465e-01, 3.88579e-01, 1.99644e-01, 5.79608e-01]
44000 [2.65434e+00, 2.17693e-01, 8.31625e-01, 5.23089e-01, 3.88405e-01, 2.01032e-01, 5.79476e-01]
44500 [2.67402e+00, 2.19321e-01, 8.30948e-01, 5.28521e-01, 3.88449e-01, 2.02528e-01, 5.79280e-01]
45000 [2.69134e+00, 2.22440e-01, 8.31239e-01, 5.15512e-01, 3.89372e-01, 2.01749e-01, 5.81675e-01]
45500 [2.70603e+00, 2.21940e-01, 8.30940e-01, 5.23126e-01, 3.89025e-01, 2.02142e-01, 5.83159e-01]
46000 [2.71755e+00, 2.21493e-01, 8.30660e-01, 5.27836e-01, 3.88669e-01, 2.03299e-01, 5.86283e-01]
46500 [2.74155e+00, 2.22054e-01, 8.30602e-01, 5.29039e-01, 3.88748e-01, 2.03736e-01, 5.91000e-01]
47000 [2.73395e+00, 2.24212e-01, 8.31282e-01, 5.21269e-01, 3.89108e-01, 2.02586e-01, 5.93408e-01]
47500 [2.75322e+00, 2.24553e-01, 8.31379e-01, 5.27154e-01, 3.88985e-01, 2.04187e-01, 5.98918e-01]
48000 [2.70614e+00, 2.28234e-01, 8.33277e-01, 5.03834e-01, 3.90123e-01, 1.99135e-01, 6.01708e-01]
48500 [2.64977e+00, 2.29925e-01, 8.34434e-01, 5.04589e-01, 3.90123e-01, 1.99623e-01, 6.01179e-01]
49000 [2.62260e+00, 2.30854e-01, 8.35482e-01, 5.06378e-01, 3.90182e-01, 2.00545e-01, 6.03276e-01]
49500 [2.60961e+00, 2.31339e-01, 8.36565e-01, 5.09014e-01, 3.90139e-01, 2.01483e-01, 6.06523e-01]
50000 [2.61956e+00, 2.26056e-01, 8.38325e-01, 5.04440e-01, 3.91783e-01, 1.98675e-01, 6.16459e-01]
50500 [2.58742e+00, 2.27314e-01, 8.38218e-01, 4.97655e-01, 3.91554e-01, 1.98154e-01, 6.19321e-01]
51000 [2.61693e+00, 2.16970e-01, 8.37293e-01, 5.23211e-01, 3.93085e-01, 2.11362e-01, 6.31552e-01]
51500 [2.61414e+00, 2.26865e-01, 8.39167e-01, 4.99494e-01, 3.92649e-01, 1.97266e-01, 6.34030e-01]
52000 [2.58538e+00, 2.28036e-01, 8.39150e-01, 4.93533e-01, 3.92237e-01, 1.95617e-01, 6.29979e-01]
52500 [2.55723e+00, 2.26521e-01, 8.38612e-01, 4.90926e-01, 3.91778e-01, 1.95005e-01, 6.30251e-01]
53000 [2.52873e+00, 2.25191e-01, 8.38140e-01, 4.87913e-01, 3.91489e-01, 1.93496e-01, 6.30860e-01]
53500 [2.51204e+00, 2.23440e-01, 8.37788e-01, 4.87728e-01, 3.91433e-01, 1.93004e-01, 6.32754e-01]
54000 [2.49117e+00, 2.22739e-01, 8.37031e-01, 4.83050e-01, 3.91175e-01, 1.91484e-01, 6.31666e-01]
54500 [2.47768e+00, 2.21783e-01, 8.36071e-01, 4.82631e-01, 3.90942e-01, 1.91431e-01, 6.33113e-01]
55000 [2.47148e+00, 2.20729e-01, 8.35375e-01, 4.80317e-01, 3.91098e-01, 1.91158e-01, 6.36020e-01]
55500 [2.45835e+00, 2.20688e-01, 8.34321e-01, 4.80128e-01, 3.90657e-01, 1.90363e-01, 6.36260e-01]
56000 [2.45163e+00, 2.20593e-01, 8.33328e-01, 4.81767e-01, 3.90383e-01, 1.91065e-01, 6.38040e-01]
56500 [2.48209e+00, 2.25090e-01, 8.33176e-01, 4.99923e-01, 3.91058e-01, 1.94259e-01, 6.37776e-01]
57000 [2.49028e+00, 2.21316e-01, 8.32282e-01, 4.86710e-01, 3.90466e-01, 1.92513e-01, 6.41067e-01]
57500 [2.48871e+00, 2.18824e-01, 8.31000e-01, 4.82103e-01, 3.89908e-01, 1.90744e-01, 6.42206e-01]
58000 [2.47385e+00, 2.17663e-01, 8.30192e-01, 4.80307e-01, 3.89829e-01, 1.89673e-01, 6.42184e-01]
58500 [2.46499e+00, 2.17772e-01, 8.28653e-01, 4.81541e-01, 3.89506e-01, 1.90253e-01, 6.43038e-01]
59000 [2.46511e+00, 2.18081e-01, 8.27181e-01, 4.84946e-01, 3.89040e-01, 1.91414e-01, 6.42734e-01]
59500 [2.45466e+00, 2.19452e-01, 8.27210e-01, 4.77012e-01, 3.89233e-01, 1.89035e-01, 6.40717e-01]
60000 [2.44999e+00, 2.18820e-01, 8.26090e-01, 4.77776e-01, 3.88917e-01, 1.89730e-01, 6.40706e-01]
60500 [2.45009e+00, 2.20267e-01, 8.25983e-01, 4.76080e-01, 3.89438e-01, 1.89036e-01, 6.41166e-01]
61000 [2.43766e+00, 2.20223e-01, 8.25285e-01, 4.75624e-01, 3.89099e-01, 1.88959e-01, 6.39947e-01]
61500 [2.43807e+00, 2.18953e-01, 8.25674e-01, 4.76532e-01, 3.89757e-01, 1.89495e-01, 6.42910e-01]
62000 [2.46222e+00, 2.18708e-01, 8.24650e-01, 4.83777e-01, 3.89001e-01, 1.91035e-01, 6.36735e-01]
62500 [2.47203e+00, 2.16980e-01, 8.23503e-01, 4.82297e-01, 3.88575e-01, 1.89923e-01, 6.38221e-01]
63000 [2.47373e+00, 2.15956e-01, 8.22252e-01, 4.82068e-01, 3.88332e-01, 1.89607e-01, 6.39419e-01]
63500 [2.47607e+00, 2.15632e-01, 8.20974e-01, 4.84651e-01, 3.88050e-01, 1.90417e-01, 6.40332e-01]
64000 [2.47799e+00, 2.16197e-01, 8.20029e-01, 4.85111e-01, 3.87924e-01, 1.90812e-01, 6.40822e-01]
64500 [2.48886e+00, 2.17090e-01, 8.19348e-01, 4.80809e-01, 3.88618e-01, 1.90200e-01, 6.42392e-01]
65000 [2.49287e+00, 2.15368e-01, 8.18152e-01, 4.89009e-01, 3.88055e-01, 1.91410e-01, 6.43889e-01]
65500 [2.49042e+00, 2.16222e-01, 8.17593e-01, 4.89449e-01, 3.87911e-01, 1.91798e-01, 6.44921e-01]
66000 [2.49208e+00, 2.17111e-01, 8.17124e-01, 4.91371e-01, 3.87747e-01, 1.92808e-01, 6.45711e-01]
66500 [2.50123e+00, 2.15984e-01, 8.17016e-01, 4.84458e-01, 3.88062e-01, 1.94031e-01, 6.49781e-01]
67000 [2.50605e+00, 2.17786e-01, 8.17128e-01, 4.85030e-01, 3.88451e-01, 1.89977e-01, 6.53564e-01]
67500 [2.50366e+00, 2.18756e-01, 8.16782e-01, 4.84089e-01, 3.88157e-01, 1.90361e-01, 6.56717e-01]
68000 [2.50408e+00, 2.19281e-01, 8.17075e-01, 4.90490e-01, 3.88196e-01, 1.92289e-01, 6.60715e-01]
68500 [2.51924e+00, 2.19694e-01, 8.17185e-01, 4.95109e-01, 3.88170e-01, 1.93964e-01, 6.66296e-01]
69000 [2.53389e+00, 2.20893e-01, 8.17515e-01, 4.96082e-01, 3.88269e-01, 1.95070e-01, 6.70731e-01]
69500 [2.55488e+00, 2.22809e-01, 8.18929e-01, 4.91370e-01, 3.89759e-01, 1.92987e-01, 6.77432e-01]
70000 [2.57226e+00, 2.21456e-01, 8.18304e-01, 4.88163e-01, 3.89125e-01, 1.91251e-01, 6.78935e-01]
70500 [2.58003e+00, 2.22830e-01, 8.21059e-01, 4.94468e-01, 3.92739e-01, 1.93019e-01, 6.74152e-01]
71000 [2.57482e+00, 2.23512e-01, 8.20942e-01, 4.87735e-01, 3.92410e-01, 1.92016e-01, 6.73482e-01]
71500 [2.58553e+00, 2.19904e-01, 8.20574e-01, 5.04255e-01, 3.92255e-01, 1.95588e-01, 6.76329e-01]
72000 [2.61116e+00, 2.17978e-01, 8.19819e-01, 5.11367e-01, 3.91700e-01, 1.97556e-01, 6.78044e-01]
72500 [2.63965e+00, 2.07326e-01, 8.19442e-01, 5.04113e-01, 3.91723e-01, 1.98424e-01, 6.81429e-01]
73000 [2.65979e+00, 2.03021e-01, 8.19358e-01, 4.94903e-01, 3.91915e-01, 1.95067e-01, 6.83191e-01]
73500 [2.66145e+00, 2.00357e-01, 8.18891e-01, 4.88158e-01, 3.91946e-01, 1.92711e-01, 6.82989e-01]
74000 [2.65318e+00, 1.98319e-01, 8.18227e-01, 4.83082e-01, 3.91963e-01, 1.90805e-01, 6.82138e-01]
74500 [2.67545e+00, 2.19510e-01, 8.14481e-01, 5.01785e-01, 3.90226e-01, 2.00659e-01, 6.92913e-01]
75000 [2.62540e+00, 2.23579e-01, 8.14476e-01, 4.98169e-01, 3.89837e-01, 1.96454e-01, 6.92107e-01]
75500 [2.59556e+00, 2.23855e-01, 8.14934e-01, 4.98073e-01, 3.89751e-01, 1.95979e-01, 6.91047e-01]
76000 [2.58070e+00, 2.22651e-01, 8.15911e-01, 4.99485e-01, 3.90511e-01, 1.97074e-01, 6.87700e-01]
76500 [2.55735e+00, 2.24112e-01, 8.15927e-01, 4.91421e-01, 3.90061e-01, 1.94345e-01, 6.86577e-01]
77000 [2.53728e+00, 2.23192e-01, 8.15983e-01, 4.90832e-01, 3.89752e-01, 1.93606e-01, 6.84710e-01]
77500 [2.52863e+00, 2.21541e-01, 8.15787e-01, 4.93418e-01, 3.89243e-01, 1.94064e-01, 6.82275e-01]
78000 [2.53724e+00, 2.20406e-01, 8.16308e-01, 4.91958e-01, 3.90072e-01, 1.96187e-01, 6.81909e-01]
78500 [2.53060e+00, 2.19959e-01, 8.16064e-01, 4.93201e-01, 3.89776e-01, 1.93553e-01, 6.82942e-01]
79000 [2.53054e+00, 2.18959e-01, 8.15643e-01, 4.92972e-01, 3.89384e-01, 1.93491e-01, 6.82590e-01]
79500 [2.58407e+00, 2.05064e-01, 8.15093e-01, 5.04598e-01, 3.89083e-01, 1.98246e-01, 6.84196e-01]
80000 [2.62529e+00, 1.98428e-01, 8.14553e-01, 4.92118e-01, 3.89054e-01, 1.93539e-01, 6.87095e-01]
80500 [2.63288e+00, 1.95429e-01, 8.13640e-01, 4.86336e-01, 3.89172e-01, 1.91180e-01, 6.89271e-01]
81000 [2.62414e+00, 1.93704e-01, 8.12472e-01, 4.82491e-01, 3.89436e-01, 1.89954e-01, 6.91141e-01]
81500 [2.60815e+00, 1.94003e-01, 8.11286e-01, 4.73526e-01, 3.89549e-01, 1.86562e-01, 6.91926e-01]
82000 [2.59352e+00, 1.92603e-01, 8.09695e-01, 4.69962e-01, 3.89505e-01, 1.85320e-01, 6.93020e-01]
82500 [2.57885e+00, 1.91245e-01, 8.07955e-01, 4.67439e-01, 3.89454e-01, 1.84278e-01, 6.92987e-01]
83000 [2.56454e+00, 1.90060e-01, 8.06036e-01, 4.64956e-01, 3.89341e-01, 1.83163e-01, 6.93262e-01]
83500 [2.55148e+00, 1.89226e-01, 8.04122e-01, 4.63235e-01, 3.89341e-01, 1.82494e-01, 6.92647e-01]
84000 [2.53318e+00, 1.97322e-01, 8.03388e-01, 4.61695e-01, 3.90457e-01, 1.83001e-01, 6.91172e-01]
84500 [2.47527e+00, 2.06018e-01, 8.01845e-01, 4.55949e-01, 3.89915e-01, 1.80052e-01, 6.88022e-01]
85000 [2.45863e+00, 2.09027e-01, 8.00696e-01, 4.69158e-01, 3.89605e-01, 1.83141e-01, 6.91207e-01]
85500 [2.44038e+00, 2.10834e-01, 8.00471e-01, 4.72607e-01, 3.89387e-01, 1.85824e-01, 6.88175e-01]
86000 [2.43986e+00, 2.10816e-01, 7.99989e-01, 4.74169e-01, 3.88990e-01, 1.86281e-01, 6.90359e-01]
86500 [2.44944e+00, 2.10932e-01, 7.99423e-01, 4.76314e-01, 3.88740e-01, 1.87235e-01, 6.93445e-01]
87000 [2.46308e+00, 2.11126e-01, 7.98852e-01, 4.80894e-01, 3.88374e-01, 1.88483e-01, 6.96133e-01]
87500 [2.51043e+00, 2.01074e-01, 8.00752e-01, 4.87274e-01, 3.90143e-01, 1.91969e-01, 7.06135e-01]
88000 [2.53534e+00, 1.95810e-01, 8.00358e-01, 4.74266e-01, 3.89763e-01, 1.87482e-01, 7.06886e-01]
88500 [2.54215e+00, 1.92325e-01, 7.99400e-01, 4.65682e-01, 3.89343e-01, 1.83800e-01, 7.07778e-01]
89000 [2.53600e+00, 1.90712e-01, 7.97966e-01, 4.61640e-01, 3.89116e-01, 1.81877e-01, 7.10054e-01]
89500 [2.52813e+00, 1.90228e-01, 7.96329e-01, 4.60460e-01, 3.89195e-01, 1.81129e-01, 7.13777e-01]
90000 [2.51935e+00, 1.89243e-01, 7.94518e-01, 4.58032e-01, 3.89033e-01, 1.80197e-01, 7.16706e-01]
90500 [2.50975e+00, 1.88393e-01, 7.92707e-01, 4.56148e-01, 3.88921e-01, 1.79499e-01, 7.19529e-01]
91000 [2.50089e+00, 1.87661e-01, 7.90767e-01, 4.54357e-01, 3.88693e-01, 1.78960e-01, 7.21552e-01]
91500 [2.49220e+00, 1.87282e-01, 7.88940e-01, 4.53391e-01, 3.88630e-01, 1.78450e-01, 7.23430e-01]
92000 [2.48397e+00, 1.86718e-01, 7.87113e-01, 4.52090e-01, 3.88506e-01, 1.77903e-01, 7.25027e-01]
92500 [2.47315e+00, 1.86195e-01, 7.85440e-01, 4.50802e-01, 3.88490e-01, 1.77113e-01, 7.26812e-01]
93000 [2.46707e+00, 1.85505e-01, 7.83507e-01, 4.49052e-01, 3.88180e-01, 1.76732e-01, 7.26330e-01]
93500 [2.45966e+00, 1.85369e-01, 7.81642e-01, 4.48667e-01, 3.88129e-01, 1.76144e-01, 7.24678e-01]
94000 [2.45591e+00, 1.86218e-01, 7.80659e-01, 4.47650e-01, 3.89277e-01, 1.77037e-01, 7.27173e-01]
94500 [2.46084e+00, 1.85537e-01, 7.80382e-01, 4.53503e-01, 3.89776e-01, 1.78566e-01, 7.28530e-01]
95000 [2.46611e+00, 1.84376e-01, 7.79348e-01, 4.52527e-01, 3.89410e-01, 1.78212e-01, 7.28858e-01]
95500 [2.46780e+00, 1.88950e-01, 7.78606e-01, 4.60081e-01, 3.88522e-01, 1.80424e-01, 7.24898e-01]
96000 [2.48473e+00, 1.86211e-01, 7.77221e-01, 4.57907e-01, 3.87984e-01, 1.80034e-01, 7.26847e-01]
96500 [2.48717e+00, 1.85059e-01, 7.75866e-01, 4.55871e-01, 3.87872e-01, 1.79217e-01, 7.28928e-01]
97000 [2.48479e+00, 1.84477e-01, 7.74399e-01, 4.55012e-01, 3.87630e-01, 1.78918e-01, 7.30641e-01]
97500 [2.48181e+00, 1.84102e-01, 7.72981e-01, 4.54877e-01, 3.87452e-01, 1.78829e-01, 7.31989e-01]
98000 [2.47841e+00, 1.83832e-01, 7.71540e-01, 4.54521e-01, 3.87272e-01, 1.78638e-01, 7.32627e-01]
98500 [2.47213e+00, 1.84320e-01, 7.70434e-01, 4.51134e-01, 3.87460e-01, 1.77749e-01, 7.32065e-01]
99000 [2.46470e+00, 1.83477e-01, 7.69173e-01, 4.49776e-01, 3.87274e-01, 1.77055e-01, 7.33591e-01]
99500 [2.45533e+00, 1.83797e-01, 7.68118e-01, 4.44708e-01, 3.87383e-01, 1.75044e-01, 7.32289e-01]
100000 [2.44445e+00, 1.83713e-01, 7.66835e-01, 4.44147e-01, 3.87113e-01, 1.74857e-01, 7.31812e-01]
100500 [2.45157e+00, 1.85924e-01, 7.67038e-01, 4.51883e-01, 3.86515e-01, 1.77222e-01, 7.27513e-01]
101000 [2.44315e+00, 1.85050e-01, 7.66273e-01, 4.42525e-01, 3.86447e-01, 1.74414e-01, 7.27926e-01]
101500 [2.43099e+00, 1.84624e-01, 7.65121e-01, 4.45259e-01, 3.86330e-01, 1.75182e-01, 7.27338e-01]
102000 [2.42126e+00, 1.83157e-01, 7.63983e-01, 4.44047e-01, 3.86197e-01, 1.74686e-01, 7.28700e-01]
102500 [2.42379e+00, 1.82175e-01, 7.62596e-01, 4.43959e-01, 3.85877e-01, 1.74708e-01, 7.26584e-01]
103000 [2.42352e+00, 1.81793e-01, 7.61202e-01, 4.43248e-01, 3.85647e-01, 1.74424e-01, 7.23934e-01]
103500 [2.42243e+00, 1.81634e-01, 7.59874e-01, 4.42710e-01, 3.85462e-01, 1.74206e-01, 7.22200e-01]
104000 [2.42080e+00, 1.81346e-01, 7.58515e-01, 4.42361e-01, 3.85225e-01, 1.74065e-01, 7.21130e-01]
104500 [2.41942e+00, 1.81096e-01, 7.57202e-01, 4.42006e-01, 3.85032e-01, 1.74033e-01, 7.22004e-01]
105000 [2.41827e+00, 1.80849e-01, 7.55860e-01, 4.41932e-01, 3.84762e-01, 1.73795e-01, 7.26428e-01]
105500 [2.41508e+00, 1.80903e-01, 7.54571e-01, 4.39849e-01, 3.84588e-01, 1.73440e-01, 7.33890e-01]
106000 [2.41207e+00, 1.80762e-01, 7.53342e-01, 4.41454e-01, 3.84317e-01, 1.73639e-01, 7.36111e-01]
106500 [2.38047e+00, 1.88113e-01, 7.54216e-01, 4.31036e-01, 3.85275e-01, 1.71772e-01, 7.38276e-01]
107000 [2.31901e+00, 1.96130e-01, 7.54530e-01, 4.34163e-01, 3.84675e-01, 1.70631e-01, 7.36922e-01]
107500 [2.30134e+00, 1.97184e-01, 7.54195e-01, 4.41375e-01, 3.84007e-01, 1.73783e-01, 7.36441e-01]
108000 [2.29413e+00, 1.99341e-01, 7.53555e-01, 4.42880e-01, 3.83532e-01, 1.74742e-01, 7.35293e-01]
108500 [2.29474e+00, 2.00789e-01, 7.53439e-01, 4.41600e-01, 3.82766e-01, 1.74982e-01, 7.31429e-01]
109000 [2.28629e+00, 2.02293e-01, 7.53034e-01, 4.44057e-01, 3.82371e-01, 1.75227e-01, 7.25968e-01]
109500 [2.29000e+00, 2.03292e-01, 7.52987e-01, 4.46700e-01, 3.81887e-01, 1.76251e-01, 7.18830e-01]
110000 [2.30023e+00, 2.04466e-01, 7.53135e-01, 4.49691e-01, 3.81492e-01, 1.77445e-01, 7.13964e-01]
110500 [2.31406e+00, 2.05412e-01, 7.53397e-01, 4.52273e-01, 3.81005e-01, 1.78423e-01, 7.10202e-01]
111000 [2.32871e+00, 2.06356e-01, 7.54061e-01, 4.54711e-01, 3.80703e-01, 1.79280e-01, 7.07436e-01]
111500 [2.34326e+00, 2.07020e-01, 7.54822e-01, 4.57566e-01, 3.80342e-01, 1.80161e-01, 7.06228e-01]
112000 [2.35495e+00, 2.07667e-01, 7.55767e-01, 4.58554e-01, 3.79903e-01, 1.80681e-01, 7.05901e-01]
112500 [2.37604e+00, 2.08517e-01, 7.57969e-01, 4.65625e-01, 3.81327e-01, 1.81458e-01, 7.09879e-01]
113000 [2.37662e+00, 2.08492e-01, 7.58937e-01, 4.61174e-01, 3.81312e-01, 1.81175e-01, 7.06459e-01]
113500 [2.38059e+00, 2.08668e-01, 7.59428e-01, 4.61338e-01, 3.81160e-01, 1.81318e-01, 7.08278e-01]
114000 [2.38556e+00, 2.08977e-01, 7.60132e-01, 4.62576e-01, 3.80897e-01, 1.81769e-01, 7.11239e-01]
114500 [2.37277e+00, 2.10714e-01, 7.61061e-01, 4.59227e-01, 3.80747e-01, 1.81542e-01, 7.08957e-01]
115000 [2.38224e+00, 2.07726e-01, 7.62150e-01, 4.58664e-01, 3.80901e-01, 1.80953e-01, 7.11241e-01]
115500 [2.38789e+00, 2.07085e-01, 7.62520e-01, 4.61588e-01, 3.80359e-01, 1.81168e-01, 7.14442e-01]
116000 [2.38610e+00, 2.07608e-01, 7.63408e-01, 4.55077e-01, 3.80552e-01, 1.80253e-01, 7.16539e-01]
116500 [2.38142e+00, 2.08951e-01, 7.64017e-01, 4.57286e-01, 3.80299e-01, 1.80625e-01, 7.17939e-01]
117000 [2.38165e+00, 2.10389e-01, 7.64872e-01, 4.59500e-01, 3.80306e-01, 1.81595e-01, 7.17869e-01]
117500 [2.39034e+00, 2.11605e-01, 7.65824e-01, 4.63453e-01, 3.80436e-01, 1.83415e-01, 7.16422e-01]
118000 [2.41065e+00, 2.12660e-01, 7.68167e-01, 4.73722e-01, 3.81709e-01, 1.85148e-01, 7.19854e-01]
118500 [2.42874e+00, 2.11241e-01, 7.68232e-01, 4.74690e-01, 3.81180e-01, 1.85752e-01, 7.22565e-01]
119000 [2.44819e+00, 2.09520e-01, 7.68231e-01, 4.75574e-01, 3.80528e-01, 1.86135e-01, 7.23827e-01]
119500 [2.40223e+00, 2.11406e-01, 7.70467e-01, 4.56035e-01, 3.80988e-01, 1.80820e-01, 7.15857e-01]
120000 [2.37617e+00, 2.12624e-01, 7.71341e-01, 4.62158e-01, 3.80786e-01, 1.83029e-01, 7.10976e-01]
120500 [2.38046e+00, 2.12574e-01, 7.72082e-01, 4.66352e-01, 3.80935e-01, 1.84101e-01, 7.10790e-01]
121000 [2.38820e+00, 2.13516e-01, 7.73212e-01, 4.65412e-01, 3.80967e-01, 1.84502e-01, 7.09104e-01]
121500 [2.40963e+00, 2.14850e-01, 7.76152e-01, 4.79994e-01, 3.84429e-01, 1.87181e-01, 7.09908e-01]
122000 [2.42426e+00, 2.13496e-01, 7.76419e-01, 4.75668e-01, 3.84005e-01, 1.87061e-01, 7.13982e-01]
122500 [2.43764e+00, 2.12348e-01, 7.76537e-01, 4.74827e-01, 3.83573e-01, 1.86432e-01, 7.16323e-01]
123000 [2.44121e+00, 2.13432e-01, 7.76979e-01, 4.66757e-01, 3.83176e-01, 1.84470e-01, 7.12196e-01]
123500 [2.42944e+00, 2.13177e-01, 7.77276e-01, 4.68276e-01, 3.82647e-01, 1.84344e-01, 7.07705e-01]
124000 [2.42515e+00, 2.12359e-01, 7.77703e-01, 4.68584e-01, 3.82248e-01, 1.84330e-01, 7.03201e-01]
124500 [2.42609e+00, 2.11415e-01, 7.77930e-01, 4.69005e-01, 3.81859e-01, 1.84210e-01, 6.98725e-01]
125000 [2.43433e+00, 2.10290e-01, 7.77941e-01, 4.71072e-01, 3.81609e-01, 1.84328e-01, 6.97291e-01]
125500 [2.42609e+00, 2.10337e-01, 7.80852e-01, 4.61236e-01, 3.83219e-01, 1.82702e-01, 6.96968e-01]
126000 [2.41478e+00, 2.10866e-01, 7.80939e-01, 4.61592e-01, 3.82924e-01, 1.82650e-01, 6.93843e-01]
126500 [2.41318e+00, 2.11400e-01, 7.81097e-01, 4.66282e-01, 3.82526e-01, 1.83865e-01, 6.90814e-01]
127000 [2.42412e+00, 2.12250e-01, 7.81563e-01, 4.71891e-01, 3.82294e-01, 1.85568e-01, 6.88731e-01]
127500 [2.44062e+00, 2.13299e-01, 7.82379e-01, 4.75945e-01, 3.82112e-01, 1.87010e-01, 6.88652e-01]
128000 [2.48856e+00, 2.06799e-01, 7.83641e-01, 4.94090e-01, 3.84140e-01, 1.94931e-01, 6.87685e-01]
128500 [2.53594e+00, 2.01138e-01, 7.83236e-01, 4.82937e-01, 3.83485e-01, 1.91018e-01, 6.90474e-01]
129000 [2.55868e+00, 1.96652e-01, 7.82903e-01, 4.74603e-01, 3.82961e-01, 1.87576e-01, 6.91461e-01]
129500 [2.55694e+00, 1.93620e-01, 7.82335e-01, 4.69379e-01, 3.82600e-01, 1.85295e-01, 6.90273e-01]
130000 [2.54395e+00, 1.91896e-01, 7.81779e-01, 4.67041e-01, 3.82401e-01, 1.84404e-01, 6.87024e-01]
130500 [2.52434e+00, 1.91595e-01, 7.81381e-01, 4.60630e-01, 3.82593e-01, 1.81814e-01, 6.84878e-01]
131000 [2.50960e+00, 1.88783e-01, 7.80678e-01, 4.59035e-01, 3.82292e-01, 1.80931e-01, 6.84603e-01]
131500 [2.49499e+00, 1.88096e-01, 7.79530e-01, 4.55989e-01, 3.82336e-01, 1.79475e-01, 6.82303e-01]
132000 [2.48931e+00, 1.87005e-01, 7.78318e-01, 4.55110e-01, 3.82178e-01, 1.79580e-01, 6.80742e-01]
132500 [2.48456e+00, 1.86548e-01, 7.76815e-01, 4.54009e-01, 3.81991e-01, 1.78954e-01, 6.81007e-01]
133000 [2.48049e+00, 1.85604e-01, 7.75440e-01, 4.52408e-01, 3.81923e-01, 1.78305e-01, 6.80989e-01]
133500 [2.47479e+00, 1.84837e-01, 7.74001e-01, 4.50919e-01, 3.81809e-01, 1.77668e-01, 6.81679e-01]
134000 [2.47046e+00, 1.87951e-01, 7.73312e-01, 4.53664e-01, 3.82852e-01, 1.78795e-01, 6.97016e-01]
134500 [2.46719e+00, 1.88363e-01, 7.73408e-01, 4.54053e-01, 3.82288e-01, 1.78421e-01, 6.89095e-01]
135000 [2.46485e+00, 1.88766e-01, 7.72614e-01, 4.51490e-01, 3.81795e-01, 1.78389e-01, 6.91756e-01]
135500 [2.46349e+00, 1.86969e-01, 7.71522e-01, 4.53559e-01, 3.81507e-01, 1.78982e-01, 6.92271e-01]
136000 [2.46479e+00, 1.86324e-01, 7.70417e-01, 4.53285e-01, 3.81143e-01, 1.78480e-01, 6.95261e-01]
136500 [2.47091e+00, 1.85147e-01, 7.69077e-01, 4.54144e-01, 3.80785e-01, 1.78476e-01, 6.98647e-01]
137000 [2.46345e+00, 1.85555e-01, 7.68144e-01, 4.45121e-01, 3.81505e-01, 1.75948e-01, 7.02824e-01]
137500 [2.45833e+00, 1.83921e-01, 7.67061e-01, 4.48824e-01, 3.81056e-01, 1.76241e-01, 7.04827e-01]
138000 [2.46003e+00, 1.82939e-01, 7.65514e-01, 4.50233e-01, 3.80613e-01, 1.76601e-01, 7.08725e-01]
138500 [2.46076e+00, 1.82522e-01, 7.63976e-01, 4.50675e-01, 3.80400e-01, 1.76857e-01, 7.12822e-01]
139000 [2.45126e+00, 1.83156e-01, 7.62764e-01, 4.44316e-01, 3.80333e-01, 1.74880e-01, 7.17629e-01]
139500 [2.44957e+00, 1.82159e-01, 7.61344e-01, 4.47500e-01, 3.79973e-01, 1.75685e-01, 7.21814e-01]
140000 [2.45438e+00, 1.82470e-01, 7.60966e-01, 4.50324e-01, 3.79760e-01, 1.76563e-01, 7.25525e-01]
140500 [2.44341e+00, 1.81973e-01, 7.60665e-01, 4.44979e-01, 3.79983e-01, 1.74506e-01, 7.27746e-01]
141000 [2.34744e+00, 1.93421e-01, 7.60977e-01, 4.29289e-01, 3.80183e-01, 1.69502e-01, 7.20948e-01]
141500 [2.30093e+00, 1.96188e-01, 7.59551e-01, 4.39949e-01, 3.79959e-01, 1.72634e-01, 7.25639e-01]
142000 [2.29530e+00, 1.97349e-01, 7.58240e-01, 4.44477e-01, 3.79698e-01, 1.74119e-01, 7.27607e-01]
142500 [2.28769e+00, 2.00947e-01, 7.60285e-01, 4.40654e-01, 3.79814e-01, 1.73225e-01, 7.24966e-01]
143000 [2.27943e+00, 2.01430e-01, 7.59413e-01, 4.42516e-01, 3.79334e-01, 1.74226e-01, 7.25050e-01]
143500 [2.27948e+00, 2.01962e-01, 7.58674e-01, 4.44118e-01, 3.79072e-01, 1.75187e-01, 7.25414e-01]
144000 [2.27766e+00, 2.03706e-01, 7.60315e-01, 4.51374e-01, 3.81255e-01, 1.77193e-01, 7.20551e-01]
144500 [2.27460e+00, 2.06132e-01, 7.60604e-01, 4.49443e-01, 3.80821e-01, 1.77444e-01, 7.14946e-01]
145000 [2.28117e+00, 2.06280e-01, 7.60595e-01, 4.50271e-01, 3.80425e-01, 1.78302e-01, 7.11497e-01]
145500 [2.28964e+00, 2.06693e-01, 7.60613e-01, 4.51285e-01, 3.79991e-01, 1.78777e-01, 7.08935e-01]
146000 [2.29980e+00, 2.07180e-01, 7.60705e-01, 4.52996e-01, 3.79533e-01, 1.79413e-01, 7.06790e-01]
146500 [2.31014e+00, 2.07584e-01, 7.60940e-01, 4.54974e-01, 3.79223e-01, 1.80023e-01, 7.04806e-01]
147000 [2.31879e+00, 2.07780e-01, 7.61334e-01, 4.55703e-01, 3.78988e-01, 1.80154e-01, 7.03558e-01]
147500 [2.32320e+00, 2.07733e-01, 7.61730e-01, 4.56051e-01, 3.78806e-01, 1.79974e-01, 7.02869e-01]
148000 [2.33491e+00, 2.09715e-01, 7.63172e-01, 4.74368e-01, 3.79606e-01, 1.81460e-01, 7.03314e-01]
148500 [2.34187e+00, 2.08642e-01, 7.63417e-01, 4.60750e-01, 3.78982e-01, 1.81382e-01, 7.00262e-01]
149000 [2.34257e+00, 2.07766e-01, 7.63683e-01, 4.58928e-01, 3.78458e-01, 1.80593e-01, 6.99658e-01]
149500 [2.34268e+00, 2.07512e-01, 7.63911e-01, 4.58051e-01, 3.78058e-01, 1.80283e-01, 6.99440e-01]
150000 [2.34599e+00, 2.07598e-01, 7.64000e-01, 4.56588e-01, 3.77717e-01, 1.80221e-01, 7.00058e-01]
150500 [2.35087e+00, 2.07730e-01, 7.64313e-01, 4.58551e-01, 3.77376e-01, 1.80613e-01, 7.01240e-01]
151000 [2.35588e+00, 2.08192e-01, 7.65877e-01, 4.58831e-01, 3.77461e-01, 1.80796e-01, 7.02657e-01]
151500 [2.35818e+00, 2.07725e-01, 7.65968e-01, 4.58480e-01, 3.76995e-01, 1.80737e-01, 7.04165e-01]
152000 [2.35938e+00, 2.08545e-01, 7.66248e-01, 4.58483e-01, 3.76800e-01, 1.80917e-01, 7.05418e-01]
152500 [2.37216e+00, 2.09772e-01, 7.67633e-01, 4.64057e-01, 3.78403e-01, 1.80833e-01, 7.11740e-01]
153000 [2.38052e+00, 2.08781e-01, 7.68422e-01, 4.64262e-01, 3.78631e-01, 1.81440e-01, 7.16989e-01]
153500 [2.38251e+00, 2.08456e-01, 7.67894e-01, 4.64979e-01, 3.78223e-01, 1.82927e-01, 7.17381e-01]
154000 [2.37958e+00, 2.08302e-01, 7.68520e-01, 4.64161e-01, 3.77784e-01, 1.83245e-01, 7.16281e-01]
154500 [2.36280e+00, 2.08682e-01, 7.70562e-01, 4.54243e-01, 3.77791e-01, 1.80465e-01, 7.15729e-01]
155000 [2.34311e+00, 2.09541e-01, 7.71239e-01, 4.54292e-01, 3.77694e-01, 1.80173e-01, 7.15610e-01]
155500 [2.36659e+00, 2.10069e-01, 7.71878e-01, 4.66236e-01, 3.79026e-01, 1.82761e-01, 7.17940e-01]
156000 [2.37923e+00, 2.09180e-01, 7.71696e-01, 4.64126e-01, 3.78574e-01, 1.82379e-01, 7.19104e-01]
156500 [2.38892e+00, 2.08435e-01, 7.71196e-01, 4.63561e-01, 3.78090e-01, 1.82030e-01, 7.19987e-01]
157000 [2.39694e+00, 2.07835e-01, 7.72013e-01, 4.67740e-01, 3.77959e-01, 1.83928e-01, 7.18312e-01]
157500 [2.38635e+00, 2.08405e-01, 7.71969e-01, 4.62689e-01, 3.77515e-01, 1.81816e-01, 7.18700e-01]
158000 [2.38011e+00, 2.08330e-01, 7.71813e-01, 4.57783e-01, 3.77206e-01, 1.80717e-01, 7.17380e-01]
158500 [2.37159e+00, 2.08151e-01, 7.71696e-01, 4.57978e-01, 3.76910e-01, 1.80655e-01, 7.17230e-01]
159000 [2.36631e+00, 2.07946e-01, 7.71541e-01, 4.58633e-01, 3.76607e-01, 1.80698e-01, 7.16598e-01]
159500 [2.36359e+00, 2.07786e-01, 7.71374e-01, 4.59551e-01, 3.76350e-01, 1.80902e-01, 7.16030e-01]
160000 [2.36216e+00, 2.07624e-01, 7.71197e-01, 4.60524e-01, 3.76024e-01, 1.81071e-01, 7.15787e-01]
160500 [2.35491e+00, 2.09429e-01, 7.73196e-01, 4.47783e-01, 3.77606e-01, 1.77818e-01, 7.12529e-01]
161000 [2.35588e+00, 2.09301e-01, 7.72472e-01, 4.56408e-01, 3.77077e-01, 1.79356e-01, 7.12441e-01]
161500 [2.36148e+00, 2.09227e-01, 7.71748e-01, 4.58877e-01, 3.76441e-01, 1.80404e-01, 7.10310e-01]
162000 [2.35887e+00, 2.09118e-01, 7.72291e-01, 4.65677e-01, 3.76288e-01, 1.82849e-01, 7.06197e-01]
162500 [2.36748e+00, 2.08946e-01, 7.72547e-01, 4.66090e-01, 3.76168e-01, 1.83105e-01, 7.04259e-01]
163000 [2.37485e+00, 2.08729e-01, 7.72785e-01, 4.67121e-01, 3.76022e-01, 1.83613e-01, 7.01852e-01]
163500 [2.37956e+00, 2.08475e-01, 7.72879e-01, 4.68288e-01, 3.75802e-01, 1.83815e-01, 6.97877e-01]
164000 [2.38303e+00, 2.08363e-01, 7.72966e-01, 4.69380e-01, 3.75640e-01, 1.84183e-01, 6.93221e-01]
164500 [2.38612e+00, 2.08392e-01, 7.72979e-01, 4.70679e-01, 3.75506e-01, 1.84541e-01, 6.88433e-01]
165000 [2.39014e+00, 2.08465e-01, 7.72995e-01, 4.71711e-01, 3.75330e-01, 1.84976e-01, 6.83779e-01]
165500 [2.39126e+00, 2.08817e-01, 7.73212e-01, 4.65705e-01, 3.75422e-01, 1.83476e-01, 6.80532e-01]
166000 [2.39549e+00, 2.08464e-01, 7.73101e-01, 4.67271e-01, 3.74941e-01, 1.83156e-01, 6.79902e-01]
166500 [2.40181e+00, 2.07531e-01, 7.73078e-01, 4.67019e-01, 3.74842e-01, 1.83536e-01, 6.79978e-01]
167000 [2.40429e+00, 2.08119e-01, 7.72824e-01, 4.68002e-01, 3.74471e-01, 1.83373e-01, 6.78448e-01]
167500 [2.40750e+00, 2.08636e-01, 7.72714e-01, 4.68810e-01, 3.74173e-01, 1.83861e-01, 6.76238e-01]
168000 [2.40894e+00, 2.09245e-01, 7.72843e-01, 4.68875e-01, 3.74041e-01, 1.84215e-01, 6.74210e-01]
168500 [2.40597e+00, 2.09813e-01, 7.73192e-01, 4.67914e-01, 3.73991e-01, 1.84043e-01, 6.73665e-01]
169000 [2.40358e+00, 2.11339e-01, 7.73825e-01, 4.68834e-01, 3.73969e-01, 1.85048e-01, 6.73056e-01]
169500 [2.41389e+00, 2.12097e-01, 7.74524e-01, 4.71822e-01, 3.73899e-01, 1.86176e-01, 6.70043e-01]
170000 [2.42805e+00, 2.12625e-01, 7.75386e-01, 4.74814e-01, 3.73767e-01, 1.86771e-01, 6.68815e-01]
170500 [2.44447e+00, 2.13770e-01, 7.76419e-01, 4.78626e-01, 3.73739e-01, 1.88260e-01, 6.70859e-01]
171000 [2.47379e+00, 2.13545e-01, 7.78101e-01, 4.87047e-01, 3.75431e-01, 1.90926e-01, 6.88181e-01]
171500 [2.46865e+00, 2.15179e-01, 7.78223e-01, 4.75727e-01, 3.75235e-01, 1.88480e-01, 6.89854e-01]
172000 [2.46600e+00, 2.16031e-01, 7.78696e-01, 4.76822e-01, 3.75030e-01, 1.88253e-01, 6.92396e-01]
172500 [2.50424e+00, 2.11437e-01, 7.80981e-01, 4.78319e-01, 3.75036e-01, 1.87951e-01, 7.00388e-01]
173000 [2.51166e+00, 2.10721e-01, 7.80569e-01, 4.81851e-01, 3.74609e-01, 1.87483e-01, 7.00963e-01]
173500 [2.52292e+00, 2.10248e-01, 7.80009e-01, 4.85609e-01, 3.74128e-01, 1.88022e-01, 7.02516e-01]
174000 [2.52744e+00, 2.11736e-01, 7.80743e-01, 4.86816e-01, 3.75276e-01, 1.88887e-01, 7.05637e-01]
174500 [2.52763e+00, 2.11933e-01, 7.81067e-01, 4.71556e-01, 3.74970e-01, 1.85591e-01, 7.04904e-01]
175000 [2.50613e+00, 2.11587e-01, 7.81227e-01, 4.75418e-01, 3.74655e-01, 1.86021e-01, 7.03266e-01]
175500 [2.49493e+00, 2.10634e-01, 7.81040e-01, 4.77106e-01, 3.74343e-01, 1.86706e-01, 7.02581e-01]
176000 [2.49348e+00, 2.10202e-01, 7.80701e-01, 4.77640e-01, 3.74068e-01, 1.86445e-01, 7.02082e-01]
176500 [2.49858e+00, 2.09567e-01, 7.80570e-01, 4.78410e-01, 3.73790e-01, 1.86517e-01, 7.02587e-01]
177000 [2.50822e+00, 2.08805e-01, 7.80591e-01, 4.80974e-01, 3.73608e-01, 1.86789e-01, 7.06004e-01]
177500 [2.54497e+00, 2.04820e-01, 7.81454e-01, 5.00461e-01, 3.75725e-01, 1.94996e-01, 7.14546e-01]
178000 [2.58453e+00, 1.99956e-01, 7.81451e-01, 4.89645e-01, 3.75266e-01, 1.93002e-01, 7.16861e-01]
178500 [2.60817e+00, 1.96156e-01, 7.81215e-01, 4.82693e-01, 3.74839e-01, 1.89960e-01, 7.18359e-01]
179000 [2.61774e+00, 1.93188e-01, 7.80692e-01, 4.76688e-01, 3.74412e-01, 1.87322e-01, 7.18901e-01]
179500 [2.60937e+00, 1.92541e-01, 7.80280e-01, 4.70237e-01, 3.74386e-01, 1.85266e-01, 7.16816e-01]
180000 [2.60198e+00, 1.90860e-01, 7.79352e-01, 4.71654e-01, 3.74057e-01, 1.85436e-01, 7.11691e-01]
180500 [2.57573e+00, 1.90433e-01, 7.78715e-01, 4.65590e-01, 3.73998e-01, 1.83462e-01, 7.06228e-01]
181000 [2.56027e+00, 1.88885e-01, 7.77625e-01, 4.65082e-01, 3.73807e-01, 1.82785e-01, 7.05640e-01]
181500 [2.51703e+00, 1.97802e-01, 7.77847e-01, 4.43173e-01, 3.74802e-01, 1.73738e-01, 7.05381e-01]
182000 [2.45725e+00, 2.01610e-01, 7.77590e-01, 4.46605e-01, 3.75282e-01, 1.75625e-01, 7.07790e-01]
182500 [2.41670e+00, 2.03052e-01, 7.76925e-01, 4.53826e-01, 3.74999e-01, 1.77660e-01, 7.06347e-01]
183000 [2.39629e+00, 2.03647e-01, 7.76226e-01, 4.58899e-01, 3.74966e-01, 1.79274e-01, 7.06750e-01]
183500 [2.39219e+00, 2.03572e-01, 7.75680e-01, 4.56699e-01, 3.74958e-01, 1.78860e-01, 7.10002e-01]
184000 [2.39166e+00, 2.05710e-01, 7.75034e-01, 4.42826e-01, 3.75915e-01, 1.77176e-01, 7.14118e-01]
184500 [2.37793e+00, 2.06907e-01, 7.75066e-01, 4.53255e-01, 3.75551e-01, 1.77363e-01, 7.10485e-01]
185000 [2.40110e+00, 2.05610e-01, 7.74209e-01, 4.62578e-01, 3.74914e-01, 1.80280e-01, 7.14272e-01]
185500 [2.41997e+00, 2.04696e-01, 7.73948e-01, 4.61533e-01, 3.74732e-01, 1.81911e-01, 7.21881e-01]
186000 [2.42520e+00, 2.04873e-01, 7.73382e-01, 4.63524e-01, 3.74402e-01, 1.81173e-01, 7.23318e-01]
186500 [2.44324e+00, 2.03041e-01, 7.73535e-01, 4.61677e-01, 3.75264e-01, 1.83039e-01, 7.35675e-01]
187000 [2.45601e+00, 1.96666e-01, 7.73100e-01, 4.71474e-01, 3.74919e-01, 1.85588e-01, 7.33088e-01]
187500 [2.48605e+00, 1.91333e-01, 7.72943e-01, 4.61081e-01, 3.74459e-01, 1.81399e-01, 7.38644e-01]
188000 [2.49353e+00, 1.89039e-01, 7.72639e-01, 4.56143e-01, 3.74455e-01, 1.79562e-01, 7.42335e-01]
188500 [2.49009e+00, 1.87484e-01, 7.71912e-01, 4.52946e-01, 3.74312e-01, 1.78279e-01, 7.46651e-01]
189000 [2.48282e+00, 1.86420e-01, 7.71020e-01, 4.50787e-01, 3.74220e-01, 1.77424e-01, 7.53073e-01]
189500 [2.47454e+00, 1.86369e-01, 7.70015e-01, 4.49689e-01, 3.74321e-01, 1.76992e-01, 7.61013e-01]
190000 [2.46670e+00, 1.85636e-01, 7.68839e-01, 4.48635e-01, 3.74166e-01, 1.76394e-01, 7.70763e-01]
190500 [2.46218e+00, 1.85743e-01, 7.67183e-01, 4.50533e-01, 3.73811e-01, 1.77564e-01, 7.80199e-01]
191000 [2.46370e+00, 1.84654e-01, 7.65800e-01, 4.49429e-01, 3.73612e-01, 1.77187e-01, 7.82260e-01]
191500 [2.45722e+00, 1.83919e-01, 7.64552e-01, 4.47832e-01, 3.73426e-01, 1.76349e-01, 7.75997e-01]
192000 [2.44998e+00, 1.83284e-01, 7.63253e-01, 4.46426e-01, 3.73264e-01, 1.75806e-01, 7.65158e-01]
192500 [2.44231e+00, 1.82806e-01, 7.61843e-01, 4.45439e-01, 3.73100e-01, 1.75382e-01, 7.53062e-01]
193000 [2.43627e+00, 1.82339e-01, 7.60468e-01, 4.44084e-01, 3.72956e-01, 1.74949e-01, 7.43538e-01]
193500 [2.43081e+00, 1.81953e-01, 7.58862e-01, 4.43315e-01, 3.72663e-01, 1.74534e-01, 7.37365e-01]
194000 [2.41794e+00, 1.83861e-01, 7.58671e-01, 4.40329e-01, 3.73484e-01, 1.73738e-01, 7.32092e-01]
194500 [2.41508e+00, 1.82459e-01, 7.57796e-01, 4.41475e-01, 3.73092e-01, 1.73579e-01, 7.36426e-01]
195000 [2.41064e+00, 1.81683e-01, 7.56572e-01, 4.39030e-01, 3.72608e-01, 1.72891e-01, 7.36465e-01]
195500 [2.40062e+00, 1.81323e-01, 7.55268e-01, 4.39069e-01, 3.72451e-01, 1.72474e-01, 7.35101e-01]
196000 [2.40143e+00, 1.80940e-01, 7.53691e-01, 4.36296e-01, 3.72151e-01, 1.72010e-01, 7.34225e-01]
196500 [2.39855e+00, 1.83977e-01, 7.51708e-01, 4.38166e-01, 3.71158e-01, 1.71583e-01, 7.44570e-01]
197000 [2.39747e+00, 1.81902e-01, 7.51569e-01, 4.38213e-01, 3.71085e-01, 1.72122e-01, 7.41660e-01]
197500 [2.39637e+00, 1.80648e-01, 7.51016e-01, 4.36895e-01, 3.70908e-01, 1.71713e-01, 7.40691e-01]
198000 [2.39579e+00, 1.80557e-01, 7.50499e-01, 4.37271e-01, 3.71226e-01, 1.71889e-01, 7.41495e-01]
198500 [2.38467e+00, 1.81980e-01, 7.50229e-01, 4.34867e-01, 3.71789e-01, 1.71215e-01, 7.41335e-01]
199000 [2.38390e+00, 1.81396e-01, 7.49010e-01, 4.36615e-01, 3.71431e-01, 1.71627e-01, 7.39192e-01]
199500 [2.38031e+00, 1.81634e-01, 7.48495e-01, 4.30110e-01, 3.71895e-01, 1.70432e-01, 7.35667e-01]
200000 [2.37356e+00, 1.80307e-01, 7.48065e-01, 4.33795e-01, 3.71714e-01, 1.70273e-01, 7.34541e-01]
